

--------------------------------------------------
--------------------------------------------------

-------------------Tue, 22 Jan 2019 10:09:36 AM EST---------------------

0 ~~~~~~~~~~~~~~~~~~~~~~~~~~~~~~~~~~~~~~~~~~~~~~~~~~~~~~~~~~~~~~~`
dataset: facebook method: Adv-CSL, #attack_edge:10000,T:10,test_ratio: 0.3,gamma:0.0
/network/rit/lab/ceashpc/adil/data/adv_csl/Jan2/random_pgd_csl/facebook/facebook-attackedges-10000-T-10-testratio-0.3-swap_ratio-0.01-gamma-0.0-realization-7-data-X.pkl
#Rule:372936 Nodes:8078 Edges:372936
0 Creating 10 consumers
{0.0: 2249, 1.0: 101, -1.0: 74}
{0.0: 2220, 1.0: 120, -1.0: 84}
{0.0: 2192, 1.0: 131, -1.0: 101}
{0.0: 2171, 1.0: 142, -1.0: 111}
{0.0: 2152, 1.0: 148, -1.0: 124}
{0.0: 2129, 1.0: 168, -1.0: 127}
{0.0: 2110, 1.0: 183, -1.0: 131}
{0.0: 2093, 1.0: 192, -1.0: 139}
{0.0: 2088, 1.0: 190, -1.0: 146}
{0.0: 2057, 1.0: 205, -1.0: 162}
1 Creating 10 consumers
{0.0: 2171, 1.0: 142, -1.0: 111}
{0.0: 2152, 1.0: 148, -1.0: 124}
{0.0: 2129, 1.0: 168, -1.0: 127}
Iter-0: 10.27/3.52 | Iter-1: 12.13/5.55 | 
{0.0: 2093, 1.0: 192, -1.0: 139}
Iter-0: 10.05/3.5 | Iter-1: 11.86/5.43 | 
{0.0: 2110, 1.0: 183, -1.0: 131}
Iter-0: 10.72/3.51 | Iter-1: 12.57/5.56 | 
{0.0: 2088, 1.0: 190, -1.0: 146}
Iter-0: 10.04/3.51 | Iter-1: 12.38/5.49 | 
{0.0: 2057, 1.0: 205, -1.0: 162}
Iter-0: 10.46/3.56 | Iter-1: 12.38/5.49 | 
{0.0: 2249, 1.0: 101, -1.0: 74}
Iter-0: 9.93/3.55 | Iter-1: 12.05/5.66 | Iter-2: 10.76/4.33 | Iter-3: 11.35/4.97 | Iter-4: 11.54/5.17 | 
{0.0: 2192, 1.0: 131, -1.0: 101}
Iter-0: 9.91/3.53 | Iter-1: 11.93/5.55 | Iter-2: 10.64/4.27 | Iter-3: 11.25/4.89 | Iter-4: 11.41/5.04 | 
{0.0: 2220, 1.0: 120, -1.0: 84}
Iter-0: 9.96/3.53 | Iter-1: 12.01/5.56 | Iter-2: 10.84/4.27 | Iter-3: 11.65/4.91 | Iter-4: 11.76/5.09 | 
prob_mse: 0.103152860286, running time: 80.1395449638
1.0 ~~~~~~~~~~~~~~~~~~~~~~~~~~~~~~~~~~~~~~~~~~~~~~~~~~~~~~~~~~~~~~~`
dataset: facebook method: Adv-CSL, #attack_edge:10000,T:10,test_ratio: 0.3,gamma:0.01
/network/rit/lab/ceashpc/adil/data/adv_csl/Jan2/random_pgd_csl/facebook/facebook-attackedges-10000-T-10-testratio-0.3-swap_ratio-0.01-gamma-0.01-realization-7-data-X.pkl
#Rule:372936 Nodes:8078 Edges:372936
0 Creating 10 consumers
{0.0: 2249, 1.0: 101, -1.0: 74}
{0.0: 2192, 1.0: 131, -1.0: 101}
{0.0: 2220, 1.0: 120, -1.0: 84}
{0.0: 2171, 1.0: 142, -1.0: 111}
{0.0: 2152, 1.0: 148, -1.0: 124}
{0.0: 2110, 1.0: 183, -1.0: 131}
{0.0: 2129, 1.0: 168, -1.0: 127}
{0.0: 2093, 1.0: 192, -1.0: 139}
{0.0: 2088, 1.0: 190, -1.0: 146}
{0.0: 2057, 1.0: 205, -1.0: 162}
1 Creating 10 consumers
{0.0: 2171, 1.0: 142, -1.0: 111}
{0.0: 2152, 1.0: 148, -1.0: 124}
{0.0: 2249, 1.0: 101, -1.0: 74}
Iter-0: 12.86/6.34 | Iter-1: 13.58/6.92 | Iter-2: 12.77/6.34 | Iter-3: 12.48/6.05 | Iter-4: 12.26/5.82 | 
{0.0: 2192, 1.0: 131, -1.0: 101}
Iter-0: 13.09/6.26 | Iter-1: 13.93/6.87 | Iter-2: 12.73/6.33 | Iter-3: 12.38/5.99 | Iter-4: 12.16/5.77 | 
{0.0: 2129, 1.0: 168, -1.0: 127}
Iter-0: 12.76/6.15 | Iter-1: 13.32/6.77 | Iter-2: 12.63/6.23 | Iter-3: 12.42/5.99 | Iter-4: 12.1/5.68 | 
{0.0: 2220, 1.0: 120, -1.0: 84}
Iter-0: 15.66/6.37 | Iter-1: 14.68/7.72 | Iter-2: 12.73/6.28 | Iter-3: 12.36/5.97 | Iter-4: 12.12/5.7 | 
{0.0: 2110, 1.0: 183, -1.0: 131}
Iter-0: 12.71/6.11 | Iter-1: 13.68/6.77 | Iter-2: 13.01/6.22 | Iter-3: 12.84/6.01 | Iter-4: 12.48/5.65 | 
{0.0: 2088, 1.0: 190, -1.0: 146}
Iter-0: 12.6/6.05 | Iter-1: 13.02/6.62 | Iter-2: 13.03/6.17 | Iter-3: 12.76/5.91 | Iter-4: 12.45/5.62 | 
{0.0: 2057, 1.0: 205, -1.0: 162}
Iter-0: 12.77/6.02 | Iter-1: 13.48/6.61 | Iter-2: 12.97/6.15 | Iter-3: 12.71/5.89 | Iter-4: 12.31/5.58 | 
{0.0: 2093, 1.0: 192, -1.0: 139}
Iter-0: 12.69/6.08 | Iter-1: 13.41/6.67 | Iter-2: 13.97/6.89 | Iter-3: 13.64/6.55 | Iter-4: 13.28/6.22 | 
prob_mse: 0.276355308031, running time: 96.9748399258
2.0 ~~~~~~~~~~~~~~~~~~~~~~~~~~~~~~~~~~~~~~~~~~~~~~~~~~~~~~~~~~~~~~~`
dataset: facebook method: Adv-CSL, #attack_edge:10000,T:10,test_ratio: 0.3,gamma:0.03
/network/rit/lab/ceashpc/adil/data/adv_csl/Jan2/random_pgd_csl/facebook/facebook-attackedges-10000-T-10-testratio-0.3-swap_ratio-0.01-gamma-0.03-realization-7-data-X.pkl
#Rule:372936 Nodes:8078 Edges:372936
0 Creating 10 consumers
{0.0: 2249, 1.0: 101, -1.0: 74}
{0.0: 2220, 1.0: 120, -1.0: 84}
{0.0: 2192, 1.0: 131, -1.0: 101}
{0.0: 2171, 1.0: 142, -1.0: 111}
{0.0: 2152, 1.0: 148, -1.0: 124}
{0.0: 2129, 1.0: 168, -1.0: 127}
{0.0: 2110, 1.0: 183, -1.0: 131}
{0.0: 2093, 1.0: 192, -1.0: 139}
{0.0: 2088, 1.0: 190, -1.0: 146}
{0.0: 2057, 1.0: 205, -1.0: 162}
1 Creating 10 consumers
{0.0: 2171, 1.0: 142, -1.0: 111}
{0.0: 2152, 1.0: 148, -1.0: 124}
{0.0: 2192, 1.0: 131, -1.0: 101}
Iter-0: 12.83/6.25 | Iter-1: 13.61/7.13 | Iter-2: 12.95/6.59 | Iter-3: 12.64/6.26 | Iter-4: 12.39/6.01 | 
{0.0: 2249, 1.0: 101, -1.0: 74}
Iter-0: 13.22/6.35 | Iter-1: 14.0/7.22 | Iter-2: 13.31/6.67 | Iter-3: 12.98/6.34 | Iter-4: 12.75/6.11 | 
{0.0: 2129, 1.0: 168, -1.0: 127}
Iter-0: 12.71/6.1 | Iter-1: 13.5/7.01 | Iter-2: 12.93/6.53 | Iter-3: 12.64/6.25 | Iter-4: 12.4/6.01 | 
{0.0: 2220, 1.0: 120, -1.0: 84}
Iter-0: 12.83/6.32 | Iter-1: 14.2/7.2 | Iter-2: 13.5/6.65 | Iter-3: 13.16/6.29 | Iter-4: 12.97/6.05 | 
{0.0: 2088, 1.0: 190, -1.0: 146}
Iter-0: 12.55/6.02 | Iter-1: 13.21/6.88 | Iter-2: 12.75/6.43 | Iter-3: 12.46/6.15 | Iter-4: 12.27/5.94 | 
{0.0: 2093, 1.0: 192, -1.0: 139}
Iter-0: 13.02/6.13 | Iter-1: 13.32/6.95 | Iter-2: 12.86/6.48 | Iter-3: 12.56/6.19 | Iter-4: 12.35/5.96 | 
{0.0: 2110, 1.0: 183, -1.0: 131}
Iter-0: 13.22/6.19 | Iter-1: 13.8/6.99 | Iter-2: 13.15/6.46 | Iter-3: 12.88/6.19 | Iter-4: 12.64/5.96 | 
{0.0: 2057, 1.0: 205, -1.0: 162}
Iter-0: 13.64/6.69 | Iter-1: 13.85/7.12 | Iter-2: 13.78/7.09 | Iter-3: 13.53/6.8 | Iter-4: 13.33/6.57 | 
prob_mse: 0.274773817382, running time: 100.015793085
3.0 ~~~~~~~~~~~~~~~~~~~~~~~~~~~~~~~~~~~~~~~~~~~~~~~~~~~~~~~~~~~~~~~`
dataset: facebook method: Adv-CSL, #attack_edge:10000,T:10,test_ratio: 0.3,gamma:0.05
/network/rit/lab/ceashpc/adil/data/adv_csl/Jan2/random_pgd_csl/facebook/facebook-attackedges-10000-T-10-testratio-0.3-swap_ratio-0.01-gamma-0.05-realization-7-data-X.pkl
#Rule:372936 Nodes:8078 Edges:372936
0 Creating 10 consumers
{0.0: 2220, 1.0: 120, -1.0: 84}
{0.0: 2192, 1.0: 131, -1.0: 101}
{0.0: 2249, 1.0: 101, -1.0: 74}
{0.0: 2171, 1.0: 142, -1.0: 111}
{0.0: 2152, 1.0: 148, -1.0: 124}
{0.0: 2129, 1.0: 168, -1.0: 127}
{0.0: 2110, 1.0: 183, -1.0: 131}
{0.0: 2088, 1.0: 190, -1.0: 146}
{0.0: 2093, 1.0: 192, -1.0: 139}
{0.0: 2057, 1.0: 205, -1.0: 162}
1 Creating 10 consumers
{0.0: 2171, 1.0: 142, -1.0: 111}
{0.0: 2152, 1.0: 148, -1.0: 124}
{0.0: 2220, 1.0: 120, -1.0: 84}
Iter-0: 12.71/6.28 | Iter-1: 14.46/7.22 | Iter-2: 13.21/6.73 | Iter-3: 12.82/6.41 | Iter-4: 12.55/6.12 | 
{0.0: 2129, 1.0: 168, -1.0: 127}
Iter-0: 12.68/6.21 | Iter-1: 13.67/7.09 | Iter-2: 13.04/6.63 | Iter-3: 12.9/6.48 | Iter-4: 12.57/6.16 | 
{0.0: 2110, 1.0: 183, -1.0: 131}
Iter-0: 12.6/6.14 | Iter-1: 13.64/7.04 | Iter-2: 13.01/6.61 | Iter-3: 12.83/6.44 | Iter-4: 12.53/6.13 | 
{0.0: 2093, 1.0: 192, -1.0: 139}
Iter-0: 12.5/6.05 | Iter-1: 13.5/6.93 | Iter-2: 12.94/6.54 | Iter-3: 12.76/6.35 | Iter-4: 12.47/6.06 | 
{0.0: 2192, 1.0: 131, -1.0: 101}
Iter-0: 12.76/6.27 | Iter-1: 14.26/7.68 | Iter-2: 13.42/6.73 | Iter-3: 13.44/6.53 | Iter-4: 13.14/6.22 | 
{0.0: 2088, 1.0: 190, -1.0: 146}
Iter-0: 12.42/6.02 | Iter-1: 13.9/6.97 | Iter-2: 12.93/6.55 | Iter-3: 12.75/6.35 | Iter-4: 12.47/6.06 | 
{0.0: 2249, 1.0: 101, -1.0: 74}
Iter-0: 12.97/6.35 | Iter-1: 14.07/7.28 | Iter-2: 14.15/7.29 | Iter-3: 14.17/7.28 | Iter-4: 13.86/6.96 | 
{0.0: 2057, 1.0: 205, -1.0: 162}
Iter-0: 12.7/6.04 | Iter-1: 13.66/6.92 | Iter-2: 13.06/6.52 | Iter-3: 12.87/6.33 | Iter-4: 12.59/6.04 | 
prob_mse: 0.273158030803, running time: 97.1708009243
4.0 ~~~~~~~~~~~~~~~~~~~~~~~~~~~~~~~~~~~~~~~~~~~~~~~~~~~~~~~~~~~~~~~`
dataset: facebook method: Adv-CSL, #attack_edge:10000,T:10,test_ratio: 0.3,gamma:0.07
/network/rit/lab/ceashpc/adil/data/adv_csl/Jan2/random_pgd_csl/facebook/facebook-attackedges-10000-T-10-testratio-0.3-swap_ratio-0.01-gamma-0.07-realization-7-data-X.pkl
#Rule:372936 Nodes:8078 Edges:372936
0 Creating 10 consumers
{0.0: 2249, 1.0: 101, -1.0: 74}
{0.0: 2220, 1.0: 120, -1.0: 84}
{0.0: 2192, 1.0: 131, -1.0: 101}
{0.0: 2171, 1.0: 142, -1.0: 111}
{0.0: 2152, 1.0: 148, -1.0: 124}
{0.0: 2129, 1.0: 168, -1.0: 127}
{0.0: 2110, 1.0: 183, -1.0: 131}
{0.0: 2093, 1.0: 192, -1.0: 139}
{0.0: 2088, 1.0: 190, -1.0: 146}
{0.0: 2057, 1.0: 205, -1.0: 162}
1 Creating 10 consumers
{0.0: 2171, 1.0: 142, -1.0: 111}
{0.0: 2152, 1.0: 148, -1.0: 124}
{0.0: 2249, 1.0: 101, -1.0: 74}
Iter-0: 12.73/6.36 | Iter-1: 13.63/7.25 | Iter-2: 13.73/6.84 | Iter-3: 13.6/6.7 | Iter-4: 13.22/6.34 | 
{0.0: 2192, 1.0: 131, -1.0: 101}
Iter-0: 12.74/6.32 | Iter-1: 14.11/7.18 | Iter-2: 13.71/6.85 | Iter-3: 13.38/6.64 | Iter-4: 12.56/6.24 | 
{0.0: 2220, 1.0: 120, -1.0: 84}
Iter-0: 13.19/6.36 | Iter-1: 14.65/8.07 | Iter-2: 13.34/6.94 | Iter-3: 13.29/6.56 | Iter-4: 13.29/6.35 | 
{0.0: 2057, 1.0: 205, -1.0: 162}
Iter-0: 12.46/6.03 | Iter-1: 13.24/6.86 | Iter-2: 12.83/6.46 | Iter-3: 12.79/6.41 | Iter-4: 12.42/6.05 | 
{0.0: 2093, 1.0: 192, -1.0: 139}
Iter-0: 12.78/6.1 | Iter-1: 13.98/7.2 | Iter-2: 13.05/6.53 | Iter-3: 13.0/6.48 | Iter-4: 12.59/6.11 | 
{0.0: 2129, 1.0: 168, -1.0: 127}
Iter-0: 12.69/6.12 | Iter-1: 14.01/7.1 | Iter-2: 13.49/6.62 | Iter-3: 13.49/6.6 | Iter-4: 13.11/6.21 | 
{0.0: 2088, 1.0: 190, -1.0: 146}
Iter-0: 13.0/6.08 | Iter-1: 13.4/6.96 | Iter-2: 12.95/6.55 | Iter-3: 12.91/6.49 | Iter-4: 12.54/6.13 | 
{0.0: 2110, 1.0: 183, -1.0: 131}
Iter-0: 12.51/6.12 | Iter-1: 13.36/7.0 | Iter-2: 14.11/7.06 | Iter-3: 14.35/7.27 | Iter-4: 13.7/6.83 | 
prob_mse: 0.271507948295, running time: 98.9431600571
5.0 ~~~~~~~~~~~~~~~~~~~~~~~~~~~~~~~~~~~~~~~~~~~~~~~~~~~~~~~~~~~~~~~`
dataset: facebook method: Adv-CSL, #attack_edge:10000,T:10,test_ratio: 0.3,gamma:0.09
/network/rit/lab/ceashpc/adil/data/adv_csl/Jan2/random_pgd_csl/facebook/facebook-attackedges-10000-T-10-testratio-0.3-swap_ratio-0.01-gamma-0.09-realization-7-data-X.pkl
#Rule:372936 Nodes:8078 Edges:372936
0 Creating 10 consumers
{0.0: 2249, 1.0: 101, -1.0: 74}
{0.0: 2220, 1.0: 120, -1.0: 84}
{0.0: 2171, 1.0: 142, -1.0: 111}
{0.0: 2192, 1.0: 131, -1.0: 101}
{0.0: 2152, 1.0: 148, -1.0: 124}
{0.0: 2110, 1.0: 183, -1.0: 131}
{0.0: 2129, 1.0: 168, -1.0: 127}
{0.0: 2093, 1.0: 192, -1.0: 139}
{0.0: 2088, 1.0: 190, -1.0: 146}
{0.0: 2057, 1.0: 205, -1.0: 162}
1 Creating 10 consumers
{0.0: 2171, 1.0: 142, -1.0: 111}
{0.0: 2152, 1.0: 148, -1.0: 124}
{0.0: 2249, 1.0: 101, -1.0: 74}
Iter-0: 12.9/6.34 | Iter-1: 13.7/7.3 | Iter-2: 13.18/6.8 | Iter-3: 13.2/6.8 | Iter-4: 12.72/6.34 | 
{0.0: 2220, 1.0: 120, -1.0: 84}
Iter-0: 13.15/6.28 | Iter-1: 14.03/7.28 | Iter-2: 13.38/6.75 | Iter-3: 13.24/6.61 | Iter-4: 12.84/6.22 | 
{0.0: 2192, 1.0: 131, -1.0: 101}
Iter-0: 13.14/6.23 | Iter-1: 13.91/7.19 | Iter-2: 13.39/6.68 | Iter-3: 13.42/6.7 | Iter-4: 12.99/6.25 | 
{0.0: 2110, 1.0: 183, -1.0: 131}
Iter-0: 12.64/6.06 | Iter-1: 13.4/6.98 | Iter-2: 12.92/6.51 | Iter-3: 13.18/6.59 | Iter-4: 12.55/6.12 | 
{0.0: 2093, 1.0: 192, -1.0: 139}
Iter-0: 12.57/6.02 | Iter-1: 13.34/6.93 | Iter-2: 12.9/6.5 | Iter-3: 12.99/6.57 | Iter-4: 12.52/6.1 | 
{0.0: 2088, 1.0: 190, -1.0: 146}
Iter-0: 12.61/6.01 | Iter-1: 13.37/6.91 | Iter-2: 12.94/6.48 | Iter-3: 13.02/6.55 | Iter-4: 12.56/6.09 | 
{0.0: 2129, 1.0: 168, -1.0: 127}
Iter-0: 13.07/6.08 | Iter-1: 14.09/7.09 | Iter-2: 13.53/6.6 | Iter-3: 13.6/6.7 | Iter-4: 13.11/6.19 | 
{0.0: 2057, 1.0: 205, -1.0: 162}
Iter-0: 13.05/6.04 | Iter-1: 13.61/6.93 | Iter-2: 13.15/6.49 | Iter-3: 13.4/6.59 | Iter-4: 13.07/6.18 | 
prob_mse: 0.271507783278, running time: 98.7165219784
6.0 ~~~~~~~~~~~~~~~~~~~~~~~~~~~~~~~~~~~~~~~~~~~~~~~~~~~~~~~~~~~~~~~`
dataset: facebook method: Adv-CSL, #attack_edge:10000,T:10,test_ratio: 0.3,gamma:0.2
/network/rit/lab/ceashpc/adil/data/adv_csl/Jan2/random_pgd_csl/facebook/facebook-attackedges-10000-T-10-testratio-0.3-swap_ratio-0.01-gamma-0.2-realization-7-data-X.pkl
#Rule:372936 Nodes:8078 Edges:372936
0 Creating 10 consumers
{0.0: 2220, 1.0: 120, -1.0: 84}
{0.0: 2249, 1.0: 101, -1.0: 74}
{0.0: 2192, 1.0: 131, -1.0: 101}
{0.0: 2171, 1.0: 142, -1.0: 111}
{0.0: 2129, 1.0: 168, -1.0: 127}
{0.0: 2152, 1.0: 148, -1.0: 124}
{0.0: 2110, 1.0: 183, -1.0: 131}
{0.0: 2088, 1.0: 190, -1.0: 146}
{0.0: 2093, 1.0: 192, -1.0: 139}
{0.0: 2057, 1.0: 205, -1.0: 162}
1 Creating 10 consumers
{0.0: 2171, 1.0: 142, -1.0: 111}
{0.0: 2152, 1.0: 148, -1.0: 124}
{0.0: 2110, 1.0: 183, -1.0: 131}
Iter-0: 12.53/6.09 | Iter-1: 13.13/6.71 | Iter-2: 13.26/6.66 | Iter-3: 12.99/6.56 | Iter-4: 12.51/6.08 | 
{0.0: 2220, 1.0: 120, -1.0: 84}
Iter-0: 12.74/6.25 | Iter-1: 13.91/6.96 | Iter-2: 14.02/6.86 | Iter-3: 13.67/6.78 | Iter-4: 13.21/6.3 | 
{0.0: 2249, 1.0: 101, -1.0: 74}
Iter-0: 16.16/9.2 | Iter-1: 13.49/7.03 | Iter-2: 13.49/6.88 | Iter-3: 13.18/6.78 | Iter-4: 12.71/6.32 | 
{0.0: 2192, 1.0: 131, -1.0: 101}
Iter-0: 13.25/6.34 | Iter-1: 13.85/6.93 | Iter-2: 14.02/6.85 | Iter-3: 13.67/6.76 | Iter-4: 13.22/6.28 | 
{0.0: 2129, 1.0: 168, -1.0: 127}
Iter-0: 12.54/6.12 | Iter-1: 13.78/6.8 | Iter-2: 14.0/6.74 | Iter-3: 13.57/6.62 | Iter-4: 13.09/6.15 | 
{0.0: 2088, 1.0: 190, -1.0: 146}
Iter-0: 12.59/6.04 | Iter-1: 13.46/7.02 | Iter-2: 13.23/6.6 | Iter-3: 12.97/6.5 | Iter-4: 13.08/6.04 | 
{0.0: 2093, 1.0: 192, -1.0: 139}
Iter-0: 12.46/6.06 | Iter-1: 13.29/6.68 | Iter-2: 13.8/6.65 | Iter-3: 13.48/6.56 | Iter-4: 13.02/6.1 | 
{0.0: 2057, 1.0: 205, -1.0: 162}
Iter-0: 12.96/6.02 | Iter-1: 13.59/6.67 | Iter-2: 13.72/6.59 | Iter-3: 13.36/6.5 | Iter-4: 12.93/6.05 | 
prob_mse: 0.264288228823, running time: 97.8613669872
7.0 ~~~~~~~~~~~~~~~~~~~~~~~~~~~~~~~~~~~~~~~~~~~~~~~~~~~~~~~~~~~~~~~`
dataset: facebook method: Adv-CSL, #attack_edge:10000,T:10,test_ratio: 0.3,gamma:0.3
/network/rit/lab/ceashpc/adil/data/adv_csl/Jan2/random_pgd_csl/facebook/facebook-attackedges-10000-T-10-testratio-0.3-swap_ratio-0.01-gamma-0.3-realization-7-data-X.pkl
#Rule:372936 Nodes:8078 Edges:372936
0 Creating 10 consumers
{0.0: 2249, 1.0: 101, -1.0: 74}
{0.0: 2192, 1.0: 131, -1.0: 101}
{0.0: 2220, 1.0: 120, -1.0: 84}
{0.0: 2171, 1.0: 142, -1.0: 111}
{0.0: 2152, 1.0: 148, -1.0: 124}
{0.0: 2110, 1.0: 183, -1.0: 131}
{0.0: 2129, 1.0: 168, -1.0: 127}
{0.0: 2093, 1.0: 192, -1.0: 139}
{0.0: 2088, 1.0: 190, -1.0: 146}
{0.0: 2057, 1.0: 205, -1.0: 162}
1 Creating 10 consumers
{0.0: 2171, 1.0: 142, -1.0: 111}
{0.0: 2152, 1.0: 148, -1.0: 124}
{0.0: 2192, 1.0: 131, -1.0: 101}
Iter-0: 12.57/6.16 | Iter-1: 12.89/6.53 | Iter-2: 13.07/6.73 | Iter-3: 12.6/6.23 | Iter-4: 12.6/6.25 | 
{0.0: 2249, 1.0: 101, -1.0: 74}
Iter-0: 13.0/6.33 | Iter-1: 13.58/6.74 | Iter-2: 13.82/6.92 | Iter-3: 13.31/6.4 | Iter-4: 12.8/6.4 | 
{0.0: 2220, 1.0: 120, -1.0: 84}
Iter-0: 12.72/6.25 | Iter-1: 13.06/6.62 | Iter-2: 13.79/6.91 | Iter-3: 13.68/6.78 | Iter-4: 13.25/6.35 | 
{0.0: 2088, 1.0: 190, -1.0: 146}
Iter-0: 12.49/5.98 | Iter-1: 12.67/6.27 | Iter-2: 12.9/6.5 | Iter-3: 12.59/6.04 | Iter-4: 12.51/6.07 | 
{0.0: 2110, 1.0: 183, -1.0: 131}
Iter-0: 12.52/6.03 | Iter-1: 12.74/6.33 | Iter-2: 13.53/6.61 | Iter-3: 13.08/6.14 | Iter-4: 13.11/6.16 | 
{0.0: 2057, 1.0: 205, -1.0: 162}
Iter-0: 12.87/6.04 | Iter-1: 13.02/6.35 | Iter-2: 13.16/6.54 | Iter-3: 12.72/6.1 | Iter-4: 12.8/6.14 | 
{0.0: 2129, 1.0: 168, -1.0: 127}
Iter-0: 13.65/6.69 | Iter-1: 13.27/6.38 | Iter-2: 13.66/6.73 | Iter-3: 13.14/6.21 | Iter-4: 13.32/6.28 | 
{0.0: 2093, 1.0: 192, -1.0: 139}
Iter-0: 13.04/6.02 | Iter-1: 14.14/7.02 | Iter-2: 14.36/7.28 | Iter-3: 13.81/6.77 | Iter-4: 13.86/6.81 | 
prob_mse: 0.252874174917, running time: 99.116396904
8.0 ~~~~~~~~~~~~~~~~~~~~~~~~~~~~~~~~~~~~~~~~~~~~~~~~~~~~~~~~~~~~~~~`
dataset: facebook method: Adv-CSL, #attack_edge:10000,T:10,test_ratio: 0.3,gamma:0.4
/network/rit/lab/ceashpc/adil/data/adv_csl/Jan2/random_pgd_csl/facebook/facebook-attackedges-10000-T-10-testratio-0.3-swap_ratio-0.01-gamma-0.4-realization-7-data-X.pkl
#Rule:372936 Nodes:8078 Edges:372936
0 Creating 10 consumers
{0.0: 2220, 1.0: 120, -1.0: 84}
{0.0: 2192, 1.0: 131, -1.0: 101}
{0.0: 2249, 1.0: 101, -1.0: 74}
{0.0: 2152, 1.0: 148, -1.0: 124}
{0.0: 2171, 1.0: 142, -1.0: 111}
{0.0: 2110, 1.0: 183, -1.0: 131}
{0.0: 2129, 1.0: 168, -1.0: 127}
{0.0: 2093, 1.0: 192, -1.0: 139}
{0.0: 2088, 1.0: 190, -1.0: 146}
{0.0: 2057, 1.0: 205, -1.0: 162}
1 Creating 10 consumers
{0.0: 2152, 1.0: 148, -1.0: 124}
{0.0: 2171, 1.0: 142, -1.0: 111}
{0.0: 2249, 1.0: 101, -1.0: 74}
Iter-0: 12.72/6.28 | Iter-1: 13.07/6.63 | Iter-2: 13.71/6.63 | Iter-3: 13.25/6.35 | Iter-4: 13.34/6.38 | 
{0.0: 2192, 1.0: 131, -1.0: 101}
Iter-0: 13.27/6.24 | Iter-1: 13.37/6.54 | Iter-2: 13.31/6.58 | Iter-3: 12.94/6.24 | Iter-4: 12.87/6.28 | 
{0.0: 2129, 1.0: 168, -1.0: 127}
Iter-0: 12.55/6.06 | Iter-1: 12.73/6.29 | Iter-2: 12.91/6.32 | Iter-3: 12.99/6.11 | Iter-4: 13.09/6.15 | 
{0.0: 2093, 1.0: 192, -1.0: 139}
Iter-0: 12.53/6.02 | Iter-1: 12.71/6.24 | Iter-2: 13.31/6.26 | Iter-3: 13.02/6.07 | Iter-4: 13.1/6.1 | 
{0.0: 2057, 1.0: 205, -1.0: 162}
Iter-0: 12.51/6.04 | Iter-1: 12.67/6.21 | Iter-2: 12.93/6.17 | Iter-3: 12.69/6.0 | Iter-4: 13.06/6.07 | 
{0.0: 2220, 1.0: 120, -1.0: 84}
Iter-0: 12.84/6.26 | Iter-1: 13.44/6.56 | Iter-2: 14.65/7.34 | Iter-3: 13.55/6.85 | Iter-4: 14.01/6.79 | 
{0.0: 2088, 1.0: 190, -1.0: 146}
Iter-0: 13.07/6.02 | Iter-1: 13.13/6.25 | Iter-2: 13.32/6.27 | Iter-3: 13.3/6.28 | Iter-4: 12.57/6.09 | 
{0.0: 2110, 1.0: 183, -1.0: 131}
Iter-0: 13.91/6.77 | Iter-1: 13.55/6.88 | Iter-2: 13.34/6.39 | Iter-3: 13.04/6.14 | Iter-4: 12.85/6.22 | 
prob_mse: 0.250020847085, running time: 96.9936459064
9.0 ~~~~~~~~~~~~~~~~~~~~~~~~~~~~~~~~~~~~~~~~~~~~~~~~~~~~~~~~~~~~~~~`
dataset: facebook method: Adv-CSL, #attack_edge:10000,T:10,test_ratio: 0.3,gamma:0.5
/network/rit/lab/ceashpc/adil/data/adv_csl/Jan2/random_pgd_csl/facebook/facebook-attackedges-10000-T-10-testratio-0.3-swap_ratio-0.01-gamma-0.5-realization-7-data-X.pkl
#Rule:372936 Nodes:8078 Edges:372936
0 Creating 10 consumers
{0.0: 1214, 1.0: 1, -1.0: 1209}
{0.0: 1220, 1.0: 1, -1.0: 1203}
{0.0: 1217, 1.0: 1, -1.0: 1206}
{0.0: 1216, 1.0: 1, -1.0: 1207}
{0.0: 1210, 1.0: 1, -1.0: 1213}
{0.0: 1221, 1.0: 1, -1.0: 1202}
{0.0: 1231, 1.0: 1, -1.0: 1192}
{0.0: 1229, 1.0: 1, -1.0: 1194}
{0.0: 1235, 1.0: 1, -1.0: 1188}
{0.0: 1234, 1.0: 2, -1.0: 1188}
1 Creating 10 consumers
{0.0: 1216, 1.0: 1, -1.0: 1207}
{0.0: 1217, 1.0: 1, -1.0: 1206}
{0.0: 1221, 1.0: 1, -1.0: 1202}
{0.0: 1210, 1.0: 1, -1.0: 1213}
{0.0: 1229, 1.0: 1, -1.0: 1194}
{0.0: 1235, 1.0: 1, -1.0: 1188}
{0.0: 1231, 1.0: 1, -1.0: 1192}
{0.0: 1234, 1.0: 2, -1.0: 1188}
{0.0: 1220, 1.0: 1, -1.0: 1203}
Iter-0: 12.74/6.11 | Iter-1: 13.13/6.4 | Iter-2: 13.08/6.43 | Iter-3: 12.84/6.22 | Iter-4: 12.97/6.33 | 
{0.0: 1214, 1.0: 1, -1.0: 1209}
Iter-0: 12.76/6.08 | Iter-1: 13.37/6.44 | Iter-2: 13.99/7.14 | Iter-3: 13.75/6.93 | Iter-4: 13.9/7.06 | 
prob_mse: 0.406897414741, running time: 94.7999401093
10.0 ~~~~~~~~~~~~~~~~~~~~~~~~~~~~~~~~~~~~~~~~~~~~~~~~~~~~~~~~~~~~~~~`
dataset: facebook method: Adv-CSL, #attack_edge:10000,T:10,test_ratio: 0.3,gamma:0.0
/network/rit/lab/ceashpc/adil/data/adv_csl/Jan2/random_pgd_csl/facebook/facebook-attackedges-10000-T-10-testratio-0.3-swap_ratio-0.01-gamma-0.0-realization-8-data-X.pkl
#Rule:372936 Nodes:8078 Edges:372936
0 Creating 10 consumers
{0.0: 2253, 1.0: 94, -1.0: 77}
{0.0: 2226, 1.0: 109, -1.0: 89}
{0.0: 2205, 1.0: 117, -1.0: 102}
{0.0: 2184, 1.0: 121, -1.0: 119}
{0.0: 2158, 1.0: 138, -1.0: 128}
{0.0: 2134, 1.0: 149, -1.0: 141}
{0.0: 2119, 1.0: 156, -1.0: 149}
{0.0: 2099, 1.0: 162, -1.0: 163}
{0.0: 2082, 1.0: 175, -1.0: 167}
{0.0: 2062, 1.0: 188, -1.0: 174}
1 Creating 10 consumers
{0.0: 2184, 1.0: 121, -1.0: 119}
{0.0: 2134, 1.0: 149, -1.0: 141}
{0.0: 2205, 1.0: 117, -1.0: 102}
Iter-0: 10.13/3.52 | 
{0.0: 2158, 1.0: 138, -1.0: 128}
Iter-0: 10.07/3.5 | 
{0.0: 2099, 1.0: 162, -1.0: 163}
Iter-0: 10.08/3.5 | Iter-1: 11.8/5.45 | 
{0.0: 2082, 1.0: 175, -1.0: 167}
Iter-0: 10.08/3.54 | Iter-1: 11.71/5.41 | 
{0.0: 2119, 1.0: 156, -1.0: 149}
Iter-0: 10.21/3.51 | Iter-1: 12.07/5.48 | 
{0.0: 2062, 1.0: 188, -1.0: 174}
Iter-0: 10.57/3.54 | Iter-1: 12.01/5.44 | 
{0.0: 2226, 1.0: 109, -1.0: 89}
Iter-0: 10.16/3.52 | Iter-1: 11.94/5.59 | Iter-2: 10.73/4.28 | 
{0.0: 2253, 1.0: 94, -1.0: 77}
Iter-0: 10.62/3.53 | Iter-1: 12.43/5.65 | Iter-2: 10.91/4.32 | 
prob_mse: 0.0929760176018, running time: 68.5283050537
11.0 ~~~~~~~~~~~~~~~~~~~~~~~~~~~~~~~~~~~~~~~~~~~~~~~~~~~~~~~~~~~~~~~`
dataset: facebook method: Adv-CSL, #attack_edge:10000,T:10,test_ratio: 0.3,gamma:0.01
/network/rit/lab/ceashpc/adil/data/adv_csl/Jan2/random_pgd_csl/facebook/facebook-attackedges-10000-T-10-testratio-0.3-swap_ratio-0.01-gamma-0.01-realization-8-data-X.pkl
#Rule:372936 Nodes:8078 Edges:372936
0 Creating 10 consumers
{0.0: 2253, 1.0: 94, -1.0: 77}
{0.0: 2226, 1.0: 109, -1.0: 89}
{0.0: 2205, 1.0: 117, -1.0: 102}
{0.0: 2184, 1.0: 121, -1.0: 119}
{0.0: 2158, 1.0: 138, -1.0: 128}
{0.0: 2134, 1.0: 149, -1.0: 141}
{0.0: 2119, 1.0: 156, -1.0: 149}
{0.0: 2099, 1.0: 162, -1.0: 163}
{0.0: 2082, 1.0: 175, -1.0: 167}
{0.0: 2062, 1.0: 188, -1.0: 174}
1 Creating 10 consumers
{0.0: 2184, 1.0: 121, -1.0: 119}
{0.0: 2134, 1.0: 149, -1.0: 141}
{0.0: 2205, 1.0: 117, -1.0: 102}
Iter-0: 12.58/6.19 | Iter-1: 13.18/6.81 | Iter-2: 12.82/6.22 | Iter-3: 12.26/5.88 | Iter-4: 12.26/5.62 | 
{0.0: 2226, 1.0: 109, -1.0: 89}
Iter-0: 12.98/6.32 | Iter-1: 13.55/6.92 | Iter-2: 13.12/6.2 | Iter-3: 12.65/5.95 | Iter-4: 12.39/5.67 | 
{0.0: 2119, 1.0: 156, -1.0: 149}
Iter-0: 12.54/6.1 | Iter-1: 13.05/6.66 | Iter-2: 12.79/6.15 | Iter-3: 12.36/5.91 | Iter-4: 12.13/5.65 | 
{0.0: 2253, 1.0: 94, -1.0: 77}
Iter-0: 13.27/6.45 | Iter-1: 13.8/6.98 | Iter-2: 13.76/6.45 | Iter-3: 13.13/6.17 | Iter-4: 12.74/5.86 | 
{0.0: 2158, 1.0: 138, -1.0: 128}
Iter-0: 12.57/6.16 | Iter-1: 13.56/6.76 | Iter-2: 13.32/6.19 | Iter-3: 12.86/5.98 | Iter-4: 12.55/5.67 | 
{0.0: 2082, 1.0: 175, -1.0: 167}
Iter-0: 12.37/6.0 | Iter-1: 12.92/6.54 | Iter-2: 13.69/6.38 | Iter-3: 12.38/5.85 | Iter-4: 11.97/5.55 | 
{0.0: 2099, 1.0: 162, -1.0: 163}
Iter-0: 12.45/6.06 | Iter-1: 13.44/6.63 | Iter-2: 13.4/6.15 | Iter-3: 12.92/5.91 | Iter-4: 12.07/5.63 | 
{0.0: 2062, 1.0: 188, -1.0: 174}
Iter-0: 12.72/6.11 | Iter-1: 13.27/6.65 | Iter-2: 13.12/6.15 | Iter-3: 12.68/5.88 | Iter-4: 12.1/5.55 | 
prob_mse: 0.263910313531, running time: 94.54793787
12.0 ~~~~~~~~~~~~~~~~~~~~~~~~~~~~~~~~~~~~~~~~~~~~~~~~~~~~~~~~~~~~~~~`
dataset: facebook method: Adv-CSL, #attack_edge:10000,T:10,test_ratio: 0.3,gamma:0.03
/network/rit/lab/ceashpc/adil/data/adv_csl/Jan2/random_pgd_csl/facebook/facebook-attackedges-10000-T-10-testratio-0.3-swap_ratio-0.01-gamma-0.03-realization-8-data-X.pkl
#Rule:372936 Nodes:8078 Edges:372936
0 Creating 10 consumers
{0.0: 2253, 1.0: 94, -1.0: 77}
{0.0: 2226, 1.0: 109, -1.0: 89}
{0.0: 2205, 1.0: 117, -1.0: 102}
{0.0: 2184, 1.0: 121, -1.0: 119}
{0.0: 2158, 1.0: 138, -1.0: 128}
{0.0: 2134, 1.0: 149, -1.0: 141}
{0.0: 2119, 1.0: 156, -1.0: 149}
{0.0: 2099, 1.0: 162, -1.0: 163}
{0.0: 2082, 1.0: 175, -1.0: 167}
{0.0: 2062, 1.0: 188, -1.0: 174}
1 Creating 10 consumers
{0.0: 2184, 1.0: 121, -1.0: 119}
{0.0: 2134, 1.0: 149, -1.0: 141}
{0.0: 2226, 1.0: 109, -1.0: 89}
Iter-0: 12.65/6.28 | Iter-1: 13.58/7.2 | Iter-2: 13.11/6.53 | Iter-3: 12.6/6.24 | Iter-4: 12.38/5.88 | 
{0.0: 2158, 1.0: 138, -1.0: 128}
Iter-0: 12.62/6.21 | Iter-1: 13.41/7.01 | Iter-2: 13.26/6.55 | Iter-3: 12.73/6.29 | Iter-4: 12.57/6.05 | 
{0.0: 2205, 1.0: 117, -1.0: 102}
Iter-0: 12.64/6.23 | Iter-1: 13.57/7.14 | Iter-2: 13.58/6.52 | Iter-3: 13.19/6.22 | Iter-4: 13.1/5.97 | 
{0.0: 2253, 1.0: 94, -1.0: 77}
Iter-0: 13.23/6.59 | Iter-1: 14.1/7.32 | Iter-2: 13.8/6.83 | Iter-3: 13.27/6.54 | Iter-4: 13.15/6.3 | 
{0.0: 2099, 1.0: 162, -1.0: 163}
Iter-0: 12.41/6.03 | Iter-1: 13.24/6.85 | Iter-2: 13.11/6.38 | Iter-3: 12.52/6.12 | Iter-4: 12.37/5.89 | 
{0.0: 2119, 1.0: 156, -1.0: 149}
Iter-0: 12.8/6.15 | Iter-1: 13.62/7.0 | Iter-2: 13.52/6.52 | Iter-3: 12.94/6.26 | Iter-4: 12.73/6.04 | 
{0.0: 2062, 1.0: 188, -1.0: 174}
Iter-0: 12.59/6.05 | Iter-1: 13.36/6.79 | Iter-2: 13.37/6.38 | Iter-3: 12.77/6.1 | Iter-4: 12.65/5.89 | 
{0.0: 2082, 1.0: 175, -1.0: 167}
Iter-0: 12.75/6.19 | Iter-1: 14.61/7.59 | Iter-2: 14.29/7.15 | Iter-3: 13.04/6.14 | Iter-4: 12.64/5.92 | 
prob_mse: 0.262982013201, running time: 98.0072021484
13.0 ~~~~~~~~~~~~~~~~~~~~~~~~~~~~~~~~~~~~~~~~~~~~~~~~~~~~~~~~~~~~~~~`
dataset: facebook method: Adv-CSL, #attack_edge:10000,T:10,test_ratio: 0.3,gamma:0.05
/network/rit/lab/ceashpc/adil/data/adv_csl/Jan2/random_pgd_csl/facebook/facebook-attackedges-10000-T-10-testratio-0.3-swap_ratio-0.01-gamma-0.05-realization-8-data-X.pkl
#Rule:372936 Nodes:8078 Edges:372936
0 Creating 10 consumers
{0.0: 2226, 1.0: 109, -1.0: 89}
{0.0: 2253, 1.0: 94, -1.0: 77}
{0.0: 2205, 1.0: 117, -1.0: 102}
{0.0: 2184, 1.0: 121, -1.0: 119}
{0.0: 2158, 1.0: 138, -1.0: 128}
{0.0: 2134, 1.0: 149, -1.0: 141}
{0.0: 2119, 1.0: 156, -1.0: 149}
{0.0: 2099, 1.0: 162, -1.0: 163}
{0.0: 2082, 1.0: 175, -1.0: 167}
{0.0: 2062, 1.0: 188, -1.0: 174}
1 Creating 10 consumers
{0.0: 2184, 1.0: 121, -1.0: 119}
{0.0: 2134, 1.0: 149, -1.0: 141}
{0.0: 2253, 1.0: 94, -1.0: 77}
Iter-0: 12.79/6.43 | Iter-1: 13.7/7.31 | Iter-2: 13.44/6.9 | Iter-3: 13.04/6.69 | Iter-4: 12.86/6.41 | 
{0.0: 2226, 1.0: 109, -1.0: 89}
Iter-0: 12.68/6.27 | Iter-1: 14.13/7.24 | Iter-2: 13.34/6.65 | Iter-3: 12.8/6.35 | Iter-4: 12.68/6.06 | 
{0.0: 2158, 1.0: 138, -1.0: 128}
Iter-0: 12.57/6.15 | Iter-1: 13.41/6.97 | Iter-2: 13.29/6.58 | Iter-3: 12.84/6.42 | Iter-4: 13.15/6.18 | 
{0.0: 2099, 1.0: 162, -1.0: 163}
Iter-0: 12.46/6.04 | Iter-1: 13.32/6.89 | Iter-2: 13.21/6.47 | Iter-3: 12.72/6.29 | Iter-4: 12.63/6.02 | 
{0.0: 2119, 1.0: 156, -1.0: 149}
Iter-0: 12.52/6.12 | Iter-1: 13.4/6.99 | Iter-2: 13.83/6.6 | Iter-3: 12.88/6.42 | Iter-4: 13.22/6.16 | 
{0.0: 2205, 1.0: 117, -1.0: 102}
Iter-0: 12.63/6.22 | Iter-1: 15.01/8.59 | Iter-2: 13.76/6.67 | Iter-3: 13.45/6.4 | Iter-4: 13.17/6.18 | 
{0.0: 2062, 1.0: 188, -1.0: 174}
Iter-0: 12.6/6.03 | Iter-1: 13.41/6.84 | Iter-2: 13.62/6.5 | Iter-3: 12.85/6.29 | Iter-4: 12.8/6.02 | 
{0.0: 2082, 1.0: 175, -1.0: 167}
Iter-0: 12.43/6.02 | Iter-1: 13.3/6.86 | Iter-2: 13.95/6.47 | Iter-3: 14.09/6.97 | Iter-4: 12.97/6.37 | 
prob_mse: 0.262122222222, running time: 97.3797109127
14.0 ~~~~~~~~~~~~~~~~~~~~~~~~~~~~~~~~~~~~~~~~~~~~~~~~~~~~~~~~~~~~~~~`
dataset: facebook method: Adv-CSL, #attack_edge:10000,T:10,test_ratio: 0.3,gamma:0.07
/network/rit/lab/ceashpc/adil/data/adv_csl/Jan2/random_pgd_csl/facebook/facebook-attackedges-10000-T-10-testratio-0.3-swap_ratio-0.01-gamma-0.07-realization-8-data-X.pkl
#Rule:372936 Nodes:8078 Edges:372936
0 Creating 10 consumers
{0.0: 2253, 1.0: 94, -1.0: 77}
{0.0: 2226, 1.0: 109, -1.0: 89}
{0.0: 2205, 1.0: 117, -1.0: 102}
{0.0: 2184, 1.0: 121, -1.0: 119}
{0.0: 2134, 1.0: 149, -1.0: 141}
{0.0: 2158, 1.0: 138, -1.0: 128}
{0.0: 2119, 1.0: 156, -1.0: 149}
{0.0: 2099, 1.0: 162, -1.0: 163}
{0.0: 2082, 1.0: 175, -1.0: 167}
{0.0: 2062, 1.0: 188, -1.0: 174}
1 Creating 10 consumers
{0.0: 2184, 1.0: 121, -1.0: 119}
{0.0: 2134, 1.0: 149, -1.0: 141}
{0.0: 2226, 1.0: 109, -1.0: 89}
Iter-0: 12.66/6.26 | Iter-1: 13.66/7.26 | Iter-2: 13.25/6.68 | Iter-3: 12.88/6.48 | Iter-4: 12.7/6.13 | 
{0.0: 2205, 1.0: 117, -1.0: 102}
Iter-0: 12.78/6.24 | Iter-1: 13.77/7.21 | Iter-2: 13.34/6.68 | Iter-3: 13.24/6.5 | Iter-4: 13.04/6.19 | 
{0.0: 2253, 1.0: 94, -1.0: 77}
Iter-0: 12.92/6.43 | Iter-1: 13.85/7.35 | Iter-2: 13.86/6.98 | Iter-3: 13.7/6.88 | Iter-4: 13.41/6.51 | 
{0.0: 2158, 1.0: 138, -1.0: 128}
Iter-0: 12.53/6.17 | Iter-1: 13.39/7.01 | Iter-2: 13.17/6.6 | Iter-3: 13.47/6.6 | Iter-4: 13.2/6.23 | 
{0.0: 2099, 1.0: 162, -1.0: 163}
Iter-0: 12.49/6.07 | Iter-1: 13.38/6.94 | Iter-2: 13.02/6.5 | Iter-3: 13.36/6.46 | Iter-4: 13.13/6.12 | 
{0.0: 2062, 1.0: 188, -1.0: 174}
Iter-0: 12.41/6.0 | Iter-1: 13.24/6.8 | Iter-2: 12.96/6.45 | Iter-3: 13.3/6.41 | Iter-4: 12.56/6.11 | 
{0.0: 2119, 1.0: 156, -1.0: 149}
Iter-0: 13.12/6.23 | Iter-1: 13.92/7.07 | Iter-2: 13.47/6.61 | Iter-3: 13.51/6.54 | Iter-4: 12.8/6.17 | 
{0.0: 2082, 1.0: 175, -1.0: 167}
Iter-0: 12.36/6.03 | Iter-1: 14.66/8.35 | Iter-2: 14.21/6.81 | Iter-3: 12.8/6.4 | Iter-4: 12.95/6.08 | 
prob_mse: 0.261021947195, running time: 98.8493778706
15.0 ~~~~~~~~~~~~~~~~~~~~~~~~~~~~~~~~~~~~~~~~~~~~~~~~~~~~~~~~~~~~~~~`
dataset: facebook method: Adv-CSL, #attack_edge:10000,T:10,test_ratio: 0.3,gamma:0.09
/network/rit/lab/ceashpc/adil/data/adv_csl/Jan2/random_pgd_csl/facebook/facebook-attackedges-10000-T-10-testratio-0.3-swap_ratio-0.01-gamma-0.09-realization-8-data-X.pkl
#Rule:372936 Nodes:8078 Edges:372936
0 Creating 10 consumers
{0.0: 2253, 1.0: 94, -1.0: 77}
{0.0: 2205, 1.0: 117, -1.0: 102}
{0.0: 2226, 1.0: 109, -1.0: 89}
{0.0: 2184, 1.0: 121, -1.0: 119}
{0.0: 2158, 1.0: 138, -1.0: 128}
{0.0: 2134, 1.0: 149, -1.0: 141}
{0.0: 2119, 1.0: 156, -1.0: 149}
{0.0: 2099, 1.0: 162, -1.0: 163}
{0.0: 2082, 1.0: 175, -1.0: 167}
{0.0: 2062, 1.0: 188, -1.0: 174}
1 Creating 10 consumers
{0.0: 2184, 1.0: 121, -1.0: 119}
{0.0: 2134, 1.0: 149, -1.0: 141}
{0.0: 2205, 1.0: 117, -1.0: 102}
Iter-0: 12.66/6.23 | Iter-1: 13.63/7.21 | Iter-2: 13.32/6.66 | Iter-3: 13.05/6.58 | Iter-4: 12.73/6.18 | 
{0.0: 2226, 1.0: 109, -1.0: 89}
Iter-0: 12.65/6.25 | Iter-1: 13.66/7.23 | Iter-2: 13.52/6.65 | Iter-3: 13.48/6.58 | Iter-4: 13.17/6.17 | 
{0.0: 2158, 1.0: 138, -1.0: 128}
Iter-0: 12.81/6.39 | Iter-1: 13.52/7.1 | Iter-2: 13.28/6.62 | Iter-3: 13.29/6.7 | Iter-4: 12.85/6.38 | 
{0.0: 2253, 1.0: 94, -1.0: 77}
Iter-0: 12.8/6.42 | Iter-1: 13.73/7.32 | Iter-2: 14.14/6.91 | Iter-3: 13.93/6.96 | Iter-4: 13.83/7.02 | 
{0.0: 2119, 1.0: 156, -1.0: 149}
Iter-0: 12.52/6.1 | Iter-1: 13.38/6.96 | Iter-2: 13.36/6.53 | Iter-3: 13.08/6.61 | Iter-4: 12.74/6.15 | 
{0.0: 2062, 1.0: 188, -1.0: 174}
Iter-0: 12.37/6.0 | Iter-1: 13.19/6.8 | Iter-2: 13.0/6.42 | Iter-3: 12.87/6.5 | Iter-4: 12.51/6.04 | 
{0.0: 2082, 1.0: 175, -1.0: 167}
Iter-0: 12.43/6.03 | Iter-1: 13.26/6.85 | Iter-2: 13.26/6.43 | Iter-3: 12.98/6.5 | Iter-4: 12.59/6.05 | 
{0.0: 2099, 1.0: 162, -1.0: 163}
Iter-0: 12.48/6.06 | Iter-1: 13.37/6.94 | Iter-2: 13.41/6.49 | Iter-3: 13.47/6.58 | Iter-4: 12.68/6.11 | 
prob_mse: 0.260643949395, running time: 96.0867269039
16.0 ~~~~~~~~~~~~~~~~~~~~~~~~~~~~~~~~~~~~~~~~~~~~~~~~~~~~~~~~~~~~~~~`
dataset: facebook method: Adv-CSL, #attack_edge:10000,T:10,test_ratio: 0.3,gamma:0.2
/network/rit/lab/ceashpc/adil/data/adv_csl/Jan2/random_pgd_csl/facebook/facebook-attackedges-10000-T-10-testratio-0.3-swap_ratio-0.01-gamma-0.2-realization-8-data-X.pkl
#Rule:372936 Nodes:8078 Edges:372936
0 Creating 10 consumers
{0.0: 2253, 1.0: 94, -1.0: 77}
{0.0: 2205, 1.0: 117, -1.0: 102}
{0.0: 2226, 1.0: 109, -1.0: 89}
{0.0: 2158, 1.0: 138, -1.0: 128}
{0.0: 2184, 1.0: 121, -1.0: 119}
{0.0: 2134, 1.0: 149, -1.0: 141}
{0.0: 2119, 1.0: 156, -1.0: 149}
{0.0: 2099, 1.0: 162, -1.0: 163}
{0.0: 2082, 1.0: 175, -1.0: 167}
{0.0: 2062, 1.0: 188, -1.0: 174}
1 Creating 10 consumers
{0.0: 2184, 1.0: 121, -1.0: 119}
{0.0: 2134, 1.0: 149, -1.0: 141}
{0.0: 2158, 1.0: 138, -1.0: 128}
Iter-0: 12.58/6.2 | Iter-1: 13.22/6.82 | Iter-2: 13.3/6.7 | Iter-3: 13.02/6.61 | Iter-4: 12.6/6.17 | 
{0.0: 2226, 1.0: 109, -1.0: 89}
Iter-0: 12.66/6.28 | Iter-1: 13.34/6.98 | Iter-2: 14.21/6.89 | Iter-3: 13.75/6.76 | Iter-4: 13.44/6.31 | 
{0.0: 2082, 1.0: 175, -1.0: 167}
Iter-0: 12.45/6.07 | Iter-1: 13.06/6.65 | Iter-2: 13.2/6.54 | Iter-3: 12.88/6.48 | Iter-4: 12.44/6.01 | 
{0.0: 2205, 1.0: 117, -1.0: 102}
Iter-0: 12.73/6.23 | Iter-1: 13.9/6.99 | Iter-2: 13.81/6.83 | Iter-3: 13.7/6.76 | Iter-4: 13.28/6.24 | 
{0.0: 2119, 1.0: 156, -1.0: 149}
Iter-0: 12.61/6.12 | Iter-1: 13.18/6.78 | Iter-2: 13.73/6.64 | Iter-3: 13.51/6.6 | Iter-4: 13.11/6.16 | 
{0.0: 2062, 1.0: 188, -1.0: 174}
Iter-0: 12.63/6.02 | Iter-1: 13.24/6.61 | Iter-2: 13.51/6.5 | Iter-3: 13.18/6.45 | Iter-4: 12.73/5.98 | 
{0.0: 2253, 1.0: 94, -1.0: 77}
Iter-0: 13.81/7.19 | Iter-1: 14.66/8.02 | Iter-2: 14.76/7.8 | Iter-3: 14.32/7.67 | Iter-4: 13.83/7.17 | 
{0.0: 2099, 1.0: 162, -1.0: 163}
Iter-0: 12.8/6.11 | Iter-1: 15.06/6.86 | Iter-2: 15.07/6.6 | Iter-3: 13.28/6.55 | Iter-4: 12.83/6.09 | 
prob_mse: 0.254008580858, running time: 99.4414768219
17.0 ~~~~~~~~~~~~~~~~~~~~~~~~~~~~~~~~~~~~~~~~~~~~~~~~~~~~~~~~~~~~~~~`
dataset: facebook method: Adv-CSL, #attack_edge:10000,T:10,test_ratio: 0.3,gamma:0.3
/network/rit/lab/ceashpc/adil/data/adv_csl/Jan2/random_pgd_csl/facebook/facebook-attackedges-10000-T-10-testratio-0.3-swap_ratio-0.01-gamma-0.3-realization-8-data-X.pkl
#Rule:372936 Nodes:8078 Edges:372936
0 Creating 10 consumers
{0.0: 2253, 1.0: 94, -1.0: 77}
{0.0: 2226, 1.0: 109, -1.0: 89}
{0.0: 2184, 1.0: 121, -1.0: 119}
{0.0: 2205, 1.0: 117, -1.0: 102}
{0.0: 2158, 1.0: 138, -1.0: 128}
{0.0: 2134, 1.0: 149, -1.0: 141}
{0.0: 2119, 1.0: 156, -1.0: 149}
{0.0: 2082, 1.0: 175, -1.0: 167}
{0.0: 2099, 1.0: 162, -1.0: 163}
{0.0: 2062, 1.0: 188, -1.0: 174}
1 Creating 10 consumers
{0.0: 2184, 1.0: 121, -1.0: 119}
{0.0: 2134, 1.0: 149, -1.0: 141}
{0.0: 2205, 1.0: 117, -1.0: 102}
Iter-0: 12.91/6.21 | Iter-1: 13.0/6.52 | Iter-2: 13.75/7.03 | Iter-3: 13.02/6.29 | Iter-4: 12.71/6.28 | 
{0.0: 2226, 1.0: 109, -1.0: 89}
Iter-0: 13.22/6.43 | Iter-1: 13.35/6.76 | Iter-2: 14.09/7.23 | Iter-3: 13.11/6.39 | Iter-4: 12.76/6.31 | 
{0.0: 2158, 1.0: 138, -1.0: 128}
Iter-0: 13.06/6.36 | Iter-1: 12.97/6.53 | Iter-2: 13.5/6.87 | Iter-3: 12.98/6.23 | Iter-4: 12.66/6.24 | 
{0.0: 2253, 1.0: 94, -1.0: 77}
Iter-0: 13.32/6.56 | Iter-1: 13.71/7.09 | Iter-2: 14.24/7.32 | Iter-3: 13.52/6.58 | Iter-4: 13.65/6.56 | 
{0.0: 2119, 1.0: 156, -1.0: 149}
Iter-0: 12.91/6.26 | Iter-1: 13.23/6.44 | Iter-2: 14.17/6.86 | Iter-3: 13.56/6.17 | Iter-4: 12.83/6.35 | 
{0.0: 2099, 1.0: 162, -1.0: 163}
Iter-0: 13.01/6.17 | Iter-1: 13.2/6.45 | Iter-2: 14.31/6.89 | Iter-3: 13.21/6.12 | Iter-4: 12.63/6.11 | 
{0.0: 2082, 1.0: 175, -1.0: 167}
Iter-0: 12.74/6.14 | Iter-1: 12.94/6.32 | Iter-2: 13.98/6.71 | Iter-3: 13.3/6.08 | Iter-4: 13.1/6.1 | 
{0.0: 2062, 1.0: 188, -1.0: 174}
Iter-0: 12.81/6.37 | Iter-1: 13.12/6.3 | Iter-2: 14.64/7.28 | Iter-3: 14.07/6.7 | Iter-4: 13.92/6.73 | 
prob_mse: 0.243763311331, running time: 100.995682001
18.0 ~~~~~~~~~~~~~~~~~~~~~~~~~~~~~~~~~~~~~~~~~~~~~~~~~~~~~~~~~~~~~~~`
dataset: facebook method: Adv-CSL, #attack_edge:10000,T:10,test_ratio: 0.3,gamma:0.4
/network/rit/lab/ceashpc/adil/data/adv_csl/Jan2/random_pgd_csl/facebook/facebook-attackedges-10000-T-10-testratio-0.3-swap_ratio-0.01-gamma-0.4-realization-8-data-X.pkl
#Rule:372936 Nodes:8078 Edges:372936
0 Creating 10 consumers
{0.0: 2253, 1.0: 94, -1.0: 77}
{0.0: 2226, 1.0: 109, -1.0: 89}
{0.0: 2205, 1.0: 117, -1.0: 102}
{0.0: 2184, 1.0: 121, -1.0: 119}
{0.0: 2134, 1.0: 149, -1.0: 141}
{0.0: 2158, 1.0: 138, -1.0: 128}
{0.0: 2119, 1.0: 156, -1.0: 149}
{0.0: 2099, 1.0: 162, -1.0: 163}
{0.0: 2082, 1.0: 175, -1.0: 167}
{0.0: 2062, 1.0: 188, -1.0: 174}
1 Creating 10 consumers
{0.0: 2184, 1.0: 121, -1.0: 119}
{0.0: 2134, 1.0: 149, -1.0: 141}
{0.0: 2158, 1.0: 138, -1.0: 128}
Iter-0: 12.99/6.2 | Iter-1: 13.03/6.51 | Iter-2: 13.27/6.62 | Iter-3: 13.05/6.22 | Iter-4: 12.86/6.36 | 
{0.0: 2205, 1.0: 117, -1.0: 102}
Iter-0: 13.25/6.27 | Iter-1: 13.15/6.47 | Iter-2: 13.66/6.81 | Iter-3: 13.23/6.23 | Iter-4: 13.04/6.42 | 
{0.0: 2099, 1.0: 162, -1.0: 163}
Iter-0: 12.93/6.24 | Iter-1: 12.91/6.47 | Iter-2: 13.14/6.53 | Iter-3: 12.76/6.06 | Iter-4: 12.61/6.21 | 
{0.0: 2253, 1.0: 94, -1.0: 77}
Iter-0: 13.64/6.63 | Iter-1: 13.63/6.92 | Iter-2: 13.84/6.96 | Iter-3: 13.49/6.46 | Iter-4: 13.3/6.6 | 
{0.0: 2119, 1.0: 156, -1.0: 149}
Iter-0: 13.32/6.32 | Iter-1: 13.36/6.58 | Iter-2: 13.54/6.69 | Iter-3: 13.12/6.18 | Iter-4: 12.61/6.12 | 
{0.0: 2082, 1.0: 175, -1.0: 167}
Iter-0: 12.96/6.2 | Iter-1: 12.93/6.43 | Iter-2: 13.14/6.51 | Iter-3: 12.79/6.06 | Iter-4: 13.32/6.18 | 
{0.0: 2226, 1.0: 109, -1.0: 89}
Iter-0: 13.21/6.29 | Iter-1: 13.39/6.57 | Iter-2: 14.78/7.73 | Iter-3: 14.02/6.87 | Iter-4: 13.75/6.97 | 
{0.0: 2062, 1.0: 188, -1.0: 174}
Iter-0: 12.94/6.21 | Iter-1: 13.32/6.4 | Iter-2: 13.51/6.39 | Iter-3: 13.28/6.05 | Iter-4: 13.18/6.14 | 
prob_mse: 0.240875440044, running time: 97.5972909927
19.0 ~~~~~~~~~~~~~~~~~~~~~~~~~~~~~~~~~~~~~~~~~~~~~~~~~~~~~~~~~~~~~~~`
dataset: facebook method: Adv-CSL, #attack_edge:10000,T:10,test_ratio: 0.3,gamma:0.5
/network/rit/lab/ceashpc/adil/data/adv_csl/Jan2/random_pgd_csl/facebook/facebook-attackedges-10000-T-10-testratio-0.3-swap_ratio-0.01-gamma-0.5-realization-8-data-X.pkl
#Rule:372936 Nodes:8078 Edges:372936
0 Creating 10 consumers
{0.0: 1220, -1.0: 1204}
{0.0: 1216, -1.0: 1208}
{0.0: 1212, -1.0: 1212}
{0.0: 1200, -1.0: 1224}
{0.0: 1203, -1.0: 1221}
{0.0: 1204, -1.0: 1220}
{0.0: 1203, -1.0: 1221}
{0.0: 1197, -1.0: 1227}
{0.0: 1205, -1.0: 1219}
{0.0: 1205, -1.0: 1219}
1 Creating 10 consumers
{0.0: 1220, -1.0: 1204}
{0.0: 1216, -1.0: 1208}
{0.0: 1212, -1.0: 1212}
{0.0: 1200, -1.0: 1224}
{0.0: 1204, -1.0: 1220}
{0.0: 1203, -1.0: 1221}
{0.0: 1203, -1.0: 1221}
{0.0: 1197, -1.0: 1227}
{0.0: 1205, -1.0: 1219}
{0.0: 1205, -1.0: 1219}
prob_mse: 0.418548982398, running time: 44.2856900692
20.0 ~~~~~~~~~~~~~~~~~~~~~~~~~~~~~~~~~~~~~~~~~~~~~~~~~~~~~~~~~~~~~~~`
dataset: facebook method: Adv-CSL, #attack_edge:10000,T:10,test_ratio: 0.3,gamma:0.0
/network/rit/lab/ceashpc/adil/data/adv_csl/Jan2/random_pgd_csl/facebook/facebook-attackedges-10000-T-10-testratio-0.3-swap_ratio-0.01-gamma-0.0-realization-9-data-X.pkl
#Rule:372936 Nodes:8078 Edges:372936
0 Creating 10 consumers
{0.0: 2260, 1.0: 92, -1.0: 72}
{0.0: 2230, 1.0: 106, -1.0: 88}
{0.0: 2185, 1.0: 132, -1.0: 107}
{0.0: 2205, 1.0: 119, -1.0: 100}
{0.0: 2157, 1.0: 140, -1.0: 127}
{0.0: 2129, 1.0: 152, -1.0: 143}
{0.0: 2113, 1.0: 162, -1.0: 149}
{0.0: 2104, 1.0: 168, -1.0: 152}
{0.0: 2097, 1.0: 169, -1.0: 158}
{0.0: 2077, 1.0: 179, -1.0: 168}
1 Creating 10 consumers
{0.0: 2185, 1.0: 132, -1.0: 107}
{0.0: 2205, 1.0: 119, -1.0: 100}
{0.0: 2157, 1.0: 140, -1.0: 127}
{0.0: 2113, 1.0: 162, -1.0: 149}
Iter-0: 10.28/3.6 | Iter-1: 12.43/5.72 | 
{0.0: 2129, 1.0: 152, -1.0: 143}
Iter-0: 10.48/3.52 | Iter-1: 12.45/5.55 | 
{0.0: 2104, 1.0: 168, -1.0: 152}
Iter-0: 10.21/3.6 | Iter-1: 12.68/5.55 | 
{0.0: 2097, 1.0: 169, -1.0: 158}
Iter-0: 10.47/3.51 | Iter-1: 12.5/5.62 | 
{0.0: 2077, 1.0: 179, -1.0: 168}
Iter-0: 10.48/3.62 | Iter-1: 12.59/5.74 | 
{0.0: 2260, 1.0: 92, -1.0: 72}
Iter-0: 10.17/3.62 | Iter-1: 13.49/6.43 | Iter-2: 11.78/4.39 | Iter-3: 11.14/5.06 | Iter-4: 10.72/4.69 | 
{0.0: 2230, 1.0: 106, -1.0: 88}
Iter-0: 10.42/3.53 | Iter-1: 12.93/5.62 | Iter-2: 11.96/4.84 | Iter-3: 11.69/5.26 | Iter-4: 11.59/5.13 | 
prob_mse: 0.0975485148515, running time: 83.5077280998
21.0 ~~~~~~~~~~~~~~~~~~~~~~~~~~~~~~~~~~~~~~~~~~~~~~~~~~~~~~~~~~~~~~~`
dataset: facebook method: Adv-CSL, #attack_edge:10000,T:10,test_ratio: 0.3,gamma:0.01
/network/rit/lab/ceashpc/adil/data/adv_csl/Jan2/random_pgd_csl/facebook/facebook-attackedges-10000-T-10-testratio-0.3-swap_ratio-0.01-gamma-0.01-realization-9-data-X.pkl
#Rule:372936 Nodes:8078 Edges:372936
0 Creating 10 consumers
{0.0: 2260, 1.0: 92, -1.0: 72}
{0.0: 2205, 1.0: 119, -1.0: 100}
{0.0: 2185, 1.0: 132, -1.0: 107}
{0.0: 2230, 1.0: 106, -1.0: 88}
{0.0: 2157, 1.0: 140, -1.0: 127}
{0.0: 2129, 1.0: 152, -1.0: 143}
{0.0: 2113, 1.0: 162, -1.0: 149}
{0.0: 2104, 1.0: 168, -1.0: 152}
{0.0: 2097, 1.0: 169, -1.0: 158}
{0.0: 2077, 1.0: 179, -1.0: 168}
1 Creating 10 consumers
{0.0: 2205, 1.0: 119, -1.0: 100}
{0.0: 2185, 1.0: 132, -1.0: 107}
{0.0: 2157, 1.0: 140, -1.0: 127}
{0.0: 2260, 1.0: 92, -1.0: 72}
Iter-0: 12.92/6.55 | Iter-1: 14.27/6.94 | Iter-2: 12.79/6.12 | Iter-3: 12.85/5.89 | Iter-4: 12.62/5.75 | 
{0.0: 2097, 1.0: 169, -1.0: 158}
Iter-0: 12.59/6.3 | Iter-1: 13.16/6.5 | Iter-2: 12.27/6.01 | Iter-3: 12.36/5.99 | Iter-4: 12.26/5.63 | 
{0.0: 2129, 1.0: 152, -1.0: 143}
Iter-0: 12.75/6.42 | Iter-1: 13.83/6.84 | Iter-2: 12.92/6.36 | Iter-3: 12.76/6.33 | Iter-4: 12.49/5.72 | 
{0.0: 2104, 1.0: 168, -1.0: 152}
Iter-0: 12.86/6.41 | Iter-1: 13.53/6.73 | Iter-2: 12.6/6.17 | Iter-3: 12.51/6.11 | Iter-4: 12.33/5.68 | 
{0.0: 2230, 1.0: 106, -1.0: 88}
Iter-0: 13.26/6.69 | Iter-1: 14.3/6.99 | Iter-2: 13.36/6.59 | Iter-3: 13.2/6.54 | Iter-4: 12.9/5.89 | 
{0.0: 2077, 1.0: 179, -1.0: 168}
