

--------------------------------------------------
--------------------------------------------------

-------------------Tue, 22 Jan 2019 12:25:39 AM EST---------------------

0 ~~~~~~~~~~~~~~~~~~~~~~~~~~~~~~~~~~~~~~~~~~~~~~~~~~~~~~~~~~~~~~~`
dataset: enron method: Adv-CSL, #attack_edge:10000,T:10,test_ratio: 0.3,gamma:0.0
/network/rit/lab/ceashpc/adil/data/adv_csl/Jan2/random_noise/enron/enron-attackedges-10000-T-10-testratio-0.3-swap_ratio-0.01-gamma-0.0-realization-0-data-X.pkl
#Rule:743244 Nodes:67392 Edges:743244
0 Creating 10 consumers
{0.0: 18039, 1.0: 1796, -1.0: 383}
{0.0: 17709, 1.0: 1960, -1.0: 549}
{0.0: 17876, 1.0: 1875, -1.0: 467}
{0.0: 17515, 1.0: 2057, -1.0: 646}
{0.0: 17366, 1.0: 2119, -1.0: 733}
{0.0: 17220, 1.0: 2184, -1.0: 814}
{0.0: 17076, 1.0: 2267, -1.0: 875}
{0.0: 16914, 1.0: 2349, -1.0: 955}
{0.0: 16760, 1.0: 2423, -1.0: 1035}
{0.0: 16588, 1.0: 2525, -1.0: 1105}
1 Creating 10 consumers
{0.0: 17220, 1.0: 2184, -1.0: 814}
Iter-0: 26.48/6.95 | Iter-1: 31.13/12.18 | Iter-2: 28.67/9.77 | 
{0.0: 16760, 1.0: 2423, -1.0: 1035}
Iter-0: 25.7/6.9 | Iter-1: 30.26/11.94 | Iter-2: 27.97/9.63 | 
{0.0: 16914, 1.0: 2349, -1.0: 955}
Iter-0: 25.96/6.89 | Iter-1: 31.41/11.99 | Iter-2: 29.13/9.66 | 
{0.0: 16588, 1.0: 2525, -1.0: 1105}
Iter-0: 26.06/6.91 | Iter-1: 30.28/11.92 | Iter-2: 28.04/9.64 | 
{0.0: 17076, 1.0: 2267, -1.0: 875}
Iter-0: 29.03/7.48 | Iter-1: 34.03/13.23 | Iter-2: 31.42/10.6 | 
{0.0: 18039, 1.0: 1796, -1.0: 383}
Iter-0: 25.73/6.94 | Iter-1: 30.72/12.33 | Iter-2: 28.02/9.79 | Iter-3: 28.83/10.57 | Iter-4: 29.15/10.54 | 
{0.0: 17709, 1.0: 1960, -1.0: 549}
Iter-0: 25.69/6.91 | Iter-1: 30.54/12.25 | Iter-2: 28.14/9.76 | Iter-3: 28.89/10.5 | Iter-4: 29.23/10.49 | 
{0.0: 17515, 1.0: 2057, -1.0: 646}
Iter-0: 25.91/7.04 | Iter-1: 30.58/12.43 | Iter-2: 27.92/9.67 | Iter-3: 28.52/10.35 | Iter-4: 29.39/10.39 | 
{0.0: 17876, 1.0: 1875, -1.0: 467}
Iter-0: 27.08/6.9 | Iter-1: 32.05/12.35 | Iter-2: 29.62/9.81 | Iter-3: 30.33/10.56 | Iter-4: 30.59/10.49 | 
{0.0: 17366, 1.0: 2119, -1.0: 733}
Iter-0: 25.7/6.94 | Iter-1: 31.6/12.23 | Iter-2: 29.26/9.78 | Iter-3: 30.01/10.44 | Iter-4: 29.77/10.46 | 
prob_mse: 0.11994470274, running time: 227.649897099
1.0 ~~~~~~~~~~~~~~~~~~~~~~~~~~~~~~~~~~~~~~~~~~~~~~~~~~~~~~~~~~~~~~~`
dataset: enron method: Adv-CSL, #attack_edge:10000,T:10,test_ratio: 0.3,gamma:0.0
/network/rit/lab/ceashpc/adil/data/adv_csl/Jan2/random_noise/enron/enron-attackedges-10000-T-10-testratio-0.3-swap_ratio-0.01-gamma-0.0-realization-1-data-X.pkl
#Rule:743244 Nodes:67392 Edges:743244
0 Creating 10 consumers
{0.0: 18039, 1.0: 1796, -1.0: 383}
{0.0: 17876, 1.0: 1875, -1.0: 467}
{0.0: 17709, 1.0: 1960, -1.0: 549}
{0.0: 17515, 1.0: 2057, -1.0: 646}
{0.0: 17366, 1.0: 2119, -1.0: 733}
{0.0: 17220, 1.0: 2184, -1.0: 814}
{0.0: 17076, 1.0: 2267, -1.0: 875}
{0.0: 16914, 1.0: 2349, -1.0: 955}
{0.0: 16760, 1.0: 2423, -1.0: 1035}
{0.0: 16588, 1.0: 2525, -1.0: 1105}
1 Creating 10 consumers
{0.0: 17220, 1.0: 2184, -1.0: 814}
Iter-0: 25.09/6.92 | Iter-1: 30.18/12.11 | Iter-2: 28.92/9.71 | 
{0.0: 17076, 1.0: 2267, -1.0: 875}
Iter-0: 26.22/6.93 | Iter-1: 31.82/12.08 | Iter-2: 29.38/9.67 | 
{0.0: 16914, 1.0: 2349, -1.0: 955}
Iter-0: 25.14/6.94 | Iter-1: 30.41/12.0 | Iter-2: 29.68/9.74 | 
{0.0: 16588, 1.0: 2525, -1.0: 1105}
Iter-0: 25.41/6.94 | Iter-1: 30.71/11.92 | Iter-2: 28.41/9.6 | 
{0.0: 16760, 1.0: 2423, -1.0: 1035}
Iter-0: 24.97/6.93 | Iter-1: 30.27/11.9 | Iter-2: 32.0/10.61 | 
{0.0: 18039, 1.0: 1796, -1.0: 383}
Iter-0: 25.96/6.94 | Iter-1: 31.24/12.33 | Iter-2: 29.43/9.78 | Iter-3: 29.33/10.56 | Iter-4: 29.31/10.5 | 
{0.0: 17515, 1.0: 2057, -1.0: 646}
Iter-0: 24.99/6.92 | Iter-1: 30.22/12.15 | Iter-2: 28.42/9.72 | Iter-3: 28.44/10.42 | Iter-4: 28.57/10.43 | 
{0.0: 17709, 1.0: 1960, -1.0: 549}
Iter-0: 24.93/6.93 | Iter-1: 30.23/12.23 | Iter-2: 29.36/9.74 | Iter-3: 29.02/10.53 | Iter-4: 29.44/10.51 | 
{0.0: 17876, 1.0: 1875, -1.0: 467}
Iter-0: 26.1/6.99 | Iter-1: 31.51/12.49 | Iter-2: 29.39/9.98 | Iter-3: 29.44/10.55 | Iter-4: 28.96/10.5 | 
{0.0: 17366, 1.0: 2119, -1.0: 733}
Iter-0: 26.21/6.95 | Iter-1: 31.46/12.23 | Iter-2: 29.67/9.79 | Iter-3: 29.74/10.45 | Iter-4: 29.35/10.5 | 
prob_mse: 0.11994470274, running time: 227.098473072
2.0 ~~~~~~~~~~~~~~~~~~~~~~~~~~~~~~~~~~~~~~~~~~~~~~~~~~~~~~~~~~~~~~~`
dataset: enron method: Adv-CSL, #attack_edge:10000,T:10,test_ratio: 0.3,gamma:0.01
/network/rit/lab/ceashpc/adil/data/adv_csl/Jan2/random_noise/enron/enron-attackedges-10000-T-10-testratio-0.3-swap_ratio-0.01-gamma-0.01-realization-0-data-X.pkl
#Rule:743244 Nodes:67392 Edges:743244
0 Creating 10 consumers
{0.0: 18039, 1.0: 1796, -1.0: 383}
{0.0: 17876, 1.0: 1875, -1.0: 467}
{0.0: 17709, 1.0: 1960, -1.0: 549}
{0.0: 17515, 1.0: 2057, -1.0: 646}
{0.0: 17366, 1.0: 2119, -1.0: 733}
{0.0: 17220, 1.0: 2184, -1.0: 814}
{0.0: 17076, 1.0: 2267, -1.0: 875}
{0.0: 16914, 1.0: 2349, -1.0: 955}
{0.0: 16588, 1.0: 2525, -1.0: 1105}
{0.0: 16760, 1.0: 2423, -1.0: 1035}
1 Creating 10 consumers
{0.0: 17709, 1.0: 1960, -1.0: 549}
Iter-0: 31.96/13.8 | Iter-1: 33.34/14.84 | Iter-2: 44.73/20.21 | Iter-3: 49.47/15.37 | Iter-4: 58.83/26.04 | 
{0.0: 17876, 1.0: 1875, -1.0: 467}
Iter-0: 32.86/13.89 | Iter-1: 33.87/14.85 | Iter-2: 45.67/20.83 | Iter-3: 50.81/15.79 | Iter-4: 58.2/25.3 | 
{0.0: 18039, 1.0: 1796, -1.0: 383}
Iter-0: 32.61/13.95 | Iter-1: 33.62/14.98 | Iter-2: 44.51/18.67 | Iter-3: 56.34/18.13 | Iter-4: 61.39/26.69 | 
{0.0: 17076, 1.0: 2267, -1.0: 875}
Iter-0: 31.52/13.23 | Iter-1: 36.13/14.24 | Iter-2: 41.44/18.49 | Iter-3: 52.81/17.94 | Iter-4: 55.95/24.3 | 
{0.0: 17515, 1.0: 2057, -1.0: 646}
Iter-0: 31.87/13.67 | Iter-1: 33.88/14.61 | Iter-2: 43.56/19.51 | Iter-3: 55.1/15.43 | Iter-4: 63.48/26.8 | 
{0.0: 17366, 1.0: 2119, -1.0: 733}
Iter-0: 32.03/13.4 | Iter-1: 35.27/14.44 | Iter-2: 44.05/18.99 | Iter-3: 59.49/19.84 | Iter-4: 61.65/26.61 | 
{0.0: 16588, 1.0: 2525, -1.0: 1105}
Iter-0: 31.25/13.01 | Iter-1: 39.52/14.13 | Iter-2: 40.32/17.76 | Iter-3: 57.97/23.88 | Iter-4: 54.63/24.24 | 
{0.0: 17220, 1.0: 2184, -1.0: 814}
Iter-0: 31.72/13.39 | Iter-1: 35.73/14.39 | Iter-2: 44.95/18.44 | Iter-3: 60.41/20.72 | Iter-4: 61.49/25.99 | 
{0.0: 16914, 1.0: 2349, -1.0: 955}
Iter-0: 31.38/13.13 | Iter-1: 37.07/14.25 | Iter-2: 42.17/17.75 | Iter-3: 62.47/25.07 | Iter-4: 56.77/24.69 | 
{0.0: 16760, 1.0: 2423, -1.0: 1035}
Iter-0: 31.3/13.06 | Iter-1: 38.02/14.11 | Iter-2: 41.97/17.21 | Iter-3: 65.51/27.77 | Iter-4: 56.46/24.59 | 
prob_mse: 0.143521538563, running time: 330.657422066
3.0 ~~~~~~~~~~~~~~~~~~~~~~~~~~~~~~~~~~~~~~~~~~~~~~~~~~~~~~~~~~~~~~~`
dataset: enron method: Adv-CSL, #attack_edge:10000,T:10,test_ratio: 0.3,gamma:0.01
/network/rit/lab/ceashpc/adil/data/adv_csl/Jan2/random_noise/enron/enron-attackedges-10000-T-10-testratio-0.3-swap_ratio-0.01-gamma-0.01-realization-1-data-X.pkl
#Rule:743244 Nodes:67392 Edges:743244
0 Creating 10 consumers
{0.0: 18039, 1.0: 1796, -1.0: 383}
{0.0: 17876, 1.0: 1875, -1.0: 467}
{0.0: 17709, 1.0: 1960, -1.0: 549}
{0.0: 17515, 1.0: 2057, -1.0: 646}
{0.0: 17366, 1.0: 2119, -1.0: 733}
{0.0: 17220, 1.0: 2184, -1.0: 814}
{0.0: 16914, 1.0: 2349, -1.0: 955}
{0.0: 17076, 1.0: 2267, -1.0: 875}
{0.0: 16760, 1.0: 2423, -1.0: 1035}
{0.0: 16588, 1.0: 2525, -1.0: 1105}
1 Creating 10 consumers
{0.0: 17876, 1.0: 1875, -1.0: 467}
Iter-0: 42.69/18.01 | Iter-1: 36.9/17.4 | Iter-2: 32.54/13.89 | Iter-3: 32.21/13.67 | Iter-4: 32.5/13.58 | 
{0.0: 17709, 1.0: 1960, -1.0: 549}
Iter-0: 42.39/17.5 | Iter-1: 36.18/16.74 | Iter-2: 32.71/13.83 | Iter-3: 32.38/13.6 | Iter-4: 34.01/13.6 | 
{0.0: 18039, 1.0: 1796, -1.0: 383}
Iter-0: 42.42/17.71 | Iter-1: 37.96/18.01 | Iter-2: 34.67/14.35 | Iter-3: 34.02/13.89 | Iter-4: 34.23/13.77 | 
{0.0: 17366, 1.0: 2119, -1.0: 733}
Iter-0: 40.77/18.34 | Iter-1: 35.14/15.66 | Iter-2: 32.32/13.54 | Iter-3: 31.93/13.4 | Iter-4: 32.75/13.33 | 
{0.0: 17515, 1.0: 2057, -1.0: 646}
Iter-0: 40.51/17.68 | Iter-1: 36.84/16.0 | Iter-2: 35.41/15.36 | Iter-3: 33.33/13.52 | Iter-4: 33.81/13.42 | 
{0.0: 16914, 1.0: 2349, -1.0: 955}
Iter-0: 38.32/16.25 | Iter-1: 34.05/15.03 | Iter-2: 32.25/13.31 | Iter-3: 32.0/13.19 | Iter-4: 32.14/13.12 | 
{0.0: 17076, 1.0: 2267, -1.0: 875}
Iter-0: 40.66/17.05 | Iter-1: 34.58/15.39 | Iter-2: 32.08/13.4 | Iter-3: 31.84/13.28 | Iter-4: 33.85/13.23 | 
{0.0: 16760, 1.0: 2423, -1.0: 1035}
Iter-0: 37.28/15.94 | Iter-1: 33.85/14.91 | Iter-2: 32.06/13.28 | Iter-3: 31.77/13.16 | Iter-4: 31.99/13.1 | 
{0.0: 17220, 1.0: 2184, -1.0: 814}
Iter-0: 39.26/17.33 | Iter-1: 34.86/15.4 | Iter-2: 35.34/13.71 | Iter-3: 36.24/14.79 | Iter-4: 36.61/14.72 | 
{0.0: 16588, 1.0: 2525, -1.0: 1105}
Iter-0: 36.58/15.07 | Iter-1: 35.25/14.59 | Iter-2: 33.0/13.14 | Iter-3: 32.88/13.04 | Iter-4: 33.15/13.01 | 
prob_mse: 0.143521538563, running time: 312.506605864
4.0 ~~~~~~~~~~~~~~~~~~~~~~~~~~~~~~~~~~~~~~~~~~~~~~~~~~~~~~~~~~~~~~~`
dataset: enron method: Adv-CSL, #attack_edge:10000,T:10,test_ratio: 0.3,gamma:0.03
/network/rit/lab/ceashpc/adil/data/adv_csl/Jan2/random_noise/enron/enron-attackedges-10000-T-10-testratio-0.3-swap_ratio-0.01-gamma-0.03-realization-0-data-X.pkl
#Rule:743244 Nodes:67392 Edges:743244
0 Creating 10 consumers
{0.0: 18039, 1.0: 1796, -1.0: 383}
{0.0: 17876, 1.0: 1875, -1.0: 467}
{0.0: 17709, 1.0: 1960, -1.0: 549}
{0.0: 17515, 1.0: 2057, -1.0: 646}
{0.0: 17366, 1.0: 2119, -1.0: 733}
{0.0: 17220, 1.0: 2184, -1.0: 814}
{0.0: 17076, 1.0: 2267, -1.0: 875}
{0.0: 16914, 1.0: 2349, -1.0: 955}
{0.0: 16760, 1.0: 2423, -1.0: 1035}
{0.0: 16588, 1.0: 2525, -1.0: 1105}
1 Creating 10 consumers
{0.0: 17876, 1.0: 1875, -1.0: 467}
Iter-0: 32.1/13.82 | Iter-1: 33.29/14.91 | Iter-2: 33.07/14.09 | Iter-3: 32.63/14.09 | Iter-4: 32.56/14.11 | 
{0.0: 17709, 1.0: 1960, -1.0: 549}
Iter-0: 31.95/13.62 | Iter-1: 32.92/14.7 | Iter-2: 32.6/13.9 | Iter-3: 32.07/13.87 | Iter-4: 32.02/13.88 | 
{0.0: 17515, 1.0: 2057, -1.0: 646}
Iter-0: 31.69/13.57 | Iter-1: 32.89/14.73 | Iter-2: 32.77/13.9 | Iter-3: 32.3/13.9 | Iter-4: 32.28/13.91 | 
{0.0: 17366, 1.0: 2119, -1.0: 733}
Iter-0: 31.56/13.3 | Iter-1: 32.62/14.41 | Iter-2: 32.32/13.63 | Iter-3: 31.83/13.65 | Iter-4: 31.97/13.67 | 
{0.0: 18039, 1.0: 1796, -1.0: 383}
Iter-0: 33.28/13.91 | Iter-1: 34.4/15.04 | Iter-2: 34.49/14.23 | Iter-3: 33.75/14.19 | Iter-4: 33.76/14.2 | 
{0.0: 16914, 1.0: 2349, -1.0: 955}
Iter-0: 31.16/13.05 | Iter-1: 32.4/14.23 | Iter-2: 32.12/13.42 | Iter-3: 31.64/13.47 | Iter-4: 31.91/13.49 | 
{0.0: 17220, 1.0: 2184, -1.0: 814}
Iter-0: 31.24/13.19 | Iter-1: 32.48/14.36 | Iter-2: 33.86/13.59 | Iter-3: 33.2/13.63 | Iter-4: 33.31/13.64 | 
{0.0: 17076, 1.0: 2267, -1.0: 875}
Iter-0: 31.51/13.11 | Iter-1: 32.82/14.3 | Iter-2: 32.65/13.51 | Iter-3: 32.09/13.55 | Iter-4: 32.34/13.58 | 
{0.0: 16760, 1.0: 2423, -1.0: 1035}
Iter-0: 31.4/12.95 | Iter-1: 32.49/14.11 | Iter-2: 32.18/13.34 | Iter-3: 31.76/13.37 | Iter-4: 31.77/13.46 | 
{0.0: 16588, 1.0: 2525, -1.0: 1105}
Iter-0: 31.44/12.94 | Iter-1: 32.64/14.12 | Iter-2: 32.35/13.3 | Iter-3: 31.8/13.37 | Iter-4: 32.27/13.39 | 
prob_mse: 0.143319563425, running time: 263.797552109
5.0 ~~~~~~~~~~~~~~~~~~~~~~~~~~~~~~~~~~~~~~~~~~~~~~~~~~~~~~~~~~~~~~~`
dataset: enron method: Adv-CSL, #attack_edge:10000,T:10,test_ratio: 0.3,gamma:0.03
/network/rit/lab/ceashpc/adil/data/adv_csl/Jan2/random_noise/enron/enron-attackedges-10000-T-10-testratio-0.3-swap_ratio-0.01-gamma-0.03-realization-1-data-X.pkl
#Rule:743244 Nodes:67392 Edges:743244
0 Creating 10 consumers
{0.0: 18039, 1.0: 1796, -1.0: 383}
{0.0: 17876, 1.0: 1875, -1.0: 467}
{0.0: 17709, 1.0: 1960, -1.0: 549}
{0.0: 17515, 1.0: 2057, -1.0: 646}
{0.0: 17366, 1.0: 2119, -1.0: 733}
{0.0: 17220, 1.0: 2184, -1.0: 814}
{0.0: 17076, 1.0: 2267, -1.0: 875}
{0.0: 16914, 1.0: 2349, -1.0: 955}
{0.0: 16760, 1.0: 2423, -1.0: 1035}
{0.0: 16588, 1.0: 2525, -1.0: 1105}
1 Creating 10 consumers
{0.0: 18039, 1.0: 1796, -1.0: 383}
Iter-0: 32.17/13.92 | Iter-1: 33.2/14.99 | Iter-2: 33.03/14.2 | Iter-3: 32.46/14.17 | Iter-4: 32.47/14.17 | 
{0.0: 17876, 1.0: 1875, -1.0: 467}
Iter-0: 32.05/13.78 | Iter-1: 33.44/15.03 | Iter-2: 33.23/14.21 | Iter-3: 32.67/14.18 | Iter-4: 32.63/14.19 | 
{0.0: 17709, 1.0: 1960, -1.0: 549}
Iter-0: 32.21/13.72 | Iter-1: 33.2/14.79 | Iter-2: 33.06/13.94 | Iter-3: 32.44/13.97 | Iter-4: 32.58/13.95 | 
{0.0: 17515, 1.0: 2057, -1.0: 646}
Iter-0: 31.71/13.43 | Iter-1: 33.52/14.57 | Iter-2: 33.52/13.77 | Iter-3: 32.84/13.79 | Iter-4: 33.11/13.82 | 
{0.0: 17076, 1.0: 2267, -1.0: 875}
Iter-0: 31.62/13.15 | Iter-1: 32.31/14.32 | Iter-2: 32.06/13.51 | Iter-3: 31.63/13.57 | Iter-4: 31.82/13.61 | 
{0.0: 17220, 1.0: 2184, -1.0: 814}
Iter-0: 31.85/13.25 | Iter-1: 33.46/14.41 | Iter-2: 33.42/13.6 | Iter-3: 32.73/13.65 | Iter-4: 32.9/13.67 | 
{0.0: 17366, 1.0: 2119, -1.0: 733}
Iter-0: 32.38/13.34 | Iter-1: 33.57/14.46 | Iter-2: 33.49/13.7 | Iter-3: 32.91/13.75 | Iter-4: 32.86/13.77 | 
{0.0: 16914, 1.0: 2349, -1.0: 955}
Iter-0: 31.37/12.95 | Iter-1: 33.7/14.23 | Iter-2: 33.58/13.43 | Iter-3: 33.1/13.5 | Iter-4: 32.92/13.53 | 
{0.0: 16588, 1.0: 2525, -1.0: 1105}
Iter-0: 31.47/12.94 | Iter-1: 32.54/14.08 | Iter-2: 32.49/13.28 | Iter-3: 32.0/13.35 | Iter-4: 32.08/13.38 | 
{0.0: 16760, 1.0: 2423, -1.0: 1035}
Iter-0: 34.18/14.45 | Iter-1: 35.4/15.73 | Iter-2: 35.04/14.84 | Iter-3: 34.61/14.88 | Iter-4: 33.31/14.95 | 
prob_mse: 0.143319563425, running time: 271.42453289
6.0 ~~~~~~~~~~~~~~~~~~~~~~~~~~~~~~~~~~~~~~~~~~~~~~~~~~~~~~~~~~~~~~~`
dataset: enron method: Adv-CSL, #attack_edge:10000,T:10,test_ratio: 0.3,gamma:0.05
/network/rit/lab/ceashpc/adil/data/adv_csl/Jan2/random_noise/enron/enron-attackedges-10000-T-10-testratio-0.3-swap_ratio-0.01-gamma-0.05-realization-0-data-X.pkl
#Rule:743244 Nodes:67392 Edges:743244
0 Creating 10 consumers
{0.0: 18334, 1.0: 1476, -1.0: 408}
{0.0: 18177, 1.0: 1559, -1.0: 482}
{0.0: 18002, 1.0: 1656, -1.0: 560}
{0.0: 17808, 1.0: 1760, -1.0: 650}
{0.0: 17641, 1.0: 1849, -1.0: 728}
{0.0: 17495, 1.0: 1918, -1.0: 805}
{0.0: 17336, 1.0: 2018, -1.0: 864}
{0.0: 17169, 1.0: 2090, -1.0: 959}
{0.0: 16996, 1.0: 2182, -1.0: 1040}
{0.0: 16828, 1.0: 2271, -1.0: 1119}
1 Creating 10 consumers
{0.0: 17641, 1.0: 1849, -1.0: 728}
Iter-0: 47.52/17.02 | Iter-1: 63.37/28.47 | Iter-2: 56.35/25.17 | Iter-3: 52.92/23.65 | Iter-4: 50.27/21.7 | 
{0.0: 18177, 1.0: 1559, -1.0: 482}
Iter-0: 46.69/18.25 | Iter-1: 66.95/31.63 | Iter-2: 59.94/26.15 | Iter-3: 54.89/24.81 | Iter-4: 51.87/23.15 | 
{0.0: 18334, 1.0: 1476, -1.0: 408}
Iter-0: 46.03/18.58 | Iter-1: 69.56/35.16 | Iter-2: 59.61/25.65 | Iter-3: 54.72/24.2 | Iter-4: 53.05/22.58 | 
{0.0: 17336, 1.0: 2018, -1.0: 864}
Iter-0: 51.25/16.32 | Iter-1: 60.85/27.41 | Iter-2: 55.21/23.56 | Iter-3: 50.78/21.51 | Iter-4: 49.36/21.78 | 
{0.0: 18002, 1.0: 1656, -1.0: 560}
Iter-0: 49.99/18.52 | Iter-1: 68.91/33.51 | Iter-2: 58.39/25.47 | Iter-3: 56.1/25.26 | Iter-4: 51.48/24.04 | 
{0.0: 17808, 1.0: 1760, -1.0: 650}
Iter-0: 54.21/18.01 | Iter-1: 64.17/29.72 | Iter-2: 58.34/24.87 | Iter-3: 54.46/23.26 | Iter-4: 50.83/21.23 | 
{0.0: 17495, 1.0: 1918, -1.0: 805}
Iter-0: 55.96/16.54 | Iter-1: 63.19/28.33 | Iter-2: 56.99/23.85 | Iter-3: 52.81/22.73 | Iter-4: 49.16/21.84 | 
{0.0: 17169, 1.0: 2090, -1.0: 959}
Iter-0: 58.43/17.21 | Iter-1: 62.83/27.87 | Iter-2: 56.08/23.38 | Iter-3: 52.25/21.81 | Iter-4: 48.09/21.2 | 
{0.0: 16996, 1.0: 2182, -1.0: 1040}
Iter-0: 59.95/18.5 | Iter-1: 62.05/27.33 | Iter-2: 57.05/22.82 | Iter-3: 52.0/21.66 | Iter-4: 47.04/21.35 | 
{0.0: 16828, 1.0: 2271, -1.0: 1119}
Iter-0: 60.57/21.49 | Iter-1: 58.98/25.74 | Iter-2: 55.34/23.43 | Iter-3: 53.76/23.29 | Iter-4: 46.84/21.8 | 
prob_mse: 0.133167639397, running time: 385.919613838
7.0 ~~~~~~~~~~~~~~~~~~~~~~~~~~~~~~~~~~~~~~~~~~~~~~~~~~~~~~~~~~~~~~~`
dataset: enron method: Adv-CSL, #attack_edge:10000,T:10,test_ratio: 0.3,gamma:0.05
/network/rit/lab/ceashpc/adil/data/adv_csl/Jan2/random_noise/enron/enron-attackedges-10000-T-10-testratio-0.3-swap_ratio-0.01-gamma-0.05-realization-1-data-X.pkl
#Rule:743244 Nodes:67392 Edges:743244
0 Creating 10 consumers
{0.0: 18334, 1.0: 1476, -1.0: 408}
{0.0: 18177, 1.0: 1559, -1.0: 482}
{0.0: 18002, 1.0: 1656, -1.0: 560}
{0.0: 17808, 1.0: 1760, -1.0: 650}
{0.0: 17641, 1.0: 1849, -1.0: 728}
{0.0: 17495, 1.0: 1918, -1.0: 805}
{0.0: 17336, 1.0: 2018, -1.0: 864}
{0.0: 17169, 1.0: 2090, -1.0: 959}
{0.0: 16996, 1.0: 2182, -1.0: 1040}
{0.0: 16828, 1.0: 2271, -1.0: 1119}
1 Creating 10 consumers
{0.0: 18002, 1.0: 1656, -1.0: 560}
Iter-0: 32.39/13.71 | Iter-1: 33.4/14.85 | Iter-2: 33.39/14.22 | Iter-3: 32.57/14.09 | Iter-4: 32.81/14.12 | 
{0.0: 18177, 1.0: 1559, -1.0: 482}
Iter-0: 32.6/13.88 | Iter-1: 33.43/14.92 | Iter-2: 34.38/14.35 | Iter-3: 32.49/14.12 | Iter-4: 34.1/14.31 | 
{0.0: 18334, 1.0: 1476, -1.0: 408}
Iter-0: 33.38/14.09 | Iter-1: 34.32/15.1 | Iter-2: 34.56/14.55 | Iter-3: 33.59/14.34 | Iter-4: 33.57/14.43 | 
{0.0: 17641, 1.0: 1849, -1.0: 728}
Iter-0: 32.31/13.5 | Iter-1: 33.36/14.68 | Iter-2: 33.27/14.0 | Iter-3: 32.48/13.95 | Iter-4: 32.48/13.98 | 
{0.0: 17808, 1.0: 1760, -1.0: 650}
Iter-0: 32.28/13.6 | Iter-1: 33.37/14.74 | Iter-2: 33.28/14.07 | Iter-3: 33.8/14.02 | Iter-4: 33.78/14.03 | 
{0.0: 17495, 1.0: 1918, -1.0: 805}
Iter-0: 32.23/13.29 | Iter-1: 33.23/14.47 | Iter-2: 33.23/13.81 | Iter-3: 32.67/13.7 | Iter-4: 33.74/13.82 | 
{0.0: 17336, 1.0: 2018, -1.0: 864}
Iter-0: 32.16/13.23 | Iter-1: 33.25/14.43 | Iter-2: 34.51/13.8 | Iter-3: 33.7/13.75 | Iter-4: 33.69/13.79 | 
{0.0: 17169, 1.0: 2090, -1.0: 959}
Iter-0: 31.94/13.09 | Iter-1: 33.41/14.29 | Iter-2: 33.94/13.68 | Iter-3: 33.1/13.61 | Iter-4: 33.17/13.69 | 
{0.0: 16828, 1.0: 2271, -1.0: 1119}
Iter-0: 31.66/13.06 | Iter-1: 32.95/14.23 | Iter-2: 33.11/13.51 | Iter-3: 32.01/13.4 | Iter-4: 33.13/13.57 | 
{0.0: 16996, 1.0: 2182, -1.0: 1040}
Iter-0: 31.87/13.1 | Iter-1: 34.13/14.28 | Iter-2: 34.31/13.64 | Iter-3: 33.44/13.59 | Iter-4: 33.46/13.69 | 
prob_mse: 0.133167639397, running time: 276.99516511
8.0 ~~~~~~~~~~~~~~~~~~~~~~~~~~~~~~~~~~~~~~~~~~~~~~~~~~~~~~~~~~~~~~~`
dataset: enron method: Adv-CSL, #attack_edge:10000,T:10,test_ratio: 0.3,gamma:0.07
/network/rit/lab/ceashpc/adil/data/adv_csl/Jan2/random_noise/enron/enron-attackedges-10000-T-10-testratio-0.3-swap_ratio-0.01-gamma-0.07-realization-0-data-X.pkl
#Rule:743244 Nodes:67392 Edges:743244
0 Creating 10 consumers
{0.0: 18334, 1.0: 1476, -1.0: 408}
{0.0: 18177, 1.0: 1559, -1.0: 482}
{0.0: 18002, 1.0: 1656, -1.0: 560}
{0.0: 17808, 1.0: 1760, -1.0: 650}
{0.0: 17641, 1.0: 1849, -1.0: 728}
{0.0: 17495, 1.0: 1918, -1.0: 805}
{0.0: 17336, 1.0: 2018, -1.0: 864}
{0.0: 17169, 1.0: 2090, -1.0: 959}
{0.0: 16996, 1.0: 2182, -1.0: 1040}
{0.0: 16828, 1.0: 2271, -1.0: 1119}
1 Creating 10 consumers
{0.0: 18334, 1.0: 1476, -1.0: 408}
Iter-0: 33.26/14.0 | Iter-1: 34.4/15.08 | Iter-2: 34.48/14.48 | Iter-3: 33.76/14.35 | Iter-4: 33.67/14.4 | 
{0.0: 18177, 1.0: 1559, -1.0: 482}
Iter-0: 32.89/13.89 | Iter-1: 34.05/14.95 | Iter-2: 34.09/14.33 | Iter-3: 33.4/14.23 | Iter-4: 33.29/14.27 | 
{0.0: 17641, 1.0: 1849, -1.0: 728}
Iter-0: 31.78/13.44 | Iter-1: 32.96/14.6 | Iter-2: 32.8/13.97 | Iter-3: 32.28/13.91 | Iter-4: 32.27/13.98 | 
{0.0: 17495, 1.0: 1918, -1.0: 805}
Iter-0: 31.54/13.33 | Iter-1: 32.63/14.46 | Iter-2: 32.64/13.8 | Iter-3: 32.15/13.74 | Iter-4: 32.22/13.83 | 
{0.0: 18002, 1.0: 1656, -1.0: 560}
Iter-0: 32.67/13.8 | Iter-1: 33.91/14.91 | Iter-2: 33.88/14.3 | Iter-3: 33.25/14.17 | Iter-4: 33.3/14.24 | 
{0.0: 17336, 1.0: 2018, -1.0: 864}
Iter-0: 31.46/13.23 | Iter-1: 32.6/14.4 | Iter-2: 32.59/13.72 | Iter-3: 32.12/13.69 | Iter-4: 32.26/13.81 | 
{0.0: 16996, 1.0: 2182, -1.0: 1040}
Iter-0: 31.12/13.04 | Iter-1: 32.44/14.22 | Iter-2: 32.35/13.52 | Iter-3: 31.74/13.5 | Iter-4: 31.85/13.61 | 
{0.0: 17169, 1.0: 2090, -1.0: 959}
Iter-0: 31.36/13.14 | Iter-1: 32.46/14.29 | Iter-2: 32.53/13.61 | Iter-3: 32.07/13.59 | Iter-4: 32.38/13.68 | 
{0.0: 16828, 1.0: 2271, -1.0: 1119}
Iter-0: 31.28/12.99 | Iter-1: 32.53/14.17 | Iter-2: 32.51/13.45 | Iter-3: 31.94/13.48 | Iter-4: 32.14/13.56 | 
{0.0: 17808, 1.0: 1760, -1.0: 650}
Iter-0: 35.27/15.1 | Iter-1: 36.43/16.33 | Iter-2: 36.29/15.57 | Iter-3: 35.59/15.49 | Iter-4: 34.72/15.57 | 
prob_mse: 0.132953308933, running time: 267.62806797
9.0 ~~~~~~~~~~~~~~~~~~~~~~~~~~~~~~~~~~~~~~~~~~~~~~~~~~~~~~~~~~~~~~~`
dataset: enron method: Adv-CSL, #attack_edge:10000,T:10,test_ratio: 0.3,gamma:0.07
/network/rit/lab/ceashpc/adil/data/adv_csl/Jan2/random_noise/enron/enron-attackedges-10000-T-10-testratio-0.3-swap_ratio-0.01-gamma-0.07-realization-1-data-X.pkl
#Rule:743244 Nodes:67392 Edges:743244
0 Creating 10 consumers
{0.0: 18177, 1.0: 1559, -1.0: 482}
{0.0: 18334, 1.0: 1476, -1.0: 408}
{0.0: 18002, 1.0: 1656, -1.0: 560}
{0.0: 17808, 1.0: 1760, -1.0: 650}
{0.0: 17641, 1.0: 1849, -1.0: 728}
{0.0: 17495, 1.0: 1918, -1.0: 805}
{0.0: 17336, 1.0: 2018, -1.0: 864}
{0.0: 17169, 1.0: 2090, -1.0: 959}
{0.0: 16996, 1.0: 2182, -1.0: 1040}
{0.0: 16828, 1.0: 2271, -1.0: 1119}
1 Creating 10 consumers
{0.0: 18334, 1.0: 1476, -1.0: 408}
Iter-0: 32.31/14.07 | Iter-1: 33.44/15.16 | Iter-2: 33.35/14.55 | Iter-3: 32.66/14.44 | Iter-4: 32.72/14.48 | 
{0.0: 18002, 1.0: 1656, -1.0: 560}
Iter-0: 31.78/13.71 | Iter-1: 32.93/14.84 | Iter-2: 32.85/14.23 | Iter-3: 32.13/14.09 | Iter-4: 32.2/14.17 | 
{0.0: 18177, 1.0: 1559, -1.0: 482}
Iter-0: 32.14/13.93 | Iter-1: 33.32/14.97 | Iter-2: 33.47/14.51 | Iter-3: 32.77/14.39 | Iter-4: 32.85/14.45 | 
{0.0: 17808, 1.0: 1760, -1.0: 650}
Iter-0: 31.66/13.6 | Iter-1: 32.82/14.77 | Iter-2: 32.77/14.11 | Iter-3: 32.18/14.05 | Iter-4: 32.28/14.12 | 
{0.0: 17641, 1.0: 1849, -1.0: 728}
Iter-0: 31.68/13.5 | Iter-1: 32.88/14.67 | Iter-2: 32.81/14.02 | Iter-3: 32.24/13.97 | Iter-4: 32.67/14.08 | 
{0.0: 17336, 1.0: 2018, -1.0: 864}
Iter-0: 31.38/13.22 | Iter-1: 32.59/14.4 | Iter-2: 32.44/13.71 | Iter-3: 32.0/13.72 | Iter-4: 32.36/13.77 | 
{0.0: 17169, 1.0: 2090, -1.0: 959}
Iter-0: 31.14/13.11 | Iter-1: 32.28/14.25 | Iter-2: 32.07/13.53 | Iter-3: 31.66/13.55 | Iter-4: 32.27/13.65 | 
{0.0: 16996, 1.0: 2182, -1.0: 1040}
Iter-0: 31.15/13.05 | Iter-1: 32.29/14.21 | Iter-2: 32.25/13.55 | Iter-3: 31.71/13.52 | Iter-4: 32.3/13.61 | 
{0.0: 17495, 1.0: 1918, -1.0: 805}
Iter-0: 32.4/13.37 | Iter-1: 33.74/14.56 | Iter-2: 33.75/13.87 | Iter-3: 33.09/13.85 | Iter-4: 33.36/13.92 | 
{0.0: 16828, 1.0: 2271, -1.0: 1119}
Iter-0: 31.26/13.01 | Iter-1: 32.51/14.21 | Iter-2: 32.46/13.48 | Iter-3: 31.82/13.45 | Iter-4: 32.85/13.59 | 
prob_mse: 0.132953308933, running time: 259.369787931
10.0 ~~~~~~~~~~~~~~~~~~~~~~~~~~~~~~~~~~~~~~~~~~~~~~~~~~~~~~~~~~~~~~~`
dataset: enron method: Adv-CSL, #attack_edge:10000,T:10,test_ratio: 0.3,gamma:0.09
/network/rit/lab/ceashpc/adil/data/adv_csl/Jan2/random_noise/enron/enron-attackedges-10000-T-10-testratio-0.3-swap_ratio-0.01-gamma-0.09-realization-0-data-X.pkl
#Rule:743244 Nodes:67392 Edges:743244
0 Creating 10 consumers
{0.0: 18334, 1.0: 1476, -1.0: 408}
{0.0: 18177, 1.0: 1559, -1.0: 482}
{0.0: 18002, 1.0: 1656, -1.0: 560}
{0.0: 17808, 1.0: 1760, -1.0: 650}
{0.0: 17641, 1.0: 1849, -1.0: 728}
{0.0: 17495, 1.0: 1918, -1.0: 805}
{0.0: 17336, 1.0: 2018, -1.0: 864}
{0.0: 17169, 1.0: 2090, -1.0: 959}
{0.0: 16828, 1.0: 2271, -1.0: 1119}
{0.0: 16996, 1.0: 2182, -1.0: 1040}
1 Creating 10 consumers
{0.0: 18334, 1.0: 1476, -1.0: 408}
Iter-0: 55.36/23.98 | Iter-1: 54.79/25.35 | Iter-2: 51.23/22.71 | Iter-3: 46.42/20.72 | Iter-4: 43.97/19.88 | 
{0.0: 18002, 1.0: 1656, -1.0: 560}
Iter-0: 56.56/24.64 | Iter-1: 53.82/24.18 | Iter-2: 49.91/21.95 | Iter-3: 45.35/19.49 | Iter-4: 42.66/19.0 | 
{0.0: 18177, 1.0: 1559, -1.0: 482}
Iter-0: 55.25/23.67 | Iter-1: 57.5/25.35 | Iter-2: 49.57/22.08 | Iter-3: 47.64/21.09 | Iter-4: 43.32/19.94 | 
{0.0: 17808, 1.0: 1760, -1.0: 650}
Iter-0: 56.35/24.67 | Iter-1: 53.09/24.05 | Iter-2: 50.71/22.76 | Iter-3: 46.21/19.88 | Iter-4: 42.04/19.38 | 
{0.0: 17641, 1.0: 1849, -1.0: 728}
Iter-0: 57.36/26.0 | Iter-1: 52.46/23.41 | Iter-2: 49.68/22.17 | Iter-3: 45.94/20.26 | Iter-4: 40.78/19.04 | 
{0.0: 17336, 1.0: 2018, -1.0: 864}
Iter-0: 57.03/24.38 | Iter-1: 50.8/23.01 | Iter-2: 51.01/21.98 | Iter-3: 41.47/18.05 | Iter-4: 37.67/16.15 | 
{0.0: 17169, 1.0: 2090, -1.0: 959}
Iter-0: 53.33/22.43 | Iter-1: 54.01/25.24 | Iter-2: 46.81/20.59 | Iter-3: 43.39/18.62 | Iter-4: 39.95/18.08 | 
{0.0: 16996, 1.0: 2182, -1.0: 1040}
Iter-0: 53.71/22.58 | Iter-1: 51.2/22.42 | Iter-2: 47.83/21.29 | Iter-3: 44.44/19.56 | Iter-4: 39.14/17.87 | 
{0.0: 16828, 1.0: 2271, -1.0: 1119}
Iter-0: 53.58/21.39 | Iter-1: 51.76/21.53 | Iter-2: 49.57/20.89 | Iter-3: 40.73/16.34 | Iter-4: 37.57/15.35 | 
{0.0: 17495, 1.0: 1918, -1.0: 805}
Iter-0: 56.12/23.81 | Iter-1: 52.81/23.72 | Iter-2: 51.13/22.2 | Iter-3: 46.23/19.64 | Iter-4: 41.54/18.52 | 
prob_mse: 0.1325658654, running time: 381.059837103
11.0 ~~~~~~~~~~~~~~~~~~~~~~~~~~~~~~~~~~~~~~~~~~~~~~~~~~~~~~~~~~~~~~~`
dataset: enron method: Adv-CSL, #attack_edge:10000,T:10,test_ratio: 0.3,gamma:0.09
/network/rit/lab/ceashpc/adil/data/adv_csl/Jan2/random_noise/enron/enron-attackedges-10000-T-10-testratio-0.3-swap_ratio-0.01-gamma-0.09-realization-1-data-X.pkl
#Rule:743244 Nodes:67392 Edges:743244
0 Creating 10 consumers
{0.0: 18334, 1.0: 1476, -1.0: 408}
{0.0: 18177, 1.0: 1559, -1.0: 482}
{0.0: 18002, 1.0: 1656, -1.0: 560}
{0.0: 17808, 1.0: 1760, -1.0: 650}
{0.0: 17641, 1.0: 1849, -1.0: 728}
{0.0: 17495, 1.0: 1918, -1.0: 805}
{0.0: 17336, 1.0: 2018, -1.0: 864}
{0.0: 17169, 1.0: 2090, -1.0: 959}
{0.0: 16996, 1.0: 2182, -1.0: 1040}
{0.0: 16828, 1.0: 2271, -1.0: 1119}
1 Creating 10 consumers
{0.0: 18334, 1.0: 1476, -1.0: 408}
Iter-0: 32.64/13.96 | Iter-1: 33.67/15.05 | Iter-2: 33.5/14.42 | Iter-3: 32.99/14.33 | Iter-4: 32.94/14.41 | 
{0.0: 18177, 1.0: 1559, -1.0: 482}
Iter-0: 33.53/13.86 | Iter-1: 34.46/14.92 | Iter-2: 34.42/14.3 | Iter-3: 32.81/14.23 | Iter-4: 32.82/14.28 | 
{0.0: 17641, 1.0: 1849, -1.0: 728}
Iter-0: 31.91/13.44 | Iter-1: 32.98/14.61 | Iter-2: 33.04/13.94 | Iter-3: 32.14/13.87 | Iter-4: 32.28/13.96 | 
{0.0: 18002, 1.0: 1656, -1.0: 560}
Iter-0: 32.95/13.88 | Iter-1: 33.91/14.94 | Iter-2: 33.88/14.29 | Iter-3: 33.24/14.25 | Iter-4: 33.36/14.31 | 
{0.0: 17495, 1.0: 1918, -1.0: 805}
Iter-0: 31.97/13.42 | Iter-1: 33.22/14.59 | Iter-2: 33.13/13.91 | Iter-3: 32.2/13.88 | Iter-4: 32.27/13.95 | 
{0.0: 17336, 1.0: 2018, -1.0: 864}
Iter-0: 31.79/13.28 | Iter-1: 32.99/14.48 | Iter-2: 32.79/13.77 | Iter-3: 32.05/13.77 | Iter-4: 32.14/13.86 | 
{0.0: 17808, 1.0: 1760, -1.0: 650}
Iter-0: 33.19/13.58 | Iter-1: 34.37/14.73 | Iter-2: 34.43/14.06 | Iter-3: 33.75/14.05 | Iter-4: 33.7/14.11 | 
{0.0: 17169, 1.0: 2090, -1.0: 959}
Iter-0: 31.68/13.11 | Iter-1: 32.84/14.29 | Iter-2: 32.54/13.61 | Iter-3: 31.87/13.6 | Iter-4: 32.0/13.67 | 
{0.0: 16996, 1.0: 2182, -1.0: 1040}
Iter-0: 31.73/13.11 | Iter-1: 33.3/14.31 | Iter-2: 32.68/13.66 | Iter-3: 31.93/13.66 | Iter-4: 32.42/13.73 | 
{0.0: 16828, 1.0: 2271, -1.0: 1119}
Iter-0: 31.4/13.07 | Iter-1: 32.64/14.24 | Iter-2: 32.39/13.51 | Iter-3: 32.02/13.55 | Iter-4: 32.41/13.64 | 
prob_mse: 0.1325658654, running time: 263.12527895
12.0 ~~~~~~~~~~~~~~~~~~~~~~~~~~~~~~~~~~~~~~~~~~~~~~~~~~~~~~~~~~~~~~~`
dataset: enron method: Adv-CSL, #attack_edge:10000,T:10,test_ratio: 0.3,gamma:0.2
/network/rit/lab/ceashpc/adil/data/adv_csl/Jan2/random_noise/enron/enron-attackedges-10000-T-10-testratio-0.3-swap_ratio-0.01-gamma-0.2-realization-0-data-X.pkl
#Rule:743244 Nodes:67392 Edges:743244
0 Creating 10 consumers
{0.0: 18560, 1.0: 1309, -1.0: 349}
{0.0: 18392, 1.0: 1387, -1.0: 439}
{0.0: 18230, 1.0: 1455, -1.0: 533}
{0.0: 17889, 1.0: 1623, -1.0: 706}
{0.0: 18061, 1.0: 1541, -1.0: 616}
{0.0: 17701, 1.0: 1708, -1.0: 809}
{0.0: 17530, 1.0: 1803, -1.0: 885}
{0.0: 17369, 1.0: 1894, -1.0: 955}
{0.0: 17204, 1.0: 1968, -1.0: 1046}
{0.0: 17044, 1.0: 2058, -1.0: 1116}
1 Creating 10 consumers
{0.0: 18560, 1.0: 1309, -1.0: 349}
Iter-0: 32.75/14.09 | Iter-1: 33.78/15.25 | Iter-2: 33.5/14.37 | Iter-3: 33.13/14.46 | Iter-4: 32.97/14.47 | 
{0.0: 17889, 1.0: 1623, -1.0: 706}
Iter-0: 31.63/13.49 | Iter-1: 32.77/14.68 | Iter-2: 32.47/13.82 | Iter-3: 32.01/13.95 | Iter-4: 32.23/13.95 | 
{0.0: 18061, 1.0: 1541, -1.0: 616}
Iter-0: 32.16/13.8 | Iter-1: 33.48/15.07 | Iter-2: 33.06/14.15 | Iter-3: 32.68/14.33 | Iter-4: 32.48/14.16 | 
{0.0: 18230, 1.0: 1455, -1.0: 533}
Iter-0: 32.68/13.91 | Iter-1: 33.8/15.09 | Iter-2: 33.39/14.13 | Iter-3: 33.1/14.27 | Iter-4: 33.12/14.38 | 
{0.0: 18392, 1.0: 1387, -1.0: 439}
Iter-0: 33.3/14.01 | Iter-1: 34.53/15.15 | Iter-2: 34.36/14.26 | Iter-3: 33.68/14.38 | Iter-4: 33.75/14.37 | 
{0.0: 17369, 1.0: 1894, -1.0: 955}
Iter-0: 31.57/13.33 | Iter-1: 32.77/14.51 | Iter-2: 32.44/13.6 | Iter-3: 31.9/13.79 | Iter-4: 32.03/13.81 | 
{0.0: 17701, 1.0: 1708, -1.0: 809}
Iter-0: 32.23/13.55 | Iter-1: 33.46/14.73 | Iter-2: 33.17/13.84 | Iter-3: 32.6/14.01 | Iter-4: 32.51/14.03 | 
{0.0: 17204, 1.0: 1968, -1.0: 1046}
Iter-0: 31.4/13.18 | Iter-1: 32.68/14.41 | Iter-2: 32.39/13.49 | Iter-3: 31.93/13.67 | Iter-4: 31.85/13.69 | 
{0.0: 17530, 1.0: 1803, -1.0: 885}
Iter-0: 32.27/13.39 | Iter-1: 33.56/14.6 | Iter-2: 33.32/13.68 | Iter-3: 32.59/13.85 | Iter-4: 32.61/13.87 | 
{0.0: 17044, 1.0: 2058, -1.0: 1116}
Iter-0: 31.38/13.16 | Iter-1: 32.63/14.38 | Iter-2: 32.33/13.49 | Iter-3: 31.85/13.63 | Iter-4: 31.82/13.65 | 
prob_mse: 0.122471714973, running time: 255.430983067
13.0 ~~~~~~~~~~~~~~~~~~~~~~~~~~~~~~~~~~~~~~~~~~~~~~~~~~~~~~~~~~~~~~~`
dataset: enron method: Adv-CSL, #attack_edge:10000,T:10,test_ratio: 0.3,gamma:0.2
/network/rit/lab/ceashpc/adil/data/adv_csl/Jan2/random_noise/enron/enron-attackedges-10000-T-10-testratio-0.3-swap_ratio-0.01-gamma-0.2-realization-1-data-X.pkl
#Rule:743244 Nodes:67392 Edges:743244
0 Creating 10 consumers
{0.0: 18392, 1.0: 1387, -1.0: 439}
{0.0: 18560, 1.0: 1309, -1.0: 349}
{0.0: 18230, 1.0: 1455, -1.0: 533}
{0.0: 18061, 1.0: 1541, -1.0: 616}
{0.0: 17889, 1.0: 1623, -1.0: 706}
{0.0: 17701, 1.0: 1708, -1.0: 809}
{0.0: 17530, 1.0: 1803, -1.0: 885}
{0.0: 17369, 1.0: 1894, -1.0: 955}
{0.0: 17204, 1.0: 1968, -1.0: 1046}
{0.0: 17044, 1.0: 2058, -1.0: 1116}
1 Creating 10 consumers
{0.0: 18560, 1.0: 1309, -1.0: 349}
Iter-0: 32.33/14.07 | Iter-1: 33.52/15.18 | Iter-2: 33.13/14.33 | Iter-3: 44.05/19.83 | Iter-4: 40.7/18.69 | 
{0.0: 18392, 1.0: 1387, -1.0: 439}
Iter-0: 32.1/13.92 | Iter-1: 33.37/15.08 | Iter-2: 32.86/14.17 | Iter-3: 45.38/19.04 | Iter-4: 38.82/16.3 | 
{0.0: 18230, 1.0: 1455, -1.0: 533}
Iter-0: 31.68/13.75 | Iter-1: 32.96/14.9 | Iter-2: 32.79/14.0 | Iter-3: 46.33/19.52 | Iter-4: 38.8/16.55 | 
{0.0: 18061, 1.0: 1541, -1.0: 616}
Iter-0: 31.65/13.65 | Iter-1: 32.92/14.79 | Iter-2: 32.84/13.91 | Iter-3: 45.04/21.17 | Iter-4: 39.11/17.34 | 
{0.0: 17701, 1.0: 1708, -1.0: 809}
Iter-0: 31.42/13.45 | Iter-1: 32.64/14.66 | Iter-2: 34.04/13.75 | Iter-3: 42.41/19.78 | Iter-4: 36.02/15.52 | 
{0.0: 17889, 1.0: 1623, -1.0: 706}
Iter-0: 31.63/13.58 | Iter-1: 32.85/14.81 | Iter-2: 34.99/13.91 | Iter-3: 45.3/20.0 | Iter-4: 36.98/16.79 | 
{0.0: 17204, 1.0: 1968, -1.0: 1046}
Iter-0: 31.29/13.22 | Iter-1: 32.52/14.43 | Iter-2: 37.19/13.52 | Iter-3: 41.27/19.54 | Iter-4: 36.13/15.61 | 
{0.0: 17530, 1.0: 1803, -1.0: 885}
Iter-0: 31.44/13.33 | Iter-1: 32.67/14.55 | Iter-2: 35.47/13.65 | Iter-3: 44.16/18.77 | Iter-4: 38.25/16.67 | 
{0.0: 17369, 1.0: 1894, -1.0: 955}
Iter-0: 31.33/13.26 | Iter-1: 32.48/14.45 | Iter-2: 37.96/13.55 | Iter-3: 43.49/18.09 | Iter-4: 37.97/16.25 | 
{0.0: 17044, 1.0: 2058, -1.0: 1116}
Iter-0: 31.39/13.16 | Iter-1: 32.73/14.41 | Iter-2: 39.31/13.49 | Iter-3: 41.5/17.67 | Iter-4: 36.16/16.15 | 
prob_mse: 0.122471714973, running time: 282.350908041
14.0 ~~~~~~~~~~~~~~~~~~~~~~~~~~~~~~~~~~~~~~~~~~~~~~~~~~~~~~~~~~~~~~~`
dataset: enron method: Adv-CSL, #attack_edge:10000,T:10,test_ratio: 0.3,gamma:0.3
/network/rit/lab/ceashpc/adil/data/adv_csl/Jan2/random_noise/enron/enron-attackedges-10000-T-10-testratio-0.3-swap_ratio-0.01-gamma-0.3-realization-0-data-X.pkl
#Rule:743244 Nodes:67392 Edges:743244
0 Creating 10 consumers
{0.0: 18560, 1.0: 1309, -1.0: 349}
{0.0: 18392, 1.0: 1387, -1.0: 439}
{0.0: 18230, 1.0: 1455, -1.0: 533}
{0.0: 18061, 1.0: 1541, -1.0: 616}
{0.0: 17889, 1.0: 1623, -1.0: 706}
{0.0: 17701, 1.0: 1708, -1.0: 809}
{0.0: 17530, 1.0: 1803, -1.0: 885}
{0.0: 17369, 1.0: 1894, -1.0: 955}
{0.0: 17204, 1.0: 1968, -1.0: 1046}
{0.0: 17044, 1.0: 2058, -1.0: 1116}
1 Creating 10 consumers
{0.0: 18230, 1.0: 1455, -1.0: 533}
Iter-0: 45.85/20.27 | Iter-1: 45.54/20.91 | Iter-2: 40.31/17.61 | Iter-3: 36.63/16.92 | Iter-4: 32.92/14.24 | 
{0.0: 18560, 1.0: 1309, -1.0: 349}
Iter-0: 47.44/21.05 | Iter-1: 45.37/21.08 | Iter-2: 40.33/18.1 | Iter-3: 38.78/17.93 | Iter-4: 34.93/14.48 | 
{0.0: 18061, 1.0: 1541, -1.0: 616}
Iter-0: 45.65/20.21 | Iter-1: 44.79/19.98 | Iter-2: 39.51/16.85 | Iter-3: 36.26/16.86 | Iter-4: 32.82/14.11 | 
{0.0: 18392, 1.0: 1387, -1.0: 439}
Iter-0: 47.02/20.59 | Iter-1: 45.29/20.85 | Iter-2: 40.17/17.84 | Iter-3: 37.06/17.17 | Iter-4: 34.7/14.43 | 
{0.0: 17889, 1.0: 1623, -1.0: 706}
Iter-0: 46.28/20.87 | Iter-1: 44.5/20.28 | Iter-2: 38.32/16.38 | Iter-3: 36.02/16.88 | Iter-4: 32.71/14.01 | 
{0.0: 17369, 1.0: 1894, -1.0: 955}
Iter-0: 43.95/19.26 | Iter-1: 43.43/19.7 | Iter-2: 38.54/16.13 | Iter-3: 34.2/15.53 | Iter-4: 33.56/13.76 | 
{0.0: 17701, 1.0: 1708, -1.0: 809}
Iter-0: 51.25/22.48 | Iter-1: 45.85/22.27 | Iter-2: 36.67/15.77 | Iter-3: 34.13/14.87 | Iter-4: 32.7/13.9 | 
{0.0: 17530, 1.0: 1803, -1.0: 885}
Iter-0: 50.87/21.59 | Iter-1: 44.56/21.27 | Iter-2: 36.57/15.47 | Iter-3: 33.72/14.64 | Iter-4: 32.63/13.83 | 
{0.0: 17204, 1.0: 1968, -1.0: 1046}
Iter-0: 43.32/18.61 | Iter-1: 43.33/19.48 | Iter-2: 38.62/16.46 | Iter-3: 34.2/15.29 | Iter-4: 32.51/13.76 | 
{0.0: 17044, 1.0: 2058, -1.0: 1116}
Iter-0: 45.13/19.39 | Iter-1: 42.69/19.45 | Iter-2: 39.73/16.74 | Iter-3: 34.61/14.3 | Iter-4: 33.79/13.83 | 
prob_mse: 0.12158142909, running time: 351.067054987
15.0 ~~~~~~~~~~~~~~~~~~~~~~~~~~~~~~~~~~~~~~~~~~~~~~~~~~~~~~~~~~~~~~~`
dataset: enron method: Adv-CSL, #attack_edge:10000,T:10,test_ratio: 0.3,gamma:0.3
/network/rit/lab/ceashpc/adil/data/adv_csl/Jan2/random_noise/enron/enron-attackedges-10000-T-10-testratio-0.3-swap_ratio-0.01-gamma-0.3-realization-1-data-X.pkl
#Rule:743244 Nodes:67392 Edges:743244
0 Creating 10 consumers
{0.0: 18560, 1.0: 1309, -1.0: 349}
{0.0: 18392, 1.0: 1387, -1.0: 439}
{0.0: 18230, 1.0: 1455, -1.0: 533}
{0.0: 18061, 1.0: 1541, -1.0: 616}
{0.0: 17889, 1.0: 1623, -1.0: 706}
{0.0: 17701, 1.0: 1708, -1.0: 809}
{0.0: 17530, 1.0: 1803, -1.0: 885}
{0.0: 17369, 1.0: 1894, -1.0: 955}
{0.0: 17204, 1.0: 1968, -1.0: 1046}
{0.0: 17044, 1.0: 2058, -1.0: 1116}
1 Creating 10 consumers
{0.0: 18560, 1.0: 1309, -1.0: 349}
Iter-0: 32.45/14.09 | Iter-1: 34.18/15.66 | Iter-2: 34.68/14.37 | Iter-3: 32.77/14.6 | Iter-4: 32.52/14.43 | 
{0.0: 18061, 1.0: 1541, -1.0: 616}
Iter-0: 32.13/13.76 | Iter-1: 33.55/15.35 | Iter-2: 32.67/13.94 | Iter-3: 32.37/14.22 | Iter-4: 32.33/14.2 | 
{0.0: 18392, 1.0: 1387, -1.0: 439}
Iter-0: 33.81/13.97 | Iter-1: 35.38/15.66 | Iter-2: 34.23/14.24 | Iter-3: 32.42/14.37 | Iter-4: 32.38/14.29 | 
{0.0: 18230, 1.0: 1455, -1.0: 533}
Iter-0: 31.88/13.84 | Iter-1: 33.54/15.44 | Iter-2: 33.85/14.01 | Iter-3: 33.72/14.38 | Iter-4: 33.67/14.32 | 
{0.0: 17889, 1.0: 1623, -1.0: 706}
Iter-0: 31.68/13.57 | Iter-1: 33.76/15.18 | Iter-2: 32.79/13.85 | Iter-3: 32.25/14.07 | Iter-4: 32.33/14.03 | 
{0.0: 17701, 1.0: 1708, -1.0: 809}
Iter-0: 31.8/13.49 | Iter-1: 33.56/15.08 | Iter-2: 33.95/13.72 | Iter-3: 33.44/14.03 | Iter-4: 33.46/14.02 | 
{0.0: 17530, 1.0: 1803, -1.0: 885}
Iter-0: 31.51/13.36 | Iter-1: 34.27/15.02 | Iter-2: 33.75/13.64 | Iter-3: 33.3/13.97 | Iter-4: 33.34/13.95 | 
{0.0: 17204, 1.0: 1968, -1.0: 1046}
Iter-0: 33.05/13.38 | Iter-1: 33.95/15.03 | Iter-2: 32.64/13.76 | Iter-3: 32.22/13.82 | Iter-4: 32.29/13.8 | 
{0.0: 17044, 1.0: 2058, -1.0: 1116}
Iter-0: 31.35/13.11 | Iter-1: 34.1/14.77 | Iter-2: 32.36/13.38 | Iter-3: 31.99/13.66 | Iter-4: 32.49/13.63 | 
{0.0: 17369, 1.0: 1894, -1.0: 955}
Iter-0: 31.5/13.31 | Iter-1: 34.56/15.13 | Iter-2: 34.06/13.48 | Iter-3: 35.94/15.31 | Iter-4: 35.04/15.26 | 
prob_mse: 0.12158142909, running time: 269.317270041
16.0 ~~~~~~~~~~~~~~~~~~~~~~~~~~~~~~~~~~~~~~~~~~~~~~~~~~~~~~~~~~~~~~~`
dataset: enron method: Adv-CSL, #attack_edge:10000,T:10,test_ratio: 0.3,gamma:0.4
/network/rit/lab/ceashpc/adil/data/adv_csl/Jan2/random_noise/enron/enron-attackedges-10000-T-10-testratio-0.3-swap_ratio-0.01-gamma-0.4-realization-0-data-X.pkl
#Rule:743244 Nodes:67392 Edges:743244
0 Creating 10 consumers
{0.0: 18560, 1.0: 1309, -1.0: 349}
{0.0: 18392, 1.0: 1387, -1.0: 439}
{0.0: 18230, 1.0: 1455, -1.0: 533}
{0.0: 18061, 1.0: 1541, -1.0: 616}
{0.0: 17889, 1.0: 1623, -1.0: 706}
{0.0: 17701, 1.0: 1708, -1.0: 809}
{0.0: 17530, 1.0: 1803, -1.0: 885}
{0.0: 17369, 1.0: 1894, -1.0: 955}
{0.0: 17204, 1.0: 1968, -1.0: 1046}
{0.0: 17044, 1.0: 2058, -1.0: 1116}
1 Creating 10 consumers
{0.0: 18560, 1.0: 1309, -1.0: 349}
Iter-0: 32.1/14.03 | Iter-1: 34.39/15.85 | Iter-2: 32.13/14.09 | Iter-3: 33.89/14.47 | Iter-4: 33.88/14.45 | 
{0.0: 18061, 1.0: 1541, -1.0: 616}
Iter-0: 31.8/13.67 | Iter-1: 34.11/15.5 | Iter-2: 31.99/13.74 | Iter-3: 32.21/14.18 | Iter-4: 32.22/14.09 | 
{0.0: 18392, 1.0: 1387, -1.0: 439}
Iter-0: 33.25/14.07 | Iter-1: 35.73/15.92 | Iter-2: 33.39/14.14 | Iter-3: 33.04/14.49 | Iter-4: 32.92/14.39 | 
{0.0: 17889, 1.0: 1623, -1.0: 706}
Iter-0: 31.83/13.57 | Iter-1: 34.12/15.42 | Iter-2: 32.02/13.68 | Iter-3: 32.28/14.1 | Iter-4: 32.48/14.04 | 
{0.0: 17701, 1.0: 1708, -1.0: 809}
Iter-0: 31.45/13.42 | Iter-1: 33.82/15.25 | Iter-2: 31.56/13.51 | Iter-3: 32.09/13.95 | Iter-4: 32.04/13.88 | 
{0.0: 18230, 1.0: 1455, -1.0: 533}
Iter-0: 33.36/14.01 | Iter-1: 35.84/15.85 | Iter-2: 33.46/14.06 | Iter-3: 33.68/14.48 | Iter-4: 33.66/14.39 | 
{0.0: 17369, 1.0: 1894, -1.0: 955}
Iter-0: 31.36/13.34 | Iter-1: 33.8/15.18 | Iter-2: 31.6/13.45 | Iter-3: 32.11/13.88 | Iter-4: 32.04/13.82 | 
{0.0: 17204, 1.0: 1968, -1.0: 1046}
Iter-0: 31.18/13.19 | Iter-1: 33.57/15.01 | Iter-2: 31.44/13.33 | Iter-3: 31.89/13.78 | Iter-4: 32.29/13.71 | 
{0.0: 17530, 1.0: 1803, -1.0: 885}
Iter-0: 31.44/13.38 | Iter-1: 33.88/15.22 | Iter-2: 32.87/13.57 | Iter-3: 33.25/14.01 | Iter-4: 32.98/13.93 | 
{0.0: 17044, 1.0: 2058, -1.0: 1116}
Iter-0: 31.42/13.07 | Iter-1: 33.82/14.88 | Iter-2: 31.65/13.21 | Iter-3: 32.07/13.69 | Iter-4: 31.89/13.63 | 
prob_mse: 0.120604527319, running time: 261.038349152
17.0 ~~~~~~~~~~~~~~~~~~~~~~~~~~~~~~~~~~~~~~~~~~~~~~~~~~~~~~~~~~~~~~~`
dataset: enron method: Adv-CSL, #attack_edge:10000,T:10,test_ratio: 0.3,gamma:0.4
/network/rit/lab/ceashpc/adil/data/adv_csl/Jan2/random_noise/enron/enron-attackedges-10000-T-10-testratio-0.3-swap_ratio-0.01-gamma-0.4-realization-1-data-X.pkl
#Rule:743244 Nodes:67392 Edges:743244
0 Creating 10 consumers
{0.0: 18560, 1.0: 1309, -1.0: 349}
{0.0: 18392, 1.0: 1387, -1.0: 439}
{0.0: 18230, 1.0: 1455, -1.0: 533}
{0.0: 18061, 1.0: 1541, -1.0: 616}
{0.0: 17889, 1.0: 1623, -1.0: 706}
{0.0: 17701, 1.0: 1708, -1.0: 809}
{0.0: 17369, 1.0: 1894, -1.0: 955}
{0.0: 17204, 1.0: 1968, -1.0: 1046}
{0.0: 17530, 1.0: 1803, -1.0: 885}
{0.0: 17044, 1.0: 2058, -1.0: 1116}
1 Creating 10 consumers
{0.0: 18230, 1.0: 1455, -1.0: 533}
Iter-0: 37.09/13.95 | Iter-1: 44.19/21.02 | Iter-2: 46.46/16.92 | Iter-3: 63.91/29.16 | Iter-4: 55.04/24.42 | 
{0.0: 18560, 1.0: 1309, -1.0: 349}
Iter-0: 35.67/14.14 | Iter-1: 46.54/21.94 | Iter-2: 45.95/17.3 | Iter-3: 68.07/32.16 | Iter-4: 56.65/25.01 | 
{0.0: 18392, 1.0: 1387, -1.0: 439}
Iter-0: 39.73/15.46 | Iter-1: 44.63/20.58 | Iter-2: 43.78/15.6 | Iter-3: 63.36/27.93 | Iter-4: 58.15/26.08 | 
{0.0: 17701, 1.0: 1708, -1.0: 809}
Iter-0: 40.66/13.58 | Iter-1: 41.26/18.89 | Iter-2: 44.85/14.82 | Iter-3: 61.22/27.85 | Iter-4: 56.2/24.81 | 
{0.0: 18061, 1.0: 1541, -1.0: 616}
Iter-0: 37.73/13.68 | Iter-1: 42.05/19.83 | Iter-2: 47.78/16.69 | Iter-3: 65.77/29.4 | Iter-4: 54.88/24.73 | 
{0.0: 17530, 1.0: 1803, -1.0: 885}
Iter-0: 39.9/14.01 | Iter-1: 40.99/18.91 | Iter-2: 53.09/15.96 | Iter-3: 60.27/27.58 | Iter-4: 53.52/24.11 | 
{0.0: 17044, 1.0: 2058, -1.0: 1116}
Iter-0: 40.83/16.09 | Iter-1: 40.94/18.4 | Iter-2: 52.48/15.52 | Iter-3: 59.07/26.49 | Iter-4: 51.85/22.68 | 
{0.0: 17889, 1.0: 1623, -1.0: 706}
Iter-0: 39.61/13.51 | Iter-1: 44.09/20.41 | Iter-2: 52.15/16.2 | Iter-3: 62.8/28.16 | Iter-4: 58.55/27.19 | 
