

--------------------------------------------------
--------------------------------------------------

-------------------Tue, 22 Jan 2019 01:35:16 PM EST---------------------

0 ~~~~~~~~~~~~~~~~~~~~~~~~~~~~~~~~~~~~~~~~~~~~~~~~~~~~~~~~~~~~~~~`
dataset: enron method: Adv-CSL, #attack_edge:10000,T:10,test_ratio: 0.3,gamma:0.09
/network/rit/lab/ceashpc/adil/data/adv_csl/Jan2/random_pgd/enron/enron-attackedges-10000-T-10-testratio-0.3-swap_ratio-0.01-gamma-0.09-realization-0-data-X.pkl
#Rule:743244 Nodes:67392 Edges:743244
0 Creating 10 consumers
{0.0: 18251, 1.0: 1549, -1.0: 418}
{0.0: 18068, 1.0: 1635, -1.0: 515}
{0.0: 17918, 1.0: 1706, -1.0: 594}
{0.0: 17761, 1.0: 1790, -1.0: 667}
{0.0: 17595, 1.0: 1880, -1.0: 743}
{0.0: 17242, 1.0: 2072, -1.0: 904}
{0.0: 17431, 1.0: 1977, -1.0: 810}
{0.0: 17092, 1.0: 2144, -1.0: 982}
{0.0: 16957, 1.0: 2207, -1.0: 1054}
{0.0: 16810, 1.0: 2275, -1.0: 1133}
1 Creating 10 consumers
{0.0: 18251, 1.0: 1549, -1.0: 418}
Iter-0: 31.32/12.26 | Iter-1: 32.31/13.78 | Iter-2: 31.68/13.06 | Iter-3: 32.96/13.25 | Iter-4: 47.03/17.68 | 
{0.0: 18068, 1.0: 1635, -1.0: 515}
Iter-0: 31.57/12.29 | Iter-1: 32.55/13.8 | Iter-2: 31.97/13.08 | Iter-3: 33.69/13.27 | Iter-4: 48.43/18.95 | 
{0.0: 17918, 1.0: 1706, -1.0: 594}
Iter-0: 30.97/12.0 | Iter-1: 32.08/13.54 | Iter-2: 31.41/12.74 | Iter-3: 34.06/12.98 | Iter-4: 48.88/19.5 | 
{0.0: 17761, 1.0: 1790, -1.0: 667}
Iter-0: 30.24/11.81 | Iter-1: 31.37/13.34 | Iter-2: 30.97/12.53 | Iter-3: 34.16/12.76 | Iter-4: 49.99/18.58 | 
{0.0: 17595, 1.0: 1880, -1.0: 743}
Iter-0: 31.29/11.78 | Iter-1: 32.28/13.26 | Iter-2: 31.66/12.49 | Iter-3: 35.81/12.8 | Iter-4: 48.16/18.24 | 
{0.0: 17242, 1.0: 2072, -1.0: 904}
Iter-0: 29.95/11.67 | Iter-1: 30.95/13.05 | Iter-2: 30.36/12.37 | Iter-3: 36.83/12.61 | Iter-4: 48.43/18.64 | 
{0.0: 16957, 1.0: 2207, -1.0: 1054}
Iter-0: 29.84/11.55 | Iter-1: 30.78/12.93 | Iter-2: 30.31/12.32 | Iter-3: 36.78/12.57 | Iter-4: 45.49/19.04 | 
{0.0: 17092, 1.0: 2144, -1.0: 982}
Iter-0: 29.95/11.6 | Iter-1: 31.02/13.0 | Iter-2: 30.64/12.39 | Iter-3: 37.62/12.58 | Iter-4: 47.24/18.4 | 
{0.0: 16810, 1.0: 2275, -1.0: 1133}
Iter-0: 30.12/11.55 | Iter-1: 31.24/13.08 | Iter-2: 30.61/12.32 | Iter-3: 38.56/12.72 | Iter-4: 44.56/18.12 | 
{0.0: 17431, 1.0: 1977, -1.0: 810}
Iter-0: 33.88/13.11 | Iter-1: 34.98/14.71 | Iter-2: 32.83/13.95 | Iter-3: 40.39/13.06 | Iter-4: 45.12/19.09 | 
prob_mse: 0.147495053912, running time: 273.502388954
1.0 ~~~~~~~~~~~~~~~~~~~~~~~~~~~~~~~~~~~~~~~~~~~~~~~~~~~~~~~~~~~~~~~`
dataset: enron method: Adv-CSL, #attack_edge:10000,T:10,test_ratio: 0.3,gamma:0.09
/network/rit/lab/ceashpc/adil/data/adv_csl/Jan2/random_pgd/enron/enron-attackedges-10000-T-10-testratio-0.3-swap_ratio-0.01-gamma-0.09-realization-1-data-X.pkl
#Rule:743244 Nodes:67392 Edges:743244
0 Creating 10 consumers
{0.0: 18246, 1.0: 1539, -1.0: 433}
{0.0: 18058, 1.0: 1634, -1.0: 526}
{0.0: 17916, 1.0: 1712, -1.0: 590}
{0.0: 17763, 1.0: 1791, -1.0: 664}
{0.0: 17476, 1.0: 1947, -1.0: 795}
{0.0: 17316, 1.0: 2030, -1.0: 872}
{0.0: 17172, 1.0: 2104, -1.0: 942}
{0.0: 17630, 1.0: 1861, -1.0: 727}
{0.0: 17033, 1.0: 2172, -1.0: 1013}
{0.0: 16890, 1.0: 2249, -1.0: 1079}
1 Creating 10 consumers
{0.0: 18246, 1.0: 1539, -1.0: 433}
Iter-0: 35.99/12.84 | Iter-1: 34.06/14.77 | Iter-2: 31.88/12.88 | Iter-3: 32.45/12.9 | Iter-4: 31.32/12.35 | 
{0.0: 17916, 1.0: 1712, -1.0: 590}
Iter-0: 34.1/13.36 | Iter-1: 34.52/14.32 | Iter-2: 31.87/12.76 | Iter-3: 32.32/12.86 | Iter-4: 31.23/12.3 | 
{0.0: 17763, 1.0: 1791, -1.0: 664}
Iter-0: 36.32/14.35 | Iter-1: 33.18/13.81 | Iter-2: 31.94/12.73 | Iter-3: 32.7/12.97 | Iter-4: 31.37/12.4 | 
{0.0: 18058, 1.0: 1634, -1.0: 526}
Iter-0: 36.19/13.89 | Iter-1: 34.41/14.39 | Iter-2: 34.15/13.3 | Iter-3: 34.58/13.38 | Iter-4: 32.97/12.67 | 
{0.0: 17630, 1.0: 1861, -1.0: 727}
Iter-0: 36.07/14.21 | Iter-1: 33.09/13.54 | Iter-2: 31.82/12.66 | Iter-3: 32.51/12.83 | Iter-4: 31.5/12.22 | 
{0.0: 17476, 1.0: 1947, -1.0: 795}
Iter-0: 35.16/14.1 | Iter-1: 33.2/13.67 | Iter-2: 31.84/12.59 | Iter-3: 32.5/12.81 | Iter-4: 31.19/12.21 | 
{0.0: 17172, 1.0: 2104, -1.0: 942}
Iter-0: 34.67/14.27 | Iter-1: 32.73/13.57 | Iter-2: 31.63/12.47 | Iter-3: 32.31/12.66 | Iter-4: 31.18/12.24 | 
{0.0: 17316, 1.0: 2030, -1.0: 872}
Iter-0: 35.31/14.6 | Iter-1: 34.59/13.66 | Iter-2: 32.93/12.63 | Iter-3: 33.44/12.81 | Iter-4: 31.34/12.31 | 
{0.0: 16890, 1.0: 2249, -1.0: 1079}
Iter-0: 33.24/12.63 | Iter-1: 33.5/13.44 | Iter-2: 32.22/12.39 | Iter-3: 32.55/12.58 | Iter-4: 31.37/12.1 | 
{0.0: 17033, 1.0: 2172, -1.0: 1013}
Iter-0: 34.69/14.1 | Iter-1: 34.35/13.79 | Iter-2: 32.88/12.52 | Iter-3: 33.9/12.71 | Iter-4: 31.36/12.17 | 
prob_mse: 0.146625722953, running time: 288.197686911
2.0 ~~~~~~~~~~~~~~~~~~~~~~~~~~~~~~~~~~~~~~~~~~~~~~~~~~~~~~~~~~~~~~~`
dataset: enron method: Adv-CSL, #attack_edge:10000,T:10,test_ratio: 0.3,gamma:0.2
/network/rit/lab/ceashpc/adil/data/adv_csl/Jan2/random_pgd/enron/enron-attackedges-10000-T-10-testratio-0.3-swap_ratio-0.01-gamma-0.2-realization-0-data-X.pkl
#Rule:743244 Nodes:67392 Edges:743244
0 Creating 10 consumers
{0.0: 18251, 1.0: 1549, -1.0: 418}
{0.0: 17918, 1.0: 1706, -1.0: 594}
{0.0: 18068, 1.0: 1635, -1.0: 515}
{0.0: 17761, 1.0: 1790, -1.0: 667}
{0.0: 17595, 1.0: 1880, -1.0: 743}
{0.0: 17431, 1.0: 1977, -1.0: 810}
{0.0: 17242, 1.0: 2072, -1.0: 904}
{0.0: 17092, 1.0: 2144, -1.0: 982}
{0.0: 16957, 1.0: 2207, -1.0: 1054}
{0.0: 16810, 1.0: 2275, -1.0: 1133}
1 Creating 10 consumers
{0.0: 17918, 1.0: 1706, -1.0: 594}
Iter-0: 31.18/12.04 | Iter-1: 34.89/13.03 | Iter-2: 48.8/18.45 | Iter-3: 51.6/21.11 | Iter-4: 47.72/19.55 | 
{0.0: 18251, 1.0: 1549, -1.0: 418}
Iter-0: 30.99/12.33 | Iter-1: 32.48/13.46 | Iter-2: 51.45/18.56 | Iter-3: 55.06/22.64 | Iter-4: 54.17/21.7 | 
{0.0: 18068, 1.0: 1635, -1.0: 515}
Iter-0: 32.45/12.34 | Iter-1: 35.88/13.51 | Iter-2: 52.8/18.57 | Iter-3: 53.51/21.47 | Iter-4: 49.28/19.36 | 
{0.0: 17431, 1.0: 1977, -1.0: 810}
Iter-0: 30.6/11.78 | Iter-1: 35.49/12.66 | Iter-2: 51.6/19.21 | Iter-3: 50.11/20.33 | Iter-4: 47.03/19.7 | 
{0.0: 17761, 1.0: 1790, -1.0: 667}
Iter-0: 30.85/11.84 | Iter-1: 34.29/12.77 | Iter-2: 54.52/19.34 | Iter-3: 54.3/21.3 | Iter-4: 53.18/21.26 | 
{0.0: 17242, 1.0: 2072, -1.0: 904}
Iter-0: 30.36/11.82 | Iter-1: 39.03/12.75 | Iter-2: 53.67/19.82 | Iter-3: 51.19/19.74 | Iter-4: 47.14/18.95 | 
{0.0: 17595, 1.0: 1880, -1.0: 743}
Iter-0: 30.51/11.76 | Iter-1: 35.79/12.67 | Iter-2: 54.49/20.22 | Iter-3: 54.94/21.94 | Iter-4: 53.17/20.84 | 
{0.0: 16810, 1.0: 2275, -1.0: 1133}
Iter-0: 30.04/11.55 | Iter-1: 40.14/12.78 | Iter-2: 54.22/21.0 | Iter-3: 50.48/19.14 | Iter-4: 45.87/18.38 | 
{0.0: 16957, 1.0: 2207, -1.0: 1054}
Iter-0: 30.12/11.62 | Iter-1: 38.76/12.68 | Iter-2: 54.97/22.63 | Iter-3: 52.82/21.08 | Iter-4: 48.05/19.6 | 
{0.0: 17092, 1.0: 2144, -1.0: 982}
Iter-0: 30.13/11.7 | Iter-1: 37.87/12.61 | Iter-2: 54.26/21.78 | Iter-3: 55.78/21.78 | Iter-4: 49.2/20.51 | 
prob_mse: 0.145681458766, running time: 327.304030895
3.0 ~~~~~~~~~~~~~~~~~~~~~~~~~~~~~~~~~~~~~~~~~~~~~~~~~~~~~~~~~~~~~~~`
dataset: enron method: Adv-CSL, #attack_edge:10000,T:10,test_ratio: 0.3,gamma:0.2
/network/rit/lab/ceashpc/adil/data/adv_csl/Jan2/random_pgd/enron/enron-attackedges-10000-T-10-testratio-0.3-swap_ratio-0.01-gamma-0.2-realization-1-data-X.pkl
#Rule:743244 Nodes:67392 Edges:743244
0 Creating 10 consumers
{0.0: 18246, 1.0: 1539, -1.0: 433}
{0.0: 18058, 1.0: 1634, -1.0: 526}
{0.0: 17916, 1.0: 1712, -1.0: 590}
{0.0: 17763, 1.0: 1791, -1.0: 664}
{0.0: 17630, 1.0: 1861, -1.0: 727}
{0.0: 17316, 1.0: 2030, -1.0: 872}
{0.0: 17476, 1.0: 1947, -1.0: 795}
{0.0: 17172, 1.0: 2104, -1.0: 942}
{0.0: 17033, 1.0: 2172, -1.0: 1013}
{0.0: 16890, 1.0: 2249, -1.0: 1079}
1 Creating 10 consumers
{0.0: 18246, 1.0: 1539, -1.0: 433}
Iter-0: 34.44/13.97 | Iter-1: 37.43/15.06 | Iter-2: 33.4/14.0 | Iter-3: 31.52/12.79 | Iter-4: 31.12/12.32 | 
{0.0: 17916, 1.0: 1712, -1.0: 590}
Iter-0: 34.34/13.66 | Iter-1: 36.82/14.57 | Iter-2: 32.92/13.61 | Iter-3: 31.59/12.72 | Iter-4: 31.18/12.24 | 
{0.0: 17763, 1.0: 1791, -1.0: 664}
Iter-0: 34.35/13.62 | Iter-1: 36.93/14.85 | Iter-2: 32.41/13.29 | Iter-3: 31.54/12.7 | Iter-4: 31.1/12.21 | 
{0.0: 17630, 1.0: 1861, -1.0: 727}
Iter-0: 34.06/13.4 | Iter-1: 36.28/14.42 | Iter-2: 32.4/13.3 | Iter-3: 31.49/12.58 | Iter-4: 31.07/12.06 | 
{0.0: 17476, 1.0: 1947, -1.0: 795}
Iter-0: 33.84/13.04 | Iter-1: 36.2/14.56 | Iter-2: 32.29/13.24 | Iter-3: 31.47/12.54 | Iter-4: 30.96/12.06 | 
{0.0: 18058, 1.0: 1634, -1.0: 526}
Iter-0: 39.17/15.17 | Iter-1: 37.66/15.1 | Iter-2: 34.81/13.39 | Iter-3: 32.44/13.06 | Iter-4: 31.97/12.5 | 
{0.0: 17316, 1.0: 2030, -1.0: 872}
Iter-0: 34.39/13.25 | Iter-1: 35.99/14.82 | Iter-2: 33.01/13.01 | Iter-3: 33.81/12.69 | Iter-4: 32.82/12.17 | 
{0.0: 17172, 1.0: 2104, -1.0: 942}
Iter-0: 36.9/14.82 | Iter-1: 35.43/13.77 | Iter-2: 32.92/12.71 | Iter-3: 32.15/12.53 | Iter-4: 31.03/11.98 | 
{0.0: 17033, 1.0: 2172, -1.0: 1013}
Iter-0: 36.19/14.37 | Iter-1: 34.68/13.73 | Iter-2: 32.27/12.5 | Iter-3: 32.81/12.47 | Iter-4: 31.19/12.01 | 
{0.0: 16890, 1.0: 2249, -1.0: 1079}
Iter-0: 36.11/14.2 | Iter-1: 34.13/13.52 | Iter-2: 31.93/12.45 | Iter-3: 31.87/12.43 | Iter-4: 31.14/11.93 | 
prob_mse: 0.144873973687, running time: 292.588271856
4.0 ~~~~~~~~~~~~~~~~~~~~~~~~~~~~~~~~~~~~~~~~~~~~~~~~~~~~~~~~~~~~~~~`
dataset: enron method: Adv-CSL, #attack_edge:10000,T:10,test_ratio: 0.3,gamma:0.3
/network/rit/lab/ceashpc/adil/data/adv_csl/Jan2/random_pgd/enron/enron-attackedges-10000-T-10-testratio-0.3-swap_ratio-0.01-gamma-0.3-realization-0-data-X.pkl
#Rule:743244 Nodes:67392 Edges:743244
0 Creating 10 consumers
{0.0: 18251, 1.0: 1549, -1.0: 418}
{0.0: 18068, 1.0: 1635, -1.0: 515}
{0.0: 17918, 1.0: 1706, -1.0: 594}
{0.0: 17761, 1.0: 1790, -1.0: 667}
{0.0: 17595, 1.0: 1880, -1.0: 743}
{0.0: 17431, 1.0: 1977, -1.0: 810}
{0.0: 17242, 1.0: 2072, -1.0: 904}
{0.0: 17092, 1.0: 2144, -1.0: 982}
{0.0: 16957, 1.0: 2207, -1.0: 1054}
{0.0: 16810, 1.0: 2275, -1.0: 1133}
1 Creating 10 consumers
{0.0: 18251, 1.0: 1549, -1.0: 418}
Iter-0: 31.27/12.32 | Iter-1: 32.27/13.35 | Iter-2: 32.38/12.83 | Iter-3: 31.53/12.7 | Iter-4: 31.41/12.63 | 
{0.0: 18068, 1.0: 1635, -1.0: 515}
Iter-0: 30.96/12.29 | Iter-1: 32.06/13.33 | Iter-2: 32.03/12.79 | Iter-3: 32.36/12.7 | Iter-4: 32.24/12.68 | 
{0.0: 17761, 1.0: 1790, -1.0: 667}
Iter-0: 30.65/11.91 | Iter-1: 31.28/12.48 | Iter-2: 32.01/12.53 | Iter-3: 30.99/12.24 | Iter-4: 30.99/12.18 | 
{0.0: 17431, 1.0: 1977, -1.0: 810}
Iter-0: 30.6/11.82 | Iter-1: 31.12/12.36 | Iter-2: 31.72/12.3 | Iter-3: 30.89/12.13 | Iter-4: 30.79/12.06 | 
{0.0: 17918, 1.0: 1706, -1.0: 594}
Iter-0: 31.83/12.05 | Iter-1: 32.62/12.79 | Iter-2: 33.24/12.68 | Iter-3: 32.22/12.43 | Iter-4: 32.16/12.38 | 
{0.0: 17242, 1.0: 2072, -1.0: 904}
Iter-0: 30.21/11.82 | Iter-1: 30.87/12.45 | Iter-2: 31.26/12.23 | Iter-3: 30.61/12.13 | Iter-4: 30.52/12.11 | 
{0.0: 17595, 1.0: 1880, -1.0: 743}
Iter-0: 30.78/11.88 | Iter-1: 31.4/12.47 | Iter-2: 32.12/12.42 | Iter-3: 31.13/12.21 | Iter-4: 31.05/12.15 | 
{0.0: 17092, 1.0: 2144, -1.0: 982}
Iter-0: 30.5/11.68 | Iter-1: 31.07/12.23 | Iter-2: 32.0/12.12 | Iter-3: 31.76/12.05 | Iter-4: 31.66/11.99 | 
{0.0: 16810, 1.0: 2275, -1.0: 1133}
Iter-0: 30.23/11.54 | Iter-1: 30.85/12.11 | Iter-2: 31.36/11.94 | Iter-3: 30.54/11.88 | Iter-4: 30.62/11.85 | 
{0.0: 16957, 1.0: 2207, -1.0: 1054}
Iter-0: 30.41/11.61 | Iter-1: 34.48/13.7 | Iter-2: 32.95/12.53 | Iter-3: 31.68/11.94 | Iter-4: 30.78/11.92 | 
prob_mse: 0.14322484255, running time: 263.919787884
5.0 ~~~~~~~~~~~~~~~~~~~~~~~~~~~~~~~~~~~~~~~~~~~~~~~~~~~~~~~~~~~~~~~`
dataset: enron method: Adv-CSL, #attack_edge:10000,T:10,test_ratio: 0.3,gamma:0.3
/network/rit/lab/ceashpc/adil/data/adv_csl/Jan2/random_pgd/enron/enron-attackedges-10000-T-10-testratio-0.3-swap_ratio-0.01-gamma-0.3-realization-1-data-X.pkl
#Rule:743244 Nodes:67392 Edges:743244
0 Creating 10 consumers
{0.0: 18246, 1.0: 1539, -1.0: 433}
{0.0: 17916, 1.0: 1712, -1.0: 590}
{0.0: 18058, 1.0: 1634, -1.0: 526}
{0.0: 17763, 1.0: 1791, -1.0: 664}
{0.0: 17630, 1.0: 1861, -1.0: 727}
{0.0: 17476, 1.0: 1947, -1.0: 795}
{0.0: 17316, 1.0: 2030, -1.0: 872}
{0.0: 17172, 1.0: 2104, -1.0: 942}
{0.0: 17033, 1.0: 2172, -1.0: 1013}
{0.0: 16890, 1.0: 2249, -1.0: 1079}
1 Creating 10 consumers
{0.0: 18058, 1.0: 1634, -1.0: 526}
Iter-0: 30.43/12.23 | Iter-1: 31.23/13.04 | Iter-2: 31.47/12.75 | Iter-3: 30.74/12.52 | Iter-4: 30.64/12.48 | 
{0.0: 17763, 1.0: 1791, -1.0: 664}
Iter-0: 30.15/11.94 | Iter-1: 30.78/12.56 | Iter-2: 31.19/12.47 | Iter-3: 30.43/12.25 | Iter-4: 30.46/12.23 | 
{0.0: 18246, 1.0: 1539, -1.0: 433}
Iter-0: 31.14/12.16 | Iter-1: 31.8/12.83 | Iter-2: 32.36/12.79 | Iter-3: 31.32/12.45 | Iter-4: 31.28/12.38 | 
{0.0: 17916, 1.0: 1712, -1.0: 590}
Iter-0: 31.14/11.96 | Iter-1: 32.01/12.61 | Iter-2: 32.84/12.6 | Iter-3: 32.04/12.33 | Iter-4: 31.77/12.27 | 
{0.0: 17476, 1.0: 1947, -1.0: 795}
Iter-0: 30.31/11.84 | Iter-1: 30.87/12.4 | Iter-2: 31.31/12.35 | Iter-3: 30.65/12.18 | Iter-4: 31.41/12.13 | 
{0.0: 17316, 1.0: 2030, -1.0: 872}
Iter-0: 30.17/11.81 | Iter-1: 30.87/12.48 | Iter-2: 31.31/12.26 | Iter-3: 30.73/12.15 | Iter-4: 30.47/12.13 | 
{0.0: 17630, 1.0: 1861, -1.0: 727}
Iter-0: 30.75/11.85 | Iter-1: 31.48/12.45 | Iter-2: 31.98/12.4 | Iter-3: 31.17/12.2 | Iter-4: 31.17/12.14 | 
{0.0: 17033, 1.0: 2172, -1.0: 1013}
Iter-0: 30.29/11.7 | Iter-1: 30.91/12.28 | Iter-2: 31.24/12.11 | Iter-3: 30.77/12.01 | Iter-4: 30.57/12.01 | 
{0.0: 16890, 1.0: 2249, -1.0: 1079}
Iter-0: 30.09/11.6 | Iter-1: 30.41/12.16 | Iter-2: 30.77/11.97 | Iter-3: 30.19/11.91 | Iter-4: 30.27/11.9 | 
{0.0: 17172, 1.0: 2104, -1.0: 942}
Iter-0: 30.12/11.72 | Iter-1: 32.05/12.32 | Iter-2: 32.74/12.22 | Iter-3: 32.13/12.09 | Iter-4: 31.71/12.05 | 
prob_mse: 0.142528664227, running time: 256.783608913
6.0 ~~~~~~~~~~~~~~~~~~~~~~~~~~~~~~~~~~~~~~~~~~~~~~~~~~~~~~~~~~~~~~~`
dataset: enron method: Adv-CSL, #attack_edge:10000,T:10,test_ratio: 0.3,gamma:0.4
/network/rit/lab/ceashpc/adil/data/adv_csl/Jan2/random_pgd/enron/enron-attackedges-10000-T-10-testratio-0.3-swap_ratio-0.01-gamma-0.4-realization-0-data-X.pkl
#Rule:743244 Nodes:67392 Edges:743244
0 Creating 10 consumers
{0.0: 18068, 1.0: 1635, -1.0: 515}
{0.0: 18251, 1.0: 1549, -1.0: 418}
{0.0: 17918, 1.0: 1706, -1.0: 594}
{0.0: 17761, 1.0: 1790, -1.0: 667}
{0.0: 17595, 1.0: 1880, -1.0: 743}
{0.0: 17431, 1.0: 1977, -1.0: 810}
{0.0: 17242, 1.0: 2072, -1.0: 904}
{0.0: 17092, 1.0: 2144, -1.0: 982}
{0.0: 16957, 1.0: 2207, -1.0: 1054}
{0.0: 16810, 1.0: 2275, -1.0: 1133}
1 Creating 10 consumers
{0.0: 17761, 1.0: 1790, -1.0: 667}
Iter-0: 29.99/11.89 | Iter-1: 30.63/12.44 | Iter-2: 30.95/12.15 | Iter-3: 30.42/12.16 | Iter-4: 30.23/12.08 | 
{0.0: 17918, 1.0: 1706, -1.0: 594}
Iter-0: 30.53/12.02 | Iter-1: 31.18/12.67 | Iter-2: 31.41/12.27 | Iter-3: 30.76/12.3 | Iter-4: 30.72/12.21 | 
{0.0: 17595, 1.0: 1880, -1.0: 743}
Iter-0: 29.86/11.83 | Iter-1: 30.5/12.33 | Iter-2: 30.78/12.01 | Iter-3: 30.36/12.08 | Iter-4: 30.13/12.0 | 
{0.0: 18251, 1.0: 1549, -1.0: 418}
Iter-0: 31.01/12.33 | Iter-1: 32.04/13.34 | Iter-2: 31.82/12.52 | Iter-3: 33.57/14.94 | Iter-4: 31.34/12.57 | 
{0.0: 18068, 1.0: 1635, -1.0: 515}
Iter-0: 31.05/12.39 | Iter-1: 31.89/13.35 | Iter-2: 31.8/12.51 | Iter-3: 31.31/12.65 | Iter-4: 31.09/12.56 | 
{0.0: 17431, 1.0: 1977, -1.0: 810}
Iter-0: 30.14/11.77 | Iter-1: 30.72/12.32 | Iter-2: 30.99/11.96 | Iter-3: 30.44/12.05 | Iter-4: 30.49/11.97 | 
{0.0: 17092, 1.0: 2144, -1.0: 982}
Iter-0: 29.73/11.69 | Iter-1: 30.47/12.23 | Iter-2: 30.66/11.77 | Iter-3: 30.15/11.95 | Iter-4: 29.99/11.89 | 
{0.0: 17242, 1.0: 2072, -1.0: 904}
Iter-0: 30.31/11.84 | Iter-1: 30.98/12.46 | Iter-2: 31.08/11.93 | Iter-3: 30.68/12.1 | Iter-4: 30.71/12.03 | 
{0.0: 16957, 1.0: 2207, -1.0: 1054}
Iter-0: 29.67/11.63 | Iter-1: 30.17/12.16 | Iter-2: 30.38/11.69 | Iter-3: 29.99/11.91 | Iter-4: 29.94/11.84 | 
{0.0: 16810, 1.0: 2275, -1.0: 1133}
Iter-0: 29.75/11.54 | Iter-1: 30.21/12.05 | Iter-2: 30.45/11.6 | Iter-3: 30.13/11.8 | Iter-4: 29.99/11.73 | 
prob_mse: 0.142425215155, running time: 251.191254139
7.0 ~~~~~~~~~~~~~~~~~~~~~~~~~~~~~~~~~~~~~~~~~~~~~~~~~~~~~~~~~~~~~~~`
dataset: enron method: Adv-CSL, #attack_edge:10000,T:10,test_ratio: 0.3,gamma:0.4
/network/rit/lab/ceashpc/adil/data/adv_csl/Jan2/random_pgd/enron/enron-attackedges-10000-T-10-testratio-0.3-swap_ratio-0.01-gamma-0.4-realization-1-data-X.pkl
#Rule:743244 Nodes:67392 Edges:743244
0 Creating 10 consumers
{0.0: 18246, 1.0: 1539, -1.0: 433}
{0.0: 18058, 1.0: 1634, -1.0: 526}
{0.0: 17916, 1.0: 1712, -1.0: 590}
{0.0: 17763, 1.0: 1791, -1.0: 664}
{0.0: 17630, 1.0: 1861, -1.0: 727}
{0.0: 17476, 1.0: 1947, -1.0: 795}
{0.0: 17316, 1.0: 2030, -1.0: 872}
{0.0: 17172, 1.0: 2104, -1.0: 942}
{0.0: 17033, 1.0: 2172, -1.0: 1013}
{0.0: 16890, 1.0: 2249, -1.0: 1079}
1 Creating 10 consumers
{0.0: 17916, 1.0: 1712, -1.0: 590}
Iter-0: 30.66/11.9 | Iter-1: 31.19/12.44 | Iter-2: 31.4/12.24 | Iter-3: 30.54/12.23 | Iter-4: 30.72/12.06 | 
{0.0: 17630, 1.0: 1861, -1.0: 727}
Iter-0: 29.77/11.82 | Iter-1: 30.96/12.35 | Iter-2: 31.33/12.07 | Iter-3: 31.22/12.14 | Iter-4: 30.19/12.02 | 
{0.0: 18058, 1.0: 1634, -1.0: 526}
Iter-0: 31.05/12.2 | Iter-1: 32.63/13.06 | Iter-2: 31.01/12.43 | Iter-3: 31.31/12.49 | Iter-4: 31.63/12.43 | 
{0.0: 18246, 1.0: 1539, -1.0: 433}
Iter-0: 30.64/12.12 | Iter-1: 31.38/12.7 | Iter-2: 30.79/12.43 | Iter-3: 34.2/13.12 | Iter-4: 34.84/13.73 | 
{0.0: 17763, 1.0: 1791, -1.0: 664}
Iter-0: 31.09/11.98 | Iter-1: 33.13/12.57 | Iter-2: 31.59/12.19 | Iter-3: 31.72/12.24 | Iter-4: 30.48/12.16 | 
{0.0: 17476, 1.0: 1947, -1.0: 795}
Iter-0: 31.35/11.85 | Iter-1: 32.46/12.4 | Iter-2: 33.02/13.37 | Iter-3: 30.77/12.11 | Iter-4: 31.0/12.02 | 
{0.0: 17316, 1.0: 2030, -1.0: 872}
Iter-0: 30.63/11.84 | Iter-1: 32.17/12.51 | Iter-2: 31.3/12.1 | Iter-3: 31.12/12.19 | Iter-4: 30.94/12.08 | 
{0.0: 17172, 1.0: 2104, -1.0: 942}
Iter-0: 30.69/11.75 | Iter-1: 31.39/12.33 | Iter-2: 30.36/11.9 | Iter-3: 31.08/12.11 | Iter-4: 31.07/12.05 | 
{0.0: 17033, 1.0: 2172, -1.0: 1013}
Iter-0: 29.87/11.69 | Iter-1: 31.17/12.26 | Iter-2: 30.98/11.79 | Iter-3: 30.41/12.05 | Iter-4: 30.89/11.93 | 
{0.0: 16890, 1.0: 2249, -1.0: 1079}
Iter-0: 29.87/11.68 | Iter-1: 31.13/12.24 | Iter-2: 30.17/11.76 | Iter-3: 31.32/11.99 | Iter-4: 31.43/11.95 | 
prob_mse: 0.141584785834, running time: 252.885159016
8.0 ~~~~~~~~~~~~~~~~~~~~~~~~~~~~~~~~~~~~~~~~~~~~~~~~~~~~~~~~~~~~~~~`
dataset: enron method: Adv-CSL, #attack_edge:10000,T:10,test_ratio: 0.3,gamma:0.5
/network/rit/lab/ceashpc/adil/data/adv_csl/Jan2/random_pgd/enron/enron-attackedges-10000-T-10-testratio-0.3-swap_ratio-0.01-gamma-0.5-realization-0-data-X.pkl
#Rule:743244 Nodes:67392 Edges:743244
0 Creating 10 consumers
{0.0: 10531, 1.0: 733, -1.0: 8954}
{0.0: 10517, 1.0: 739, -1.0: 8962}
{0.0: 10459, 1.0: 712, -1.0: 9047}
{0.0: 10442, 1.0: 712, -1.0: 9064}
{0.0: 10453, 1.0: 715, -1.0: 9050}
{0.0: 10449, 1.0: 744, -1.0: 9025}
{0.0: 10465, 1.0: 722, -1.0: 9031}
{0.0: 10430, 1.0: 746, -1.0: 9042}
{0.0: 10432, 1.0: 739, -1.0: 9047}
{0.0: 10408, 1.0: 748, -1.0: 9062}
1 Creating 10 consumers
{0.0: 10531, 1.0: 733, -1.0: 8954}
Iter-0: 30.8/12.02 | Iter-1: 31.79/13.07 | Iter-2: 30.68/11.32 | Iter-3: 30.84/12.08 | Iter-4: 30.87/12.05 | 
{0.0: 10517, 1.0: 739, -1.0: 8962}
Iter-0: 30.4/11.99 | Iter-1: 32.76/14.35 | Iter-2: 30.89/12.08 | Iter-3: 30.45/12.05 | Iter-4: 33.52/12.01 | 
{0.0: 10459, 1.0: 712, -1.0: 9047}
Iter-0: 31.55/12.08 | Iter-1: 32.45/12.96 | Iter-2: 31.7/11.55 | Iter-3: 31.73/12.22 | Iter-4: 31.62/12.19 | 
{0.0: 10442, 1.0: 712, -1.0: 9064}
Iter-0: 30.55/12.05 | Iter-1: 31.54/12.88 | Iter-2: 30.86/11.55 | Iter-3: 30.85/12.19 | Iter-4: 31.19/12.14 | 
{0.0: 10453, 1.0: 715, -1.0: 9050}
Iter-0: 30.82/12.02 | Iter-1: 31.74/12.93 | Iter-2: 31.05/11.51 | Iter-3: 31.15/12.19 | Iter-4: 31.0/12.13 | 
{0.0: 10430, 1.0: 746, -1.0: 9042}
Iter-0: 30.13/11.92 | Iter-1: 31.14/12.93 | Iter-2: 30.05/11.26 | Iter-3: 30.38/12.03 | Iter-4: 30.29/11.99 | 
{0.0: 10465, 1.0: 722, -1.0: 9031}
Iter-0: 30.69/11.99 | Iter-1: 31.61/12.94 | Iter-2: 30.84/11.47 | Iter-3: 30.94/12.14 | Iter-4: 31.0/12.1 | 
{0.0: 10449, 1.0: 744, -1.0: 9025}
Iter-0: 30.59/11.99 | Iter-1: 31.53/12.99 | Iter-2: 30.51/11.31 | Iter-3: 30.73/12.05 | Iter-4: 30.76/12.01 | 
{0.0: 10432, 1.0: 739, -1.0: 9047}
Iter-0: 30.26/11.98 | Iter-1: 31.29/13.03 | Iter-2: 30.14/11.28 | Iter-3: 30.47/12.05 | Iter-4: 30.39/12.01 | 
{0.0: 10408, 1.0: 748, -1.0: 9062}
Iter-0: 31.76/11.99 | Iter-1: 31.51/13.16 | Iter-2: 30.26/11.29 | Iter-3: 30.57/12.14 | Iter-4: 30.49/12.09 | 
prob_mse: 0.402189395588, running time: 256.019427061
9.0 ~~~~~~~~~~~~~~~~~~~~~~~~~~~~~~~~~~~~~~~~~~~~~~~~~~~~~~~~~~~~~~~`
dataset: enron method: Adv-CSL, #attack_edge:10000,T:10,test_ratio: 0.3,gamma:0.5
/network/rit/lab/ceashpc/adil/data/adv_csl/Jan2/random_pgd/enron/enron-attackedges-10000-T-10-testratio-0.3-swap_ratio-0.01-gamma-0.5-realization-1-data-X.pkl
#Rule:743244 Nodes:67392 Edges:743244
0 Creating 10 consumers
{0.0: 10435, 1.0: 700, -1.0: 9083}
{0.0: 10452, 1.0: 716, -1.0: 9050}
{0.0: 10424, 1.0: 719, -1.0: 9075}
{0.0: 10422, 1.0: 724, -1.0: 9072}
{0.0: 10423, 1.0: 727, -1.0: 9068}
{0.0: 10438, 1.0: 725, -1.0: 9055}
{0.0: 10447, 1.0: 742, -1.0: 9029}
{0.0: 10417, 1.0: 738, -1.0: 9063}
{0.0: 10440, 1.0: 751, -1.0: 9027}
{0.0: 10419, 1.0: 756, -1.0: 9043}
1 Creating 10 consumers
{0.0: 10435, 1.0: 700, -1.0: 9083}
Iter-0: 31.02/12.07 | Iter-1: 34.0/12.88 | Iter-2: 30.96/12.41 | Iter-3: 40.26/13.79 | Iter-4: 45.32/17.98 | 
{0.0: 10452, 1.0: 716, -1.0: 9050}
Iter-0: 30.65/12.05 | Iter-1: 32.66/13.05 | Iter-2: 30.64/11.47 | Iter-3: 41.21/13.16 | Iter-4: 46.3/18.42 | 
{0.0: 10423, 1.0: 727, -1.0: 9068}
Iter-0: 30.61/12.14 | Iter-1: 33.03/13.0 | Iter-2: 30.71/11.66 | Iter-3: 42.06/14.79 | Iter-4: 46.41/18.26 | 
{0.0: 10424, 1.0: 719, -1.0: 9075}
Iter-0: 30.25/11.96 | Iter-1: 32.57/12.83 | Iter-2: 31.56/11.56 | Iter-3: 44.5/14.01 | Iter-4: 46.7/17.84 | 
{0.0: 10438, 1.0: 725, -1.0: 9055}
Iter-0: 30.36/11.98 | Iter-1: 32.57/12.92 | Iter-2: 30.35/11.51 | Iter-3: 41.19/14.62 | Iter-4: 45.86/17.94 | 
{0.0: 10422, 1.0: 724, -1.0: 9072}
Iter-0: 31.42/12.01 | Iter-1: 32.64/12.96 | Iter-2: 31.46/11.55 | Iter-3: 44.99/17.02 | Iter-4: 44.73/17.75 | 
{0.0: 10417, 1.0: 738, -1.0: 9063}
Iter-0: 31.02/11.97 | Iter-1: 32.58/12.96 | Iter-2: 31.74/11.39 | Iter-3: 44.33/16.14 | Iter-4: 44.55/18.09 | 
{0.0: 10440, 1.0: 751, -1.0: 9027}
Iter-0: 30.48/12.01 | Iter-1: 32.75/13.07 | Iter-2: 33.01/11.36 | Iter-3: 45.07/17.27 | Iter-4: 44.37/17.67 | 
{0.0: 10447, 1.0: 742, -1.0: 9029}
Iter-0: 30.84/11.93 | Iter-1: 32.11/12.89 | Iter-2: 34.25/12.6 | Iter-3: 49.03/18.61 | Iter-4: 45.48/17.28 | 
{0.0: 10419, 1.0: 756, -1.0: 9043}
Iter-0: 32.64/13.34 | Iter-1: 32.34/13.05 | Iter-2: 33.67/11.35 | Iter-3: 45.88/17.82 | Iter-4: 42.84/17.55 | 
prob_mse: 0.404403224849, running time: 286.166619062
