

--------------------------------------------------
--------------------------------------------------

-------------------Tue, 22 Jan 2019 02:18:30 PM EST---------------------

0 ~~~~~~~~~~~~~~~~~~~~~~~~~~~~~~~~~~~~~~~~~~~~~~~~~~~~~~~~~~~~~~~`
dataset: enron method: Adv-CSL, #attack_edge:10000,T:10,test_ratio: 0.3,gamma:0.0
/network/rit/lab/ceashpc/adil/data/adv_csl/Jan2/random_pgd_gcn_vae/enron/enron-attackedges-10000-T-10-testratio-0.3-swap_ratio-0.01-gamma-0.0-realization-0-data-X.pkl
#Rule:743244 Nodes:67392 Edges:743244
0 Creating 10 consumers
{0.0: 17926, 1.0: 1839, -1.0: 453}
{0.0: 18109, 1.0: 1740, -1.0: 369}
{0.0: 17568, 1.0: 2016, -1.0: 634}
{0.0: 17753, 1.0: 1927, -1.0: 538}
{0.0: 17396, 1.0: 2109, -1.0: 713}
{0.0: 17229, 1.0: 2201, -1.0: 788}
{0.0: 17064, 1.0: 2292, -1.0: 862}
{0.0: 16898, 1.0: 2373, -1.0: 947}
{0.0: 16742, 1.0: 2452, -1.0: 1024}
{0.0: 16595, 1.0: 2531, -1.0: 1092}
1 Creating 10 consumers
{0.0: 17229, 1.0: 2201, -1.0: 788}
Iter-0: 24.91/6.68 | Iter-1: 29.9/12.0 | Iter-2: 27.5/9.54 | 
{0.0: 16898, 1.0: 2373, -1.0: 947}
Iter-0: 25.03/6.68 | Iter-1: 29.9/11.94 | Iter-2: 27.54/9.52 | 
{0.0: 16742, 1.0: 2452, -1.0: 1024}
Iter-0: 25.05/6.69 | Iter-1: 29.94/11.89 | Iter-2: 27.61/9.5 | 
{0.0: 16595, 1.0: 2531, -1.0: 1092}
Iter-0: 25.17/6.7 | Iter-1: 30.0/11.85 | Iter-2: 27.69/9.49 | 
{0.0: 17064, 1.0: 2292, -1.0: 862}
Iter-0: 27.18/7.33 | Iter-1: 32.89/13.35 | Iter-2: 30.14/10.59 | 
{0.0: 18109, 1.0: 1740, -1.0: 369}
Iter-0: 25.38/6.8 | Iter-1: 30.47/12.38 | Iter-2: 27.88/9.72 | Iter-3: 28.8/10.63 | Iter-4: 29.88/10.54 | 
{0.0: 17926, 1.0: 1839, -1.0: 453}
Iter-0: 25.14/6.64 | Iter-1: 30.36/12.3 | Iter-2: 27.79/9.67 | Iter-3: 28.71/10.57 | Iter-4: 28.3/10.46 | 
{0.0: 17753, 1.0: 1927, -1.0: 538}
Iter-0: 25.11/6.68 | Iter-1: 30.14/12.13 | Iter-2: 27.63/9.59 | Iter-3: 28.51/10.42 | Iter-4: 29.85/10.37 | 
{0.0: 17568, 1.0: 2016, -1.0: 634}
Iter-0: 25.06/6.68 | Iter-1: 30.16/12.12 | Iter-2: 27.7/9.59 | Iter-3: 28.51/10.41 | Iter-4: 28.52/10.33 | 
{0.0: 17396, 1.0: 2109, -1.0: 713}
Iter-0: 24.98/6.72 | Iter-1: 30.05/12.1 | Iter-2: 27.61/9.6 | Iter-3: 28.4/10.41 | Iter-4: 28.55/10.32 | 
prob_mse: 0.119367955947, running time: 209.734971046
1.0 ~~~~~~~~~~~~~~~~~~~~~~~~~~~~~~~~~~~~~~~~~~~~~~~~~~~~~~~~~~~~~~~`
dataset: enron method: Adv-CSL, #attack_edge:10000,T:10,test_ratio: 0.3,gamma:0.01
/network/rit/lab/ceashpc/adil/data/adv_csl/Jan2/random_pgd_gcn_vae/enron/enron-attackedges-10000-T-10-testratio-0.3-swap_ratio-0.01-gamma-0.01-realization-0-data-X.pkl
#Rule:743244 Nodes:67392 Edges:743244
0 Creating 10 consumers
{0.0: 18109, 1.0: 1740, -1.0: 369}
{0.0: 17753, 1.0: 1927, -1.0: 538}
{0.0: 17568, 1.0: 2016, -1.0: 634}
{0.0: 17926, 1.0: 1839, -1.0: 453}
{0.0: 17396, 1.0: 2109, -1.0: 713}
{0.0: 17229, 1.0: 2201, -1.0: 788}
{0.0: 17064, 1.0: 2292, -1.0: 862}
{0.0: 16898, 1.0: 2373, -1.0: 947}
{0.0: 16742, 1.0: 2452, -1.0: 1024}
{0.0: 16595, 1.0: 2531, -1.0: 1092}
1 Creating 10 consumers
{0.0: 17568, 1.0: 2016, -1.0: 634}
Iter-0: 30.39/12.08 | Iter-1: 31.53/13.63 | Iter-2: 30.65/12.75 | Iter-3: 31.12/12.76 | Iter-4: 30.11/12.21 | 
{0.0: 17396, 1.0: 2109, -1.0: 713}
Iter-0: 30.46/12.22 | Iter-1: 31.36/13.55 | Iter-2: 30.52/12.69 | Iter-3: 30.98/12.69 | Iter-4: 30.03/12.15 | 
{0.0: 17926, 1.0: 1839, -1.0: 453}
Iter-0: 31.65/12.32 | Iter-1: 32.59/13.89 | Iter-2: 31.76/13.0 | Iter-3: 32.29/12.96 | Iter-4: 31.28/12.46 | 
{0.0: 18109, 1.0: 1740, -1.0: 369}
Iter-0: 32.03/12.16 | Iter-1: 33.16/14.06 | Iter-2: 32.29/13.14 | Iter-3: 32.89/13.11 | Iter-4: 31.78/12.6 | 
{0.0: 17753, 1.0: 1927, -1.0: 538}
Iter-0: 31.19/12.26 | Iter-1: 32.12/13.75 | Iter-2: 31.28/12.86 | Iter-3: 31.77/12.86 | Iter-4: 30.79/12.36 | 
{0.0: 17229, 1.0: 2201, -1.0: 788}
Iter-0: 30.75/11.96 | Iter-1: 31.82/13.52 | Iter-2: 30.99/12.66 | Iter-3: 31.51/12.66 | Iter-4: 30.46/12.14 | 
{0.0: 16898, 1.0: 2373, -1.0: 947}
Iter-0: 30.13/11.87 | Iter-1: 31.25/13.41 | Iter-2: 30.46/12.59 | Iter-3: 30.92/12.61 | Iter-4: 29.81/12.08 | 
{0.0: 17064, 1.0: 2292, -1.0: 862}
Iter-0: 30.94/11.98 | Iter-1: 31.92/13.51 | Iter-2: 31.18/12.7 | Iter-3: 31.67/12.66 | Iter-4: 30.6/12.19 | 
{0.0: 16595, 1.0: 2531, -1.0: 1092}
Iter-0: 30.27/11.81 | Iter-1: 31.29/13.27 | Iter-2: 30.55/12.5 | Iter-3: 31.06/12.52 | Iter-4: 29.83/12.01 | 
{0.0: 16742, 1.0: 2452, -1.0: 1024}
Iter-0: 33.2/13.09 | Iter-1: 34.42/14.74 | Iter-2: 33.51/13.82 | Iter-3: 33.99/13.86 | Iter-4: 31.01/13.29 | 
prob_mse: 0.155796692716, running time: 253.451461077
2.0 ~~~~~~~~~~~~~~~~~~~~~~~~~~~~~~~~~~~~~~~~~~~~~~~~~~~~~~~~~~~~~~~`
dataset: enron method: Adv-CSL, #attack_edge:10000,T:10,test_ratio: 0.3,gamma:0.03
/network/rit/lab/ceashpc/adil/data/adv_csl/Jan2/random_pgd_gcn_vae/enron/enron-attackedges-10000-T-10-testratio-0.3-swap_ratio-0.01-gamma-0.03-realization-0-data-X.pkl
#Rule:743244 Nodes:67392 Edges:743244
0 Creating 10 consumers
{0.0: 17926, 1.0: 1839, -1.0: 453}
{0.0: 18109, 1.0: 1740, -1.0: 369}
{0.0: 17753, 1.0: 1927, -1.0: 538}
{0.0: 17568, 1.0: 2016, -1.0: 634}
{0.0: 17396, 1.0: 2109, -1.0: 713}
{0.0: 17229, 1.0: 2201, -1.0: 788}
{0.0: 17064, 1.0: 2292, -1.0: 862}
{0.0: 16898, 1.0: 2373, -1.0: 947}
{0.0: 16742, 1.0: 2452, -1.0: 1024}
{0.0: 16595, 1.0: 2531, -1.0: 1092}
1 Creating 10 consumers
{0.0: 18109, 1.0: 1740, -1.0: 369}
Iter-0: 31.37/12.67 | Iter-1: 32.52/13.99 | Iter-2: 32.25/13.14 | Iter-3: 32.11/13.23 | Iter-4: 31.37/12.68 | 
{0.0: 17753, 1.0: 1927, -1.0: 538}
Iter-0: 31.35/12.24 | Iter-1: 32.83/13.74 | Iter-2: 32.08/12.92 | Iter-3: 31.07/12.93 | Iter-4: 30.49/12.39 | 
{0.0: 17396, 1.0: 2109, -1.0: 713}
Iter-0: 30.19/12.12 | Iter-1: 31.72/13.58 | Iter-2: 31.37/12.76 | Iter-3: 30.93/12.89 | Iter-4: 30.28/12.31 | 
{0.0: 17926, 1.0: 1839, -1.0: 453}
Iter-0: 33.47/13.04 | Iter-1: 35.92/15.32 | Iter-2: 31.6/13.04 | Iter-3: 31.32/13.05 | Iter-4: 30.67/12.5 | 
{0.0: 17229, 1.0: 2201, -1.0: 788}
Iter-0: 30.17/12.01 | Iter-1: 32.87/13.62 | Iter-2: 32.6/12.78 | Iter-3: 32.06/12.88 | Iter-4: 31.42/12.31 | 
{0.0: 17064, 1.0: 2292, -1.0: 862}
Iter-0: 30.58/11.94 | Iter-1: 32.26/13.49 | Iter-2: 32.06/12.72 | Iter-3: 31.43/12.78 | Iter-4: 30.73/12.23 | 
{0.0: 17568, 1.0: 2016, -1.0: 634}
Iter-0: 30.92/12.26 | Iter-1: 32.06/13.72 | Iter-2: 32.84/12.9 | Iter-3: 34.56/14.37 | Iter-4: 33.15/13.71 | 
{0.0: 16898, 1.0: 2373, -1.0: 947}
Iter-0: 30.33/11.91 | Iter-1: 31.82/13.41 | Iter-2: 31.76/12.64 | Iter-3: 31.55/12.73 | Iter-4: 31.01/12.22 | 
{0.0: 16742, 1.0: 2452, -1.0: 1024}
Iter-0: 29.95/11.77 | Iter-1: 32.27/13.31 | Iter-2: 32.33/12.57 | Iter-3: 31.98/12.69 | Iter-4: 30.99/12.12 | 
{0.0: 16595, 1.0: 2531, -1.0: 1092}
Iter-0: 30.23/11.77 | Iter-1: 31.62/13.26 | Iter-2: 32.17/12.55 | Iter-3: 31.18/12.69 | Iter-4: 30.31/12.08 | 
prob_mse: 0.155256725031, running time: 247.621542931
3.0 ~~~~~~~~~~~~~~~~~~~~~~~~~~~~~~~~~~~~~~~~~~~~~~~~~~~~~~~~~~~~~~~`
dataset: enron method: Adv-CSL, #attack_edge:10000,T:10,test_ratio: 0.3,gamma:0.05
/network/rit/lab/ceashpc/adil/data/adv_csl/Jan2/random_pgd_gcn_vae/enron/enron-attackedges-10000-T-10-testratio-0.3-swap_ratio-0.01-gamma-0.05-realization-0-data-X.pkl
#Rule:743244 Nodes:67392 Edges:743244
0 Creating 10 consumers
{0.0: 18109, 1.0: 1740, -1.0: 369}
{0.0: 17926, 1.0: 1839, -1.0: 453}
{0.0: 17753, 1.0: 1927, -1.0: 538}
{0.0: 17396, 1.0: 2109, -1.0: 713}
{0.0: 17568, 1.0: 2016, -1.0: 634}
{0.0: 17229, 1.0: 2201, -1.0: 788}
{0.0: 17064, 1.0: 2292, -1.0: 862}
{0.0: 16898, 1.0: 2373, -1.0: 947}
{0.0: 16742, 1.0: 2452, -1.0: 1024}
{0.0: 16595, 1.0: 2531, -1.0: 1092}
1 Creating 10 consumers
{0.0: 18109, 1.0: 1740, -1.0: 369}
Iter-0: 42.6/16.11 | Iter-1: 41.23/16.37 | Iter-2: 42.31/17.81 | Iter-3: 42.62/16.97 | Iter-4: 41.59/17.01 | 
{0.0: 17926, 1.0: 1839, -1.0: 453}
Iter-0: 40.91/16.08 | Iter-1: 44.23/17.22 | Iter-2: 43.2/17.28 | Iter-3: 42.17/17.57 | Iter-4: 41.98/17.19 | 
{0.0: 17753, 1.0: 1927, -1.0: 538}
Iter-0: 39.53/15.07 | Iter-1: 43.47/18.48 | Iter-2: 42.11/16.64 | Iter-3: 42.67/17.44 | Iter-4: 42.01/16.44 | 
{0.0: 17229, 1.0: 2201, -1.0: 788}
Iter-0: 40.78/16.1 | Iter-1: 42.61/17.15 | Iter-2: 41.75/17.13 | Iter-3: 42.2/16.79 | Iter-4: 41.23/17.13 | 
{0.0: 17568, 1.0: 2016, -1.0: 634}
Iter-0: 42.13/15.81 | Iter-1: 43.04/18.19 | Iter-2: 43.1/16.02 | Iter-3: 42.3/17.26 | Iter-4: 40.78/15.61 | 
{0.0: 17396, 1.0: 2109, -1.0: 713}
Iter-0: 42.65/16.09 | Iter-1: 41.2/16.25 | Iter-2: 42.87/17.24 | Iter-3: 43.88/17.09 | Iter-4: 40.93/15.8 | 
{0.0: 16898, 1.0: 2373, -1.0: 947}
Iter-0: 39.0/14.22 | Iter-1: 42.78/18.87 | Iter-2: 41.55/16.48 | Iter-3: 40.19/16.24 | Iter-4: 42.29/15.84 | 
{0.0: 17064, 1.0: 2292, -1.0: 862}
Iter-0: 40.89/15.67 | Iter-1: 43.68/19.27 | Iter-2: 41.91/16.63 | Iter-3: 42.82/16.33 | Iter-4: 40.44/15.97 | 
{0.0: 16742, 1.0: 2452, -1.0: 1024}
Iter-0: 40.21/14.98 | Iter-1: 43.64/18.68 | Iter-2: 41.49/15.84 | Iter-3: 42.46/18.18 | Iter-4: 39.16/14.71 | 
{0.0: 16595, 1.0: 2531, -1.0: 1092}
Iter-0: 40.56/15.8 | Iter-1: 43.5/17.81 | Iter-2: 42.45/16.39 | Iter-3: 41.0/16.03 | Iter-4: 39.56/15.23 | 
prob_mse: 0.154778603225, running time: 335.051687002
4.0 ~~~~~~~~~~~~~~~~~~~~~~~~~~~~~~~~~~~~~~~~~~~~~~~~~~~~~~~~~~~~~~~`
dataset: enron method: Adv-CSL, #attack_edge:10000,T:10,test_ratio: 0.3,gamma:0.07
/network/rit/lab/ceashpc/adil/data/adv_csl/Jan2/random_pgd_gcn_vae/enron/enron-attackedges-10000-T-10-testratio-0.3-swap_ratio-0.01-gamma-0.07-realization-0-data-X.pkl
#Rule:743244 Nodes:67392 Edges:743244
0 Creating 10 consumers
{0.0: 18109, 1.0: 1740, -1.0: 369}
{0.0: 17926, 1.0: 1839, -1.0: 453}
{0.0: 17753, 1.0: 1927, -1.0: 538}
{0.0: 17396, 1.0: 2109, -1.0: 713}
{0.0: 17568, 1.0: 2016, -1.0: 634}
{0.0: 17229, 1.0: 2201, -1.0: 788}
{0.0: 17064, 1.0: 2292, -1.0: 862}
{0.0: 16898, 1.0: 2373, -1.0: 947}
{0.0: 16742, 1.0: 2452, -1.0: 1024}
{0.0: 16595, 1.0: 2531, -1.0: 1092}
1 Creating 10 consumers
{0.0: 17926, 1.0: 1839, -1.0: 453}
Iter-0: 40.32/15.74 | Iter-1: 44.75/19.12 | Iter-2: 41.1/16.31 | Iter-3: 42.38/17.34 | Iter-4: 40.7/15.47 | 
{0.0: 18109, 1.0: 1740, -1.0: 369}
Iter-0: 41.15/16.38 | Iter-1: 44.73/19.08 | Iter-2: 41.1/16.18 | Iter-3: 43.3/17.17 | Iter-4: 41.29/16.18 | 
{0.0: 17753, 1.0: 1927, -1.0: 538}
Iter-0: 41.06/16.39 | Iter-1: 42.87/17.54 | Iter-2: 42.13/17.42 | Iter-3: 41.64/16.92 | Iter-4: 41.23/15.78 | 
{0.0: 17568, 1.0: 2016, -1.0: 634}
Iter-0: 40.38/15.72 | Iter-1: 42.81/16.68 | Iter-2: 40.15/16.28 | Iter-3: 41.33/16.51 | Iter-4: 41.9/16.08 | 
{0.0: 17396, 1.0: 2109, -1.0: 713}
Iter-0: 39.0/14.63 | Iter-1: 43.53/18.21 | Iter-2: 41.91/16.9 | Iter-3: 43.07/17.05 | Iter-4: 41.67/16.41 | 
{0.0: 17229, 1.0: 2201, -1.0: 788}
Iter-0: 38.84/15.19 | Iter-1: 44.57/17.75 | Iter-2: 40.99/15.86 | Iter-3: 43.93/17.18 | Iter-4: 40.36/15.18 | 
{0.0: 17064, 1.0: 2292, -1.0: 862}
Iter-0: 39.19/15.0 | Iter-1: 43.55/18.36 | Iter-2: 40.9/16.02 | Iter-3: 42.87/17.87 | Iter-4: 40.64/15.42 | 
{0.0: 16898, 1.0: 2373, -1.0: 947}
Iter-0: 40.15/15.81 | Iter-1: 41.88/17.24 | Iter-2: 43.47/17.43 | Iter-3: 41.0/16.52 | Iter-4: 40.11/14.92 | 
{0.0: 16595, 1.0: 2531, -1.0: 1092}
Iter-0: 38.56/14.25 | Iter-1: 41.34/16.58 | Iter-2: 43.49/17.23 | Iter-3: 40.94/16.22 | Iter-4: 41.04/16.68 | 
{0.0: 16742, 1.0: 2452, -1.0: 1024}
Iter-0: 42.63/16.05 | Iter-1: 44.72/18.18 | Iter-2: 40.62/16.33 | Iter-3: 42.33/15.98 | Iter-4: 40.51/16.33 | 
prob_mse: 0.154382886537, running time: 331.704728127
5.0 ~~~~~~~~~~~~~~~~~~~~~~~~~~~~~~~~~~~~~~~~~~~~~~~~~~~~~~~~~~~~~~~`
dataset: enron method: Adv-CSL, #attack_edge:10000,T:10,test_ratio: 0.3,gamma:0.09
/network/rit/lab/ceashpc/adil/data/adv_csl/Jan2/random_pgd_gcn_vae/enron/enron-attackedges-10000-T-10-testratio-0.3-swap_ratio-0.01-gamma-0.09-realization-0-data-X.pkl
#Rule:743244 Nodes:67392 Edges:743244
0 Creating 10 consumers
{0.0: 18109, 1.0: 1740, -1.0: 369}
{0.0: 17926, 1.0: 1839, -1.0: 453}
{0.0: 17568, 1.0: 2016, -1.0: 634}
{0.0: 17753, 1.0: 1927, -1.0: 538}
{0.0: 17396, 1.0: 2109, -1.0: 713}
{0.0: 17229, 1.0: 2201, -1.0: 788}
{0.0: 17064, 1.0: 2292, -1.0: 862}
{0.0: 16898, 1.0: 2373, -1.0: 947}
{0.0: 16742, 1.0: 2452, -1.0: 1024}
{0.0: 16595, 1.0: 2531, -1.0: 1092}
1 Creating 10 consumers
{0.0: 17926, 1.0: 1839, -1.0: 453}
Iter-0: 39.38/15.57 | Iter-1: 43.6/18.84 | Iter-2: 41.71/16.63 | Iter-3: 41.18/17.26 | Iter-4: 40.77/16.47 | 
{0.0: 18109, 1.0: 1740, -1.0: 369}
Iter-0: 40.31/15.83 | Iter-1: 43.96/19.1 | Iter-2: 42.1/16.69 | Iter-3: 43.51/18.83 | Iter-4: 40.37/15.88 | 
{0.0: 17568, 1.0: 2016, -1.0: 634}
Iter-0: 40.82/15.82 | Iter-1: 41.66/16.76 | Iter-2: 43.02/16.37 | Iter-3: 40.14/16.03 | Iter-4: 40.84/16.51 | 
{0.0: 17753, 1.0: 1927, -1.0: 538}
Iter-0: 43.15/17.97 | Iter-1: 41.57/16.76 | Iter-2: 44.04/17.62 | Iter-3: 41.05/15.81 | Iter-4: 40.6/16.26 | 
{0.0: 17396, 1.0: 2109, -1.0: 713}
Iter-0: 40.07/14.37 | Iter-1: 44.02/19.03 | Iter-2: 40.81/15.4 | Iter-3: 42.09/17.22 | Iter-4: 40.72/16.0 | 
{0.0: 17229, 1.0: 2201, -1.0: 788}
Iter-0: 39.61/15.16 | Iter-1: 43.52/18.08 | Iter-2: 40.46/15.39 | Iter-3: 41.43/17.19 | Iter-4: 41.66/15.97 | 
{0.0: 17064, 1.0: 2292, -1.0: 862}
Iter-0: 39.91/14.77 | Iter-1: 42.79/18.48 | Iter-2: 42.38/15.32 | Iter-3: 40.91/16.88 | Iter-4: 40.56/15.7 | 
{0.0: 16898, 1.0: 2373, -1.0: 947}
Iter-0: 42.3/16.94 | Iter-1: 41.12/15.89 | Iter-2: 42.76/16.67 | Iter-3: 41.15/16.8 | Iter-4: 39.65/15.18 | 
{0.0: 16742, 1.0: 2452, -1.0: 1024}
Iter-0: 39.64/15.55 | Iter-1: 41.64/16.4 | Iter-2: 42.03/16.43 | Iter-3: 41.01/16.59 | Iter-4: 42.03/17.29 | 
{0.0: 16595, 1.0: 2531, -1.0: 1092}
Iter-0: 38.75/14.48 | Iter-1: 43.05/17.44 | Iter-2: 41.92/16.8 | Iter-3: 42.23/15.97 | Iter-4: 40.6/16.32 | 
prob_mse: 0.153636841758, running time: 330.61995697
6.0 ~~~~~~~~~~~~~~~~~~~~~~~~~~~~~~~~~~~~~~~~~~~~~~~~~~~~~~~~~~~~~~~`
dataset: enron method: Adv-CSL, #attack_edge:10000,T:10,test_ratio: 0.3,gamma:0.2
/network/rit/lab/ceashpc/adil/data/adv_csl/Jan2/random_pgd_gcn_vae/enron/enron-attackedges-10000-T-10-testratio-0.3-swap_ratio-0.01-gamma-0.2-realization-0-data-X.pkl
#Rule:743244 Nodes:67392 Edges:743244
0 Creating 10 consumers
{0.0: 18109, 1.0: 1740, -1.0: 369}
{0.0: 17926, 1.0: 1839, -1.0: 453}
{0.0: 17753, 1.0: 1927, -1.0: 538}
{0.0: 17568, 1.0: 2016, -1.0: 634}
{0.0: 17396, 1.0: 2109, -1.0: 713}
{0.0: 17229, 1.0: 2201, -1.0: 788}
{0.0: 17064, 1.0: 2292, -1.0: 862}
{0.0: 16898, 1.0: 2373, -1.0: 947}
{0.0: 16742, 1.0: 2452, -1.0: 1024}
{0.0: 16595, 1.0: 2531, -1.0: 1092}
1 Creating 10 consumers
{0.0: 18109, 1.0: 1740, -1.0: 369}
Iter-0: 41.79/16.0 | Iter-1: 43.16/18.94 | Iter-2: 32.18/13.12 | Iter-3: 31.27/12.97 | Iter-4: 30.79/12.53 | 
{0.0: 17926, 1.0: 1839, -1.0: 453}
Iter-0: 41.75/15.79 | Iter-1: 41.35/17.26 | Iter-2: 32.39/13.05 | Iter-3: 31.76/12.94 | Iter-4: 30.98/12.47 | 
{0.0: 17753, 1.0: 1927, -1.0: 538}
Iter-0: 40.68/15.91 | Iter-1: 41.27/17.32 | Iter-2: 32.97/13.01 | Iter-3: 32.15/12.92 | Iter-4: 30.65/12.42 | 
{0.0: 17396, 1.0: 2109, -1.0: 713}
Iter-0: 40.6/15.04 | Iter-1: 38.96/17.84 | Iter-2: 31.53/12.79 | Iter-3: 31.16/12.68 | Iter-4: 30.47/12.22 | 
{0.0: 17568, 1.0: 2016, -1.0: 634}
Iter-0: 40.88/16.13 | Iter-1: 40.35/16.75 | Iter-2: 32.46/12.87 | Iter-3: 31.68/12.76 | Iter-4: 31.4/12.27 | 
{0.0: 17229, 1.0: 2201, -1.0: 788}
Iter-0: 42.26/15.79 | Iter-1: 37.33/16.97 | Iter-2: 31.58/12.76 | Iter-3: 30.88/12.67 | Iter-4: 30.4/12.18 | 
{0.0: 17064, 1.0: 2292, -1.0: 862}
Iter-0: 41.39/15.84 | Iter-1: 36.71/16.69 | Iter-2: 31.69/12.73 | Iter-3: 31.3/12.63 | Iter-4: 30.06/12.12 | 
{0.0: 16742, 1.0: 2452, -1.0: 1024}
Iter-0: 39.67/14.71 | Iter-1: 36.61/16.26 | Iter-2: 31.85/12.62 | Iter-3: 31.28/12.57 | Iter-4: 30.8/12.08 | 
{0.0: 16595, 1.0: 2531, -1.0: 1092}
Iter-0: 40.59/15.61 | Iter-1: 35.72/17.1 | Iter-2: 32.07/12.51 | Iter-3: 31.38/12.43 | Iter-4: 30.5/11.98 | 
{0.0: 16898, 1.0: 2373, -1.0: 947}
Iter-0: 41.78/15.96 | Iter-1: 36.99/16.19 | Iter-2: 33.95/13.95 | Iter-3: 33.27/13.87 | Iter-4: 31.93/13.33 | 
prob_mse: 0.151864483793, running time: 298.310746908
7.0 ~~~~~~~~~~~~~~~~~~~~~~~~~~~~~~~~~~~~~~~~~~~~~~~~~~~~~~~~~~~~~~~`
dataset: enron method: Adv-CSL, #attack_edge:10000,T:10,test_ratio: 0.3,gamma:0.3
/network/rit/lab/ceashpc/adil/data/adv_csl/Jan2/random_pgd_gcn_vae/enron/enron-attackedges-10000-T-10-testratio-0.3-swap_ratio-0.01-gamma-0.3-realization-0-data-X.pkl
#Rule:743244 Nodes:67392 Edges:743244
0 Creating 10 consumers
{0.0: 18109, 1.0: 1740, -1.0: 369}
{0.0: 17926, 1.0: 1839, -1.0: 453}
{0.0: 17753, 1.0: 1927, -1.0: 538}
{0.0: 17568, 1.0: 2016, -1.0: 634}
{0.0: 17396, 1.0: 2109, -1.0: 713}
{0.0: 17229, 1.0: 2201, -1.0: 788}
{0.0: 17064, 1.0: 2292, -1.0: 862}
{0.0: 16898, 1.0: 2373, -1.0: 947}
{0.0: 16742, 1.0: 2452, -1.0: 1024}
{0.0: 16595, 1.0: 2531, -1.0: 1092}
1 Creating 10 consumers
{0.0: 18109, 1.0: 1740, -1.0: 369}
Iter-0: 39.99/16.04 | Iter-1: 42.09/17.95 | Iter-2: 43.57/16.86 | Iter-3: 44.23/17.22 | Iter-4: 41.9/15.37 | 
{0.0: 17753, 1.0: 1927, -1.0: 538}
Iter-0: 42.77/16.1 | Iter-1: 41.39/15.81 | Iter-2: 44.02/16.81 | Iter-3: 39.98/15.17 | Iter-4: 41.82/15.98 | 
{0.0: 17926, 1.0: 1839, -1.0: 453}
Iter-0: 42.94/15.84 | Iter-1: 42.91/17.35 | Iter-2: 44.55/17.38 | Iter-3: 41.82/16.11 | Iter-4: 42.21/17.55 | 
{0.0: 17568, 1.0: 2016, -1.0: 634}
Iter-0: 40.39/15.25 | Iter-1: 41.87/17.74 | Iter-2: 41.85/16.8 | Iter-3: 41.33/15.8 | Iter-4: 41.04/16.42 | 
{0.0: 17396, 1.0: 2109, -1.0: 713}
Iter-0: 40.65/15.82 | Iter-1: 42.51/16.94 | Iter-2: 41.99/15.54 | Iter-3: 41.41/16.23 | Iter-4: 40.86/16.16 | 
{0.0: 17064, 1.0: 2292, -1.0: 862}
Iter-0: 42.1/16.0 | Iter-1: 39.9/15.36 | Iter-2: 42.11/16.7 | Iter-3: 41.09/16.05 | Iter-4: 39.69/14.96 | 
{0.0: 17229, 1.0: 2201, -1.0: 788}
Iter-0: 40.83/15.45 | Iter-1: 43.09/17.73 | Iter-2: 41.34/15.84 | Iter-3: 43.21/16.54 | Iter-4: 40.33/15.21 | 
{0.0: 16898, 1.0: 2373, -1.0: 947}
Iter-0: 41.6/15.7 | Iter-1: 44.32/16.2 | Iter-2: 41.74/16.34 | Iter-3: 40.04/14.75 | Iter-4: 39.88/16.03 | 
{0.0: 16742, 1.0: 2452, -1.0: 1024}
Iter-0: 41.06/15.94 | Iter-1: 40.13/16.79 | Iter-2: 43.22/17.37 | Iter-3: 40.55/14.82 | Iter-4: 40.99/15.41 | 
{0.0: 16595, 1.0: 2531, -1.0: 1092}
Iter-0: 39.86/14.79 | Iter-1: 43.4/16.42 | Iter-2: 40.59/15.19 | Iter-3: 41.94/16.69 | Iter-4: 40.95/16.41 | 
prob_mse: 0.150223972038, running time: 318.733591795
8.0 ~~~~~~~~~~~~~~~~~~~~~~~~~~~~~~~~~~~~~~~~~~~~~~~~~~~~~~~~~~~~~~~`
dataset: enron method: Adv-CSL, #attack_edge:10000,T:10,test_ratio: 0.3,gamma:0.4
/network/rit/lab/ceashpc/adil/data/adv_csl/Jan2/random_pgd_gcn_vae/enron/enron-attackedges-10000-T-10-testratio-0.3-swap_ratio-0.01-gamma-0.4-realization-0-data-X.pkl
#Rule:743244 Nodes:67392 Edges:743244
0 Creating 10 consumers
{0.0: 18109, 1.0: 1740, -1.0: 369}
{0.0: 17926, 1.0: 1839, -1.0: 453}
{0.0: 17753, 1.0: 1927, -1.0: 538}
{0.0: 17396, 1.0: 2109, -1.0: 713}
{0.0: 17568, 1.0: 2016, -1.0: 634}
{0.0: 17229, 1.0: 2201, -1.0: 788}
{0.0: 17064, 1.0: 2292, -1.0: 862}
{0.0: 16898, 1.0: 2373, -1.0: 947}
{0.0: 16742, 1.0: 2452, -1.0: 1024}
{0.0: 16595, 1.0: 2531, -1.0: 1092}
1 Creating 10 consumers
{0.0: 18109, 1.0: 1740, -1.0: 369}
Iter-0: 41.04/15.81 | Iter-1: 43.77/18.3 | Iter-2: 40.14/15.45 | Iter-3: 42.93/16.53 | Iter-4: 41.59/16.69 | 
{0.0: 17753, 1.0: 1927, -1.0: 538}
Iter-0: 42.68/16.49 | Iter-1: 40.07/15.65 | Iter-2: 40.67/15.7 | Iter-3: 42.33/16.2 | Iter-4: 40.82/15.69 | 
{0.0: 17926, 1.0: 1839, -1.0: 453}
Iter-0: 43.69/18.33 | Iter-1: 42.02/17.01 | Iter-2: 41.39/16.05 | Iter-3: 43.91/18.2 | Iter-4: 41.01/15.36 | 
{0.0: 17568, 1.0: 2016, -1.0: 634}
Iter-0: 41.51/16.12 | Iter-1: 41.5/16.22 | Iter-2: 40.41/15.85 | Iter-3: 42.86/17.1 | Iter-4: 40.95/15.7 | 
{0.0: 17396, 1.0: 2109, -1.0: 713}
Iter-0: 41.62/16.26 | Iter-1: 40.72/16.14 | Iter-2: 40.62/16.1 | Iter-3: 42.13/16.41 | Iter-4: 41.42/16.19 | 
{0.0: 17229, 1.0: 2201, -1.0: 788}
Iter-0: 39.34/14.6 | Iter-1: 43.0/17.44 | Iter-2: 41.23/16.67 | Iter-3: 40.23/15.09 | Iter-4: 42.12/15.47 | 
{0.0: 16898, 1.0: 2373, -1.0: 947}
Iter-0: 40.64/16.34 | Iter-1: 40.91/16.46 | Iter-2: 39.58/15.19 | Iter-3: 43.23/15.82 | Iter-4: 40.13/14.67 | 
{0.0: 17064, 1.0: 2292, -1.0: 862}
Iter-0: 40.55/15.45 | Iter-1: 43.5/17.85 | Iter-2: 40.22/15.29 | Iter-3: 40.84/15.84 | Iter-4: 42.12/16.1 | 
{0.0: 16742, 1.0: 2452, -1.0: 1024}
Iter-0: 42.04/16.08 | Iter-1: 41.33/15.97 | Iter-2: 40.86/15.85 | Iter-3: 42.24/16.17 | Iter-4: 39.14/15.07 | 
{0.0: 16595, 1.0: 2531, -1.0: 1092}
Iter-0: 39.83/14.63 | Iter-1: 41.28/15.77 | Iter-2: 42.04/15.98 | Iter-3: 40.19/15.17 | Iter-4: 39.66/15.58 | 
prob_mse: 0.149065763181, running time: 327.703717947
9.0 ~~~~~~~~~~~~~~~~~~~~~~~~~~~~~~~~~~~~~~~~~~~~~~~~~~~~~~~~~~~~~~~`
dataset: enron method: Adv-CSL, #attack_edge:10000,T:10,test_ratio: 0.3,gamma:0.5
/network/rit/lab/ceashpc/adil/data/adv_csl/Jan2/random_pgd_gcn_vae/enron/enron-attackedges-10000-T-10-testratio-0.3-swap_ratio-0.01-gamma-0.5-realization-0-data-X.pkl
#Rule:743244 Nodes:67392 Edges:743244
0 Creating 10 consumers
{0.0: 10138, 1.0: 812, -1.0: 9268}
{0.0: 10139, 1.0: 810, -1.0: 9269}
{0.0: 10125, 1.0: 810, -1.0: 9283}
{0.0: 10118, 1.0: 806, -1.0: 9294}
{0.0: 10116, 1.0: 807, -1.0: 9295}
{0.0: 10115, 1.0: 810, -1.0: 9293}
{0.0: 10106, 1.0: 817, -1.0: 9295}
{0.0: 10085, 1.0: 828, -1.0: 9305}
{0.0: 10094, 1.0: 821, -1.0: 9303}
{0.0: 10100, 1.0: 827, -1.0: 9291}
1 Creating 10 consumers
{0.0: 10116, 1.0: 807, -1.0: 9295}
{0.0: 10115, 1.0: 810, -1.0: 9293}
{0.0: 10106, 1.0: 817, -1.0: 9295}
{0.0: 10138, 1.0: 812, -1.0: 9268}
Iter-0: 41.93/16.59 | Iter-1: 41.97/17.24 | Iter-2: 42.33/15.22 | Iter-3: 40.27/15.43 | Iter-4: 41.78/16.85 | 
{0.0: 10139, 1.0: 810, -1.0: 9269}
Iter-0: 40.16/15.22 | Iter-1: 43.73/18.7 | Iter-2: 41.78/16.35 | Iter-3: 40.24/16.12 | Iter-4: 41.7/16.46 | 
{0.0: 10125, 1.0: 810, -1.0: 9283}
Iter-0: 42.06/16.15 | Iter-1: 44.2/18.7 | Iter-2: 40.07/14.47 | Iter-3: 44.87/17.83 | Iter-4: 38.9/14.86 | 
{0.0: 10118, 1.0: 806, -1.0: 9294}
Iter-0: 41.25/16.57 | Iter-1: 42.72/17.29 | Iter-2: 40.97/15.89 | Iter-3: 41.09/16.22 | Iter-4: 40.65/15.71 | 
{0.0: 10094, 1.0: 821, -1.0: 9303}
Iter-0: 40.59/15.48 | Iter-1: 43.29/18.0 | Iter-2: 41.0/14.51 | Iter-3: 40.72/15.94 | Iter-4: 41.01/16.15 | 
{0.0: 10085, 1.0: 828, -1.0: 9305}
Iter-0: 41.54/16.37 | Iter-1: 42.19/16.89 | Iter-2: 40.35/15.13 | Iter-3: 42.46/16.51 | Iter-4: 39.31/14.74 | 
{0.0: 10100, 1.0: 827, -1.0: 9291}
Iter-0: 42.53/15.98 | Iter-1: 40.55/15.68 | Iter-2: 42.08/14.9 | Iter-3: 41.27/16.3 | Iter-4: 40.7/15.93 | 
prob_mse: 0.414907950012, running time: 333.221946001
