

--------------------------------------------------
--------------------------------------------------

-------------------Mon, 21 Jan 2019 01:05:29 PM EST---------------------

0 ~~~~~~~~~~~~~~~~~~~~~~~~~~~~~~~~~~~~~~~~~~~~~~~~~~~~~~~~~~~~~~~`
dataset: facebook method: Adv-CSL, #attack_edge:10000,T:10,test_ratio: 0.3,gamma:0.0
/network/rit/lab/ceashpc/adil/data/adv_csl/Jan2/random_pgd/facebook/facebook-attackedges-10000-T-10-testratio-0.3-swap_ratio-0.01-gamma-0.0-realization-0-data-X.pkl
#Rule:372936 Nodes:8078 Edges:372936
0 Creating 10 consumers
{0.0: 2243, 1.0: 62, -1.0: 119}

{0.0: 2222, 1.0: 77, -1.0: 125}

{0.0: 2202, 1.0: 85, -1.0: 137}

{0.0: 2153, 1.0: 107, -1.0: 164}

{0.0: 2173, 1.0: 99, -1.0: 152}

{0.0: 2133, 1.0: 118, -1.0: 173}

{0.0: 2121, 1.0: 125, -1.0: 178}

{0.0: 2101, 1.0: 137, -1.0: 186}

{0.0: 2089, 1.0: 147, -1.0: 188}

{0.0: 2076, 1.0: 155, -1.0: 193}

1 Creating 10 consumers
{0.0: 2173, 1.0: 99, -1.0: 152}

{0.0: 2153, 1.0: 107, -1.0: 164}

{0.0: 2133, 1.0: 118, -1.0: 173}

{0.0: 2121, 1.0: 125, -1.0: 178}

{0.0: 2202, 1.0: 85, -1.0: 137}
Iter-0: 9.89/3.53 | Iter-1: 11.55/5.46 | 
{0.0: 2243, 1.0: 62, -1.0: 119}
Iter-0: 10.24/3.52 | Iter-1: 12.16/5.56 | 
{0.0: 2222, 1.0: 77, -1.0: 125}
Iter-0: 10.15/3.53 | Iter-1: 11.83/5.47 | 
{0.0: 2101, 1.0: 137, -1.0: 186}
Iter-0: 10.12/3.5 | Iter-1: 11.55/5.22 | 
{0.0: 2076, 1.0: 155, -1.0: 193}
Iter-0: 9.92/3.49 | Iter-1: 11.84/5.32 | 
{0.0: 2089, 1.0: 147, -1.0: 188}
Iter-0: 9.88/3.49 | Iter-1: 11.75/5.3 | 
prob_mse: 0.0931112211221, running time: 60.2402398586
1.0 ~~~~~~~~~~~~~~~~~~~~~~~~~~~~~~~~~~~~~~~~~~~~~~~~~~~~~~~~~~~~~~~`
dataset: facebook method: Adv-CSL, #attack_edge:10000,T:10,test_ratio: 0.3,gamma:0.01
/network/rit/lab/ceashpc/adil/data/adv_csl/Jan2/random_pgd/facebook/facebook-attackedges-10000-T-10-testratio-0.3-swap_ratio-0.01-gamma-0.01-realization-0-data-X.pkl
#Rule:372936 Nodes:8078 Edges:372936
0 Creating 10 consumers
{0.0: 2243, 1.0: 62, -1.0: 119}

{0.0: 2202, 1.0: 85, -1.0: 137}

{0.0: 2222, 1.0: 77, -1.0: 125}

{0.0: 2173, 1.0: 99, -1.0: 152}

{0.0: 2153, 1.0: 107, -1.0: 164}

{0.0: 2133, 1.0: 118, -1.0: 173}

{0.0: 2121, 1.0: 125, -1.0: 178}

{0.0: 2101, 1.0: 137, -1.0: 186}

{0.0: 2089, 1.0: 147, -1.0: 188}

{0.0: 2076, 1.0: 155, -1.0: 193}

1 Creating 10 consumers
{0.0: 2173, 1.0: 99, -1.0: 152}

{0.0: 2153, 1.0: 107, -1.0: 164}

{0.0: 2133, 1.0: 118, -1.0: 173}

{0.0: 2121, 1.0: 125, -1.0: 178}

{0.0: 2202, 1.0: 85, -1.0: 137}
Iter-0: 13.05/6.24 | Iter-1: 12.86/6.59 | Iter-2: 12.16/5.92 | Iter-3: 11.93/5.66 | Iter-4: 11.83/5.45 | 
{0.0: 2101, 1.0: 137, -1.0: 186}
Iter-0: 12.53/6.03 | Iter-1: 12.29/6.29 | Iter-2: 11.82/5.82 | Iter-3: 11.54/5.54 | Iter-4: 11.45/5.31 | 
{0.0: 2243, 1.0: 62, -1.0: 119}
Iter-0: 13.1/6.26 | Iter-1: 13.56/7.01 | Iter-2: 12.72/6.16 | Iter-3: 12.38/5.9 | Iter-4: 12.21/5.62 | 
{0.0: 2089, 1.0: 147, -1.0: 188}
Iter-0: 12.6/6.01 | Iter-1: 12.92/6.61 | Iter-2: 12.4/6.11 | Iter-3: 12.08/5.81 | Iter-4: 11.8/5.57 | 
{0.0: 2222, 1.0: 77, -1.0: 125}
Iter-0: 13.97/6.73 | Iter-1: 13.99/7.32 | Iter-2: 13.33/6.67 | Iter-3: 12.98/6.36 | Iter-4: 12.66/6.17 | 
{0.0: 2076, 1.0: 155, -1.0: 193}
Iter-0: 12.66/6.0 | Iter-1: 13.0/6.58 | Iter-2: 12.47/6.09 | Iter-3: 12.16/5.78 | Iter-4: 11.87/5.56 | 
prob_mse: 0.226984158416, running time: 93.7888259888
2.0 ~~~~~~~~~~~~~~~~~~~~~~~~~~~~~~~~~~~~~~~~~~~~~~~~~~~~~~~~~~~~~~~`
dataset: facebook method: Adv-CSL, #attack_edge:10000,T:10,test_ratio: 0.3,gamma:0.03
/network/rit/lab/ceashpc/adil/data/adv_csl/Jan2/random_pgd/facebook/facebook-attackedges-10000-T-10-testratio-0.3-swap_ratio-0.01-gamma-0.03-realization-0-data-X.pkl
#Rule:372936 Nodes:8078 Edges:372936
0 Creating 10 consumers
{0.0: 2243, 1.0: 62, -1.0: 119}

{0.0: 2222, 1.0: 77, -1.0: 125}

{0.0: 2173, 1.0: 99, -1.0: 152}

{0.0: 2153, 1.0: 107, -1.0: 164}

{0.0: 2202, 1.0: 85, -1.0: 137}

{0.0: 2121, 1.0: 125, -1.0: 178}

{0.0: 2133, 1.0: 118, -1.0: 173}

{0.0: 2101, 1.0: 137, -1.0: 186}

{0.0: 2076, 1.0: 155, -1.0: 193}

{0.0: 2089, 1.0: 147, -1.0: 188}

1 Creating 10 consumers
{0.0: 2173, 1.0: 99, -1.0: 152}

{0.0: 2153, 1.0: 107, -1.0: 164}

{0.0: 2133, 1.0: 118, -1.0: 173}

{0.0: 2121, 1.0: 125, -1.0: 178}

{0.0: 2243, 1.0: 62, -1.0: 119}
Iter-0: 12.93/6.23 | Iter-1: 13.77/7.2 | Iter-2: 12.72/6.23 | Iter-3: 12.37/5.97 | Iter-4: 11.92/5.6 | 
{0.0: 2202, 1.0: 85, -1.0: 137}
Iter-0: 12.63/6.28 | Iter-1: 13.63/6.99 | Iter-2: 12.91/6.32 | Iter-3: 12.5/6.07 | Iter-4: 12.2/5.8 | 
{0.0: 2101, 1.0: 137, -1.0: 186}
Iter-0: 12.46/6.04 | Iter-1: 13.51/6.96 | Iter-2: 12.82/6.46 | Iter-3: 12.46/6.13 | Iter-4: 12.3/6.02 | 
{0.0: 2222, 1.0: 77, -1.0: 125}
Iter-0: 13.8/7.02 | Iter-1: 14.25/7.7 | Iter-2: 13.65/7.16 | Iter-3: 13.14/6.77 | Iter-4: 12.77/6.51 | 
{0.0: 2076, 1.0: 155, -1.0: 193}
Iter-0: 12.43/6.06 | Iter-1: 13.42/6.88 | Iter-2: 12.76/6.41 | Iter-3: 12.43/6.09 | Iter-4: 12.28/6.0 | 
{0.0: 2089, 1.0: 147, -1.0: 188}
Iter-0: 12.63/6.01 | Iter-1: 13.85/6.92 | Iter-2: 13.11/6.42 | Iter-3: 12.76/6.1 | Iter-4: 12.48/5.95 | 
prob_mse: 0.225643316832, running time: 95.4563550949
3.0 ~~~~~~~~~~~~~~~~~~~~~~~~~~~~~~~~~~~~~~~~~~~~~~~~~~~~~~~~~~~~~~~`
dataset: facebook method: Adv-CSL, #attack_edge:10000,T:10,test_ratio: 0.3,gamma:0.05
/network/rit/lab/ceashpc/adil/data/adv_csl/Jan2/random_pgd/facebook/facebook-attackedges-10000-T-10-testratio-0.3-swap_ratio-0.01-gamma-0.05-realization-0-data-X.pkl
#Rule:372936 Nodes:8078 Edges:372936
0 Creating 10 consumers
{0.0: 2243, 1.0: 62, -1.0: 119}

{0.0: 2222, 1.0: 77, -1.0: 125}

{0.0: 2202, 1.0: 85, -1.0: 137}

{0.0: 2153, 1.0: 107, -1.0: 164}

{0.0: 2173, 1.0: 99, -1.0: 152}

{0.0: 2133, 1.0: 118, -1.0: 173}

{0.0: 2121, 1.0: 125, -1.0: 178}

{0.0: 2101, 1.0: 137, -1.0: 186}

{0.0: 2089, 1.0: 147, -1.0: 188}

{0.0: 2076, 1.0: 155, -1.0: 193}

1 Creating 10 consumers
{0.0: 2173, 1.0: 99, -1.0: 152}

{0.0: 2153, 1.0: 107, -1.0: 164}

{0.0: 2133, 1.0: 118, -1.0: 173}

{0.0: 2121, 1.0: 125, -1.0: 178}

{0.0: 2243, 1.0: 62, -1.0: 119}
Iter-0: 12.61/6.28 | Iter-1: 13.79/7.57 | Iter-2: 13.12/6.95 | Iter-3: 12.74/6.56 | Iter-4: 12.46/6.27 | 
{0.0: 2202, 1.0: 85, -1.0: 137}
Iter-0: 12.71/6.3 | Iter-1: 13.47/7.15 | Iter-2: 12.88/6.63 | Iter-3: 12.69/6.35 | Iter-4: 12.47/6.15 | 
{0.0: 2101, 1.0: 137, -1.0: 186}
Iter-0: 12.8/6.1 | Iter-1: 13.01/6.72 | Iter-2: 12.53/6.21 | Iter-3: 12.27/5.95 | Iter-4: 12.18/5.75 | 
{0.0: 2076, 1.0: 155, -1.0: 193}
Iter-0: 12.62/6.06 | Iter-1: 12.9/6.66 | Iter-2: 12.44/6.2 | Iter-3: 12.16/5.92 | Iter-4: 12.08/5.75 | 
{0.0: 2089, 1.0: 147, -1.0: 188}
Iter-0: 12.42/6.07 | Iter-1: 13.3/6.95 | Iter-2: 12.77/6.47 | Iter-3: 12.8/6.45 | Iter-4: 12.23/6.05 | 
{0.0: 2222, 1.0: 77, -1.0: 125}
Iter-0: 14.08/7.23 | Iter-1: 13.95/7.38 | Iter-2: 13.23/6.78 | Iter-3: 13.1/6.53 | Iter-4: 12.71/6.33 | 
prob_mse: 0.223236826183, running time: 94.3506660461
4.0 ~~~~~~~~~~~~~~~~~~~~~~~~~~~~~~~~~~~~~~~~~~~~~~~~~~~~~~~~~~~~~~~`
dataset: facebook method: Adv-CSL, #attack_edge:10000,T:10,test_ratio: 0.3,gamma:0.07
/network/rit/lab/ceashpc/adil/data/adv_csl/Jan2/random_pgd/facebook/facebook-attackedges-10000-T-10-testratio-0.3-swap_ratio-0.01-gamma-0.07-realization-0-data-X.pkl
#Rule:372936 Nodes:8078 Edges:372936
0 Creating 10 consumers
{0.0: 2202, 1.0: 85, -1.0: 137}

{0.0: 2243, 1.0: 62, -1.0: 119}

{0.0: 2222, 1.0: 77, -1.0: 125}

{0.0: 2173, 1.0: 99, -1.0: 152}

{0.0: 2153, 1.0: 107, -1.0: 164}

{0.0: 2121, 1.0: 125, -1.0: 178}

{0.0: 2133, 1.0: 118, -1.0: 173}

{0.0: 2101, 1.0: 137, -1.0: 186}

{0.0: 2089, 1.0: 147, -1.0: 188}

{0.0: 2076, 1.0: 155, -1.0: 193}

1 Creating 10 consumers
{0.0: 2173, 1.0: 99, -1.0: 152}

{0.0: 2153, 1.0: 107, -1.0: 164}

{0.0: 2133, 1.0: 118, -1.0: 173}

{0.0: 2121, 1.0: 125, -1.0: 178}

{0.0: 2222, 1.0: 77, -1.0: 125}
Iter-0: 12.95/6.48 | Iter-1: 13.17/7.07 | Iter-2: 12.57/6.47 | Iter-3: 12.45/6.33 | Iter-4: 12.37/6.11 | 
{0.0: 2202, 1.0: 85, -1.0: 137}
Iter-0: 12.66/6.31 | Iter-1: 13.5/7.01 | Iter-2: 12.84/6.36 | Iter-3: 12.7/6.21 | Iter-4: 12.7/5.98 | 
{0.0: 2243, 1.0: 62, -1.0: 119}
Iter-0: 13.65/7.0 | Iter-1: 14.23/7.96 | Iter-2: 13.3/7.03 | Iter-3: 13.04/6.7 | Iter-4: 13.06/6.43 | 
{0.0: 2101, 1.0: 137, -1.0: 186}
Iter-0: 12.54/6.13 | Iter-1: 13.4/7.04 | Iter-2: 12.9/6.53 | Iter-3: 12.73/6.36 | Iter-4: 12.59/6.09 | 
{0.0: 2089, 1.0: 147, -1.0: 188}
Iter-0: 12.48/6.07 | Iter-1: 13.35/7.01 | Iter-2: 12.91/6.52 | Iter-3: 12.97/6.34 | Iter-4: 12.7/6.09 | 
{0.0: 2076, 1.0: 155, -1.0: 193}
Iter-0: 12.64/6.06 | Iter-1: 13.48/6.98 | Iter-2: 13.0/6.51 | Iter-3: 13.02/6.51 | Iter-4: 12.52/6.08 | 
prob_mse: 0.221655418042, running time: 95.0170400143
5.0 ~~~~~~~~~~~~~~~~~~~~~~~~~~~~~~~~~~~~~~~~~~~~~~~~~~~~~~~~~~~~~~~`
dataset: facebook method: Adv-CSL, #attack_edge:10000,T:10,test_ratio: 0.3,gamma:0.09
/network/rit/lab/ceashpc/adil/data/adv_csl/Jan2/random_pgd/facebook/facebook-attackedges-10000-T-10-testratio-0.3-swap_ratio-0.01-gamma-0.09-realization-0-data-X.pkl
#Rule:372936 Nodes:8078 Edges:372936
0 Creating 10 consumers
{0.0: 2243, 1.0: 62, -1.0: 119}

{0.0: 2222, 1.0: 77, -1.0: 125}

{0.0: 2173, 1.0: 99, -1.0: 152}

{0.0: 2202, 1.0: 85, -1.0: 137}

{0.0: 2153, 1.0: 107, -1.0: 164}

{0.0: 2133, 1.0: 118, -1.0: 173}

{0.0: 2121, 1.0: 125, -1.0: 178}

{0.0: 2089, 1.0: 147, -1.0: 188}

{0.0: 2101, 1.0: 137, -1.0: 186}

{0.0: 2076, 1.0: 155, -1.0: 193}

1 Creating 10 consumers
{0.0: 2153, 1.0: 107, -1.0: 164}

{0.0: 2121, 1.0: 125, -1.0: 178}

{0.0: 2133, 1.0: 118, -1.0: 173}

{0.0: 2173, 1.0: 99, -1.0: 152}

{0.0: 2202, 1.0: 85, -1.0: 137}
Iter-0: 12.82/6.26 | Iter-1: 13.13/6.96 | Iter-2: 12.73/6.37 | Iter-3: 12.47/6.35 | Iter-4: 12.06/5.91 | 
{0.0: 2243, 1.0: 62, -1.0: 119}
Iter-0: 12.62/6.24 | Iter-1: 13.7/7.37 | Iter-2: 13.13/6.62 | Iter-3: 12.71/6.39 | Iter-4: 12.33/6.02 | 
{0.0: 2076, 1.0: 155, -1.0: 193}
Iter-0: 12.48/5.97 | Iter-1: 12.65/6.49 | Iter-2: 12.68/6.18 | Iter-3: 12.21/6.09 | Iter-4: 11.83/5.72 | 
{0.0: 2089, 1.0: 147, -1.0: 188}
Iter-0: 12.46/6.01 | Iter-1: 13.32/6.94 | Iter-2: 12.99/6.45 | Iter-3: 12.79/6.44 | Iter-4: 12.25/6.04 | 
{0.0: 2101, 1.0: 137, -1.0: 186}
Iter-0: 12.53/6.06 | Iter-1: 13.38/6.99 | Iter-2: 13.09/6.5 | Iter-3: 12.87/6.48 | Iter-4: 12.45/6.19 | 
{0.0: 2222, 1.0: 77, -1.0: 125}
Iter-0: 13.99/7.14 | Iter-1: 14.23/7.8 | Iter-2: 14.03/7.28 | Iter-3: 13.59/7.15 | Iter-4: 13.0/6.72 | 
prob_mse: 0.220864631463, running time: 94.5987429619
6.0 ~~~~~~~~~~~~~~~~~~~~~~~~~~~~~~~~~~~~~~~~~~~~~~~~~~~~~~~~~~~~~~~`
dataset: facebook method: Adv-CSL, #attack_edge:10000,T:10,test_ratio: 0.3,gamma:0.2
/network/rit/lab/ceashpc/adil/data/adv_csl/Jan2/random_pgd/facebook/facebook-attackedges-10000-T-10-testratio-0.3-swap_ratio-0.01-gamma-0.2-realization-0-data-X.pkl
#Rule:372936 Nodes:8078 Edges:372936
0 Creating 10 consumers
{0.0: 2222, 1.0: 77, -1.0: 125}

{0.0: 2243, 1.0: 62, -1.0: 119}

{0.0: 2202, 1.0: 85, -1.0: 137}

{0.0: 2153, 1.0: 107, -1.0: 164}

{0.0: 2133, 1.0: 118, -1.0: 173}

{0.0: 2173, 1.0: 99, -1.0: 152}

{0.0: 2121, 1.0: 125, -1.0: 178}

{0.0: 2101, 1.0: 137, -1.0: 186}

{0.0: 2089, 1.0: 147, -1.0: 188}

{0.0: 2076, 1.0: 155, -1.0: 193}

1 Creating 10 consumers
{0.0: 2173, 1.0: 99, -1.0: 152}

{0.0: 2153, 1.0: 107, -1.0: 164}

{0.0: 2133, 1.0: 118, -1.0: 173}

{0.0: 2121, 1.0: 125, -1.0: 178}

{0.0: 2202, 1.0: 85, -1.0: 137}
Iter-0: 12.56/6.26 | Iter-1: 13.3/6.84 | Iter-2: 12.97/6.71 | Iter-3: 12.86/6.67 | Iter-4: 12.45/6.18 | 
{0.0: 2222, 1.0: 77, -1.0: 125}
Iter-0: 13.19/6.45 | Iter-1: 13.48/6.89 | Iter-2: 12.87/6.55 | Iter-3: 12.79/6.47 | Iter-4: 12.36/6.06 | 
{0.0: 2101, 1.0: 137, -1.0: 186}
Iter-0: 12.41/6.03 | Iter-1: 13.06/6.57 | Iter-2: 12.74/6.49 | Iter-3: 12.67/6.44 | Iter-4: 12.24/6.02 | 
{0.0: 2089, 1.0: 147, -1.0: 188}
Iter-0: 12.66/6.02 | Iter-1: 13.87/7.65 | Iter-2: 12.2/6.17 | Iter-3: 13.25/6.2 | Iter-4: 11.69/5.73 | 
{0.0: 2243, 1.0: 62, -1.0: 119}
Iter-0: 13.79/6.97 | Iter-1: 14.0/7.41 | Iter-2: 13.73/7.35 | Iter-3: 13.43/7.05 | Iter-4: 12.91/6.63 | 
{0.0: 2076, 1.0: 155, -1.0: 193}
Iter-0: 12.55/6.08 | Iter-1: 13.29/6.66 | Iter-2: 12.93/6.53 | Iter-3: 12.82/6.47 | Iter-4: 12.29/6.06 | 
prob_mse: 0.215295159516, running time: 95.0303010941
7.0 ~~~~~~~~~~~~~~~~~~~~~~~~~~~~~~~~~~~~~~~~~~~~~~~~~~~~~~~~~~~~~~~`
dataset: facebook method: Adv-CSL, #attack_edge:10000,T:10,test_ratio: 0.3,gamma:0.3
/network/rit/lab/ceashpc/adil/data/adv_csl/Jan2/random_pgd/facebook/facebook-attackedges-10000-T-10-testratio-0.3-swap_ratio-0.01-gamma-0.3-realization-0-data-X.pkl
#Rule:372936 Nodes:8078 Edges:372936
0 Creating 10 consumers
{0.0: 2243, 1.0: 62, -1.0: 119}

{0.0: 2222, 1.0: 77, -1.0: 125}

{0.0: 2202, 1.0: 85, -1.0: 137}

{0.0: 2173, 1.0: 99, -1.0: 152}

{0.0: 2133, 1.0: 118, -1.0: 173}

{0.0: 2153, 1.0: 107, -1.0: 164}

{0.0: 2121, 1.0: 125, -1.0: 178}

{0.0: 2101, 1.0: 137, -1.0: 186}

{0.0: 2089, 1.0: 147, -1.0: 188}

{0.0: 2076, 1.0: 155, -1.0: 193}

1 Creating 10 consumers
{0.0: 2173, 1.0: 99, -1.0: 152}

{0.0: 2133, 1.0: 118, -1.0: 173}

{0.0: 2153, 1.0: 107, -1.0: 164}

{0.0: 2121, 1.0: 125, -1.0: 178}

{0.0: 2243, 1.0: 62, -1.0: 119}
Iter-0: 12.57/6.22 | Iter-1: 12.44/6.44 | Iter-2: 12.52/6.52 | Iter-3: 12.33/6.14 | Iter-4: 12.21/6.17 | 
{0.0: 2222, 1.0: 77, -1.0: 125}
Iter-0: 12.87/6.46 | Iter-1: 13.31/6.91 | Iter-2: 13.24/6.87 | Iter-3: 12.7/6.45 | Iter-4: 12.51/6.27 | 
{0.0: 2202, 1.0: 85, -1.0: 137}
Iter-0: 12.64/6.26 | Iter-1: 13.43/6.61 | Iter-2: 13.54/6.76 | Iter-3: 12.89/6.29 | Iter-4: 12.56/6.13 | 
{0.0: 2101, 1.0: 137, -1.0: 186}
Iter-0: 12.47/6.06 | Iter-1: 12.68/6.33 | Iter-2: 12.81/6.52 | Iter-3: 12.35/6.1 | Iter-4: 12.25/6.07 | 
{0.0: 2089, 1.0: 147, -1.0: 188}
Iter-0: 12.44/6.01 | Iter-1: 12.36/5.95 | Iter-2: 12.66/6.15 | Iter-3: 12.54/5.96 | Iter-4: 12.33/5.91 | 
{0.0: 2076, 1.0: 155, -1.0: 193}
Iter-0: 12.66/6.0 | Iter-1: 12.99/6.53 | Iter-2: 13.4/6.77 | Iter-3: 13.19/6.55 | Iter-4: 12.37/6.37 | 
prob_mse: 0.205531353135, running time: 96.1320130825
8.0 ~~~~~~~~~~~~~~~~~~~~~~~~~~~~~~~~~~~~~~~~~~~~~~~~~~~~~~~~~~~~~~~`
dataset: facebook method: Adv-CSL, #attack_edge:10000,T:10,test_ratio: 0.3,gamma:0.4
/network/rit/lab/ceashpc/adil/data/adv_csl/Jan2/random_pgd/facebook/facebook-attackedges-10000-T-10-testratio-0.3-swap_ratio-0.01-gamma-0.4-realization-0-data-X.pkl
#Rule:372936 Nodes:8078 Edges:372936
0 Creating 10 consumers
{0.0: 2243, 1.0: 62, -1.0: 119}

{0.0: 2202, 1.0: 85, -1.0: 137}

{0.0: 2222, 1.0: 77, -1.0: 125}

{0.0: 2173, 1.0: 99, -1.0: 152}

{0.0: 2133, 1.0: 118, -1.0: 173}

{0.0: 2121, 1.0: 125, -1.0: 178}

{0.0: 2153, 1.0: 107, -1.0: 164}

{0.0: 2101, 1.0: 137, -1.0: 186}

{0.0: 2076, 1.0: 155, -1.0: 193}

{0.0: 2089, 1.0: 147, -1.0: 188}

1 Creating 10 consumers
{0.0: 2153, 1.0: 107, -1.0: 164}

{0.0: 2133, 1.0: 118, -1.0: 173}

{0.0: 2173, 1.0: 99, -1.0: 152}

{0.0: 2121, 1.0: 125, -1.0: 178}

{0.0: 2202, 1.0: 85, -1.0: 137}
Iter-0: 12.73/6.35 | Iter-1: 12.45/6.39 | Iter-2: 12.32/6.28 | Iter-3: 12.08/6.02 | Iter-4: 12.09/6.03 | 
{0.0: 2243, 1.0: 62, -1.0: 119}
Iter-0: 13.01/6.29 | Iter-1: 12.82/6.41 | Iter-2: 12.9/6.46 | Iter-3: 12.61/6.18 | Iter-4: 12.6/6.16 | 
{0.0: 2076, 1.0: 155, -1.0: 193}
Iter-0: 12.37/6.02 | Iter-1: 12.04/5.97 | Iter-2: 12.16/6.03 | Iter-3: 12.03/5.91 | Iter-4: 12.0/5.9 | 
{0.0: 2101, 1.0: 137, -1.0: 186}
Iter-0: 12.76/6.1 | Iter-1: 12.14/5.89 | Iter-2: 12.26/5.99 | Iter-3: 12.13/5.83 | Iter-4: 12.09/5.81 | 
{0.0: 2222, 1.0: 77, -1.0: 125}
Iter-0: 12.83/6.47 | Iter-1: 13.59/6.96 | Iter-2: 13.6/6.99 | Iter-3: 13.44/6.8 | Iter-4: 13.31/6.76 | 
{0.0: 2089, 1.0: 147, -1.0: 188}
Iter-0: 12.8/6.08 | Iter-1: 12.47/6.06 | Iter-2: 12.59/6.14 | Iter-3: 12.45/6.02 | Iter-4: 12.29/6.0 | 
prob_mse: 0.201199834983, running time: 93.9634530544
9.0 ~~~~~~~~~~~~~~~~~~~~~~~~~~~~~~~~~~~~~~~~~~~~~~~~~~~~~~~~~~~~~~~`
dataset: facebook method: Adv-CSL, #attack_edge:10000,T:10,test_ratio: 0.3,gamma:0.5
/network/rit/lab/ceashpc/adil/data/adv_csl/Jan2/random_pgd/facebook/facebook-attackedges-10000-T-10-testratio-0.3-swap_ratio-0.01-gamma-0.5-realization-0-data-X.pkl
#Rule:372936 Nodes:8078 Edges:372936
0 Creating 10 consumers
{0.0: 1221, -1.0: 1203}

{0.0: 1214, -1.0: 1210}

{0.0: 1216, -1.0: 1208}

{0.0: 1214, -1.0: 1210}

{0.0: 1211, -1.0: 1213}

{0.0: 1209, -1.0: 1215}

{0.0: 1213, -1.0: 1211}

{0.0: 1219, -1.0: 1205}

{0.0: 1219, -1.0: 1205}

{0.0: 1221, -1.0: 1203}

1 Creating 10 consumers
{0.0: 1214, -1.0: 1210}

{0.0: 1221, -1.0: 1203}

{0.0: 1216, -1.0: 1208}

{0.0: 1214, -1.0: 1210}

{0.0: 1209, -1.0: 1215}

{0.0: 1211, -1.0: 1213}

{0.0: 1213, -1.0: 1211}

{0.0: 1219, -1.0: 1205}

{0.0: 1219, -1.0: 1205}

{0.0: 1221, -1.0: 1203}

prob_mse: 0.415387073707, running time: 44.2451651096
10.0 ~~~~~~~~~~~~~~~~~~~~~~~~~~~~~~~~~~~~~~~~~~~~~~~~~~~~~~~~~~~~~~~`
dataset: facebook method: Adv-CSL, #attack_edge:10000,T:10,test_ratio: 0.3,gamma:0.0
/network/rit/lab/ceashpc/adil/data/adv_csl/Jan2/random_pgd/facebook/facebook-attackedges-10000-T-10-testratio-0.3-swap_ratio-0.01-gamma-0.0-realization-1-data-X.pkl
#Rule:372936 Nodes:8078 Edges:372936
0 Creating 10 consumers
{0.0: 2229, 1.0: 63, -1.0: 132}

{0.0: 2249, 1.0: 58, -1.0: 117}

{0.0: 2209, 1.0: 73, -1.0: 142}

{0.0: 2192, 1.0: 88, -1.0: 144}

{0.0: 2161, 1.0: 114, -1.0: 149}

{0.0: 2173, 1.0: 105, -1.0: 146}

{0.0: 2128, 1.0: 137, -1.0: 159}

{0.0: 2106, 1.0: 152, -1.0: 166}

{0.0: 2084, 1.0: 166, -1.0: 174}

{0.0: 2063, 1.0: 178, -1.0: 183}

1 Creating 10 consumers
{0.0: 2128, 1.0: 137, -1.0: 159}

{0.0: 2161, 1.0: 114, -1.0: 149}

{0.0: 2173, 1.0: 105, -1.0: 146}
Iter-0: 10.03/3.51 | 
{0.0: 2106, 1.0: 152, -1.0: 166}
Iter-0: 10.06/3.5 | Iter-1: 11.64/5.43 | 
{0.0: 2084, 1.0: 166, -1.0: 174}
Iter-0: 10.16/3.5 | Iter-1: 11.93/5.51 | 
{0.0: 2229, 1.0: 63, -1.0: 132}
Iter-0: 10.5/3.55 | Iter-1: 12.28/5.62 | Iter-2: 10.68/4.27 | 
{0.0: 2209, 1.0: 73, -1.0: 142}
Iter-0: 10.5/3.53 | Iter-1: 11.98/5.58 | Iter-2: 10.68/4.25 | 
{0.0: 2249, 1.0: 58, -1.0: 117}
Iter-0: 10.92/3.88 | Iter-1: 13.06/6.29 | Iter-2: 11.28/4.68 | 
{0.0: 2192, 1.0: 88, -1.0: 144}
Iter-0: 10.09/3.56 | Iter-1: 11.95/5.6 | Iter-2: 11.06/4.3 | 
{0.0: 2063, 1.0: 178, -1.0: 183}
Iter-0: 10.29/3.5 | Iter-1: 12.03/5.49 | Iter-2: 10.82/4.22 | 
prob_mse: 0.0917702970297, running time: 72.9306540489
11.0 ~~~~~~~~~~~~~~~~~~~~~~~~~~~~~~~~~~~~~~~~~~~~~~~~~~~~~~~~~~~~~~~`
dataset: facebook method: Adv-CSL, #attack_edge:10000,T:10,test_ratio: 0.3,gamma:0.01
/network/rit/lab/ceashpc/adil/data/adv_csl/Jan2/random_pgd/facebook/facebook-attackedges-10000-T-10-testratio-0.3-swap_ratio-0.01-gamma-0.01-realization-1-data-X.pkl
#Rule:372936 Nodes:8078 Edges:372936
0 Creating 10 consumers
{0.0: 2249, 1.0: 58, -1.0: 117}

{0.0: 2209, 1.0: 73, -1.0: 142}

{0.0: 2229, 1.0: 63, -1.0: 132}

{0.0: 2192, 1.0: 88, -1.0: 144}

{0.0: 2161, 1.0: 114, -1.0: 149}

{0.0: 2173, 1.0: 105, -1.0: 146}

{0.0: 2128, 1.0: 137, -1.0: 159}

{0.0: 2106, 1.0: 152, -1.0: 166}

{0.0: 2063, 1.0: 178, -1.0: 183}

{0.0: 2084, 1.0: 166, -1.0: 174}

1 Creating 10 consumers
{0.0: 2161, 1.0: 114, -1.0: 149}

{0.0: 2128, 1.0: 137, -1.0: 159}

{0.0: 2209, 1.0: 73, -1.0: 142}
Iter-0: 12.6/6.23 | Iter-1: 13.48/6.89 | Iter-2: 12.7/6.29 | Iter-3: 12.4/6.0 | Iter-4: 12.19/5.78 | 
{0.0: 2229, 1.0: 63, -1.0: 132}
Iter-0: 13.03/6.38 | Iter-1: 13.59/6.84 | Iter-2: 12.8/6.35 | Iter-3: 12.38/5.95 | Iter-4: 12.21/5.76 | 
{0.0: 2192, 1.0: 88, -1.0: 144}
Iter-0: 12.82/6.15 | Iter-1: 13.52/6.7 | Iter-2: 12.6/6.14 | Iter-3: 12.22/5.76 | Iter-4: 12.0/5.52 | 
{0.0: 2173, 1.0: 105, -1.0: 146}
Iter-0: 12.53/6.13 | Iter-1: 13.5/6.88 | Iter-2: 12.65/6.26 | Iter-3: 12.39/5.97 | Iter-4: 12.15/5.74 | 
{0.0: 2106, 1.0: 152, -1.0: 166}
Iter-0: 12.47/6.07 | Iter-1: 13.27/6.7 | Iter-2: 12.58/6.24 | Iter-3: 12.27/5.9 | Iter-4: 12.03/5.65 | 
{0.0: 2063, 1.0: 178, -1.0: 183}
Iter-0: 12.52/6.02 | Iter-1: 13.46/6.66 | Iter-2: 12.74/6.21 | Iter-3: 12.43/5.91 | Iter-4: 12.05/5.64 | 
{0.0: 2249, 1.0: 58, -1.0: 117}
Iter-0: 13.94/7.06 | Iter-1: 14.59/7.61 | Iter-2: 13.61/6.96 | Iter-3: 13.17/6.54 | Iter-4: 12.88/6.31 | 
{0.0: 2084, 1.0: 166, -1.0: 174}
Iter-0: 12.56/6.04 | Iter-1: 13.59/6.99 | Iter-2: 13.21/6.76 | Iter-3: 13.28/5.72 | Iter-4: 11.74/5.47 | 
prob_mse: 0.280821369637, running time: 95.2468149662
12.0 ~~~~~~~~~~~~~~~~~~~~~~~~~~~~~~~~~~~~~~~~~~~~~~~~~~~~~~~~~~~~~~~`
dataset: facebook method: Adv-CSL, #attack_edge:10000,T:10,test_ratio: 0.3,gamma:0.03
/network/rit/lab/ceashpc/adil/data/adv_csl/Jan2/random_pgd/facebook/facebook-attackedges-10000-T-10-testratio-0.3-swap_ratio-0.01-gamma-0.03-realization-1-data-X.pkl
#Rule:372936 Nodes:8078 Edges:372936
0 Creating 10 consumers
{0.0: 2249, 1.0: 58, -1.0: 117}

{0.0: 2192, 1.0: 88, -1.0: 144}

{0.0: 2209, 1.0: 73, -1.0: 142}

{0.0: 2229, 1.0: 63, -1.0: 132}

{0.0: 2173, 1.0: 105, -1.0: 146}

{0.0: 2161, 1.0: 114, -1.0: 149}

{0.0: 2128, 1.0: 137, -1.0: 159}

{0.0: 2106, 1.0: 152, -1.0: 166}

{0.0: 2084, 1.0: 166, -1.0: 174}

{0.0: 2063, 1.0: 178, -1.0: 183}

1 Creating 10 consumers
{0.0: 2161, 1.0: 114, -1.0: 149}

{0.0: 2128, 1.0: 137, -1.0: 159}

{0.0: 2209, 1.0: 73, -1.0: 142}
Iter-0: 12.54/6.2 | Iter-1: 13.44/7.17 | Iter-2: 12.75/6.4 | Iter-3: 12.24/6.06 | Iter-4: 12.17/5.91 | 
{0.0: 2249, 1.0: 58, -1.0: 117}
Iter-0: 12.93/6.36 | Iter-1: 13.9/7.33 | Iter-2: 13.31/6.57 | Iter-3: 12.7/6.2 | Iter-4: 12.63/6.07 | 
{0.0: 2229, 1.0: 63, -1.0: 132}
Iter-0: 12.96/6.35 | Iter-1: 13.69/7.17 | Iter-2: 13.37/6.62 | Iter-3: 12.76/6.19 | Iter-4: 12.66/6.13 | 
{0.0: 2192, 1.0: 88, -1.0: 144}
Iter-0: 12.52/6.13 | Iter-1: 13.73/7.04 | Iter-2: 13.37/6.41 | Iter-3: 13.05/6.29 | Iter-4: 12.65/5.9 | 
{0.0: 2106, 1.0: 152, -1.0: 166}
Iter-0: 12.48/6.09 | Iter-1: 13.07/6.79 | Iter-2: 12.88/6.42 | Iter-3: 12.38/6.03 | Iter-4: 12.31/5.96 | 
{0.0: 2063, 1.0: 178, -1.0: 183}
Iter-0: 12.37/6.01 | Iter-1: 13.03/6.75 | Iter-2: 12.82/6.38 | Iter-3: 12.44/6.0 | Iter-4: 12.22/5.91 | 
{0.0: 2084, 1.0: 166, -1.0: 174}
Iter-0: 13.81/7.39 | Iter-1: 13.14/6.88 | Iter-2: 12.85/6.31 | Iter-3: 12.26/5.94 | Iter-4: 12.06/5.96 | 
{0.0: 2173, 1.0: 105, -1.0: 146}
Iter-0: 13.38/6.77 | Iter-1: 14.27/7.86 | Iter-2: 13.68/7.0 | Iter-3: 13.04/6.59 | Iter-4: 12.89/6.56 | 
prob_mse: 0.278311661166, running time: 95.375
13.0 ~~~~~~~~~~~~~~~~~~~~~~~~~~~~~~~~~~~~~~~~~~~~~~~~~~~~~~~~~~~~~~~`
dataset: facebook method: Adv-CSL, #attack_edge:10000,T:10,test_ratio: 0.3,gamma:0.05
/network/rit/lab/ceashpc/adil/data/adv_csl/Jan2/random_pgd/facebook/facebook-attackedges-10000-T-10-testratio-0.3-swap_ratio-0.01-gamma-0.05-realization-1-data-X.pkl
#Rule:372936 Nodes:8078 Edges:372936
0 Creating 10 consumers
{0.0: 2249, 1.0: 58, -1.0: 117}

{0.0: 2229, 1.0: 63, -1.0: 132}

{0.0: 2209, 1.0: 73, -1.0: 142}

{0.0: 2192, 1.0: 88, -1.0: 144}

{0.0: 2173, 1.0: 105, -1.0: 146}

{0.0: 2161, 1.0: 114, -1.0: 149}

{0.0: 2128, 1.0: 137, -1.0: 159}

{0.0: 2106, 1.0: 152, -1.0: 166}

{0.0: 2084, 1.0: 166, -1.0: 174}

{0.0: 2063, 1.0: 178, -1.0: 183}

1 Creating 10 consumers
{0.0: 2128, 1.0: 137, -1.0: 159}

{0.0: 2161, 1.0: 114, -1.0: 149}

{0.0: 2209, 1.0: 73, -1.0: 142}
Iter-0: 12.9/6.2 | Iter-1: 13.59/7.13 | Iter-2: 13.0/6.61 | Iter-3: 12.72/6.21 | Iter-4: 12.44/6.0 | 
{0.0: 2192, 1.0: 88, -1.0: 144}
Iter-0: 12.65/6.1 | Iter-1: 13.77/7.18 | Iter-2: 13.22/6.64 | Iter-3: 12.89/6.31 | Iter-4: 12.71/6.07 | 
{0.0: 2106, 1.0: 152, -1.0: 166}
Iter-0: 12.48/6.05 | Iter-1: 12.99/6.77 | Iter-2: 12.74/6.51 | Iter-3: 12.41/6.1 | Iter-4: 12.23/5.94 | 
{0.0: 2084, 1.0: 166, -1.0: 174}
Iter-0: 12.45/6.02 | Iter-1: 13.04/6.8 | Iter-2: 12.72/6.48 | Iter-3: 12.43/6.1 | Iter-4: 12.23/5.91 | 
{0.0: 2229, 1.0: 63, -1.0: 132}
Iter-0: 13.18/6.28 | Iter-1: 14.23/7.3 | Iter-2: 13.8/6.85 | Iter-3: 13.5/6.52 | Iter-4: 13.29/6.32 | 
{0.0: 2173, 1.0: 105, -1.0: 146}
Iter-0: 12.81/6.14 | Iter-1: 13.93/7.21 | Iter-2: 13.4/6.7 | Iter-3: 13.16/6.38 | Iter-4: 12.89/6.17 | 
{0.0: 2249, 1.0: 58, -1.0: 117}
Iter-0: 13.45/6.77 | Iter-1: 14.56/8.03 | Iter-2: 13.96/7.41 | Iter-3: 13.57/6.93 | Iter-4: 13.33/6.71 | 
{0.0: 2063, 1.0: 178, -1.0: 183}
Iter-0: 12.44/5.98 | Iter-1: 13.4/6.94 | Iter-2: 13.02/6.58 | Iter-3: 12.81/6.3 | Iter-4: 12.59/6.1 | 
prob_mse: 0.275114383938, running time: 95.8466789722
14.0 ~~~~~~~~~~~~~~~~~~~~~~~~~~~~~~~~~~~~~~~~~~~~~~~~~~~~~~~~~~~~~~~`
dataset: facebook method: Adv-CSL, #attack_edge:10000,T:10,test_ratio: 0.3,gamma:0.07
/network/rit/lab/ceashpc/adil/data/adv_csl/Jan2/random_pgd/facebook/facebook-attackedges-10000-T-10-testratio-0.3-swap_ratio-0.01-gamma-0.07-realization-1-data-X.pkl
#Rule:372936 Nodes:8078 Edges:372936
0 Creating 10 consumers
{0.0: 2249, 1.0: 58, -1.0: 117}

{0.0: 2229, 1.0: 63, -1.0: 132}

{0.0: 2209, 1.0: 73, -1.0: 142}

{0.0: 2173, 1.0: 105, -1.0: 146}

{0.0: 2161, 1.0: 114, -1.0: 149}

{0.0: 2192, 1.0: 88, -1.0: 144}

{0.0: 2128, 1.0: 137, -1.0: 159}

{0.0: 2106, 1.0: 152, -1.0: 166}

{0.0: 2084, 1.0: 166, -1.0: 174}

{0.0: 2063, 1.0: 178, -1.0: 183}

1 Creating 10 consumers
{0.0: 2161, 1.0: 114, -1.0: 149}

{0.0: 2128, 1.0: 137, -1.0: 159}

{0.0: 2249, 1.0: 58, -1.0: 117}
Iter-0: 12.84/6.34 | Iter-1: 13.73/7.33 | Iter-2: 13.17/6.77 | Iter-3: 12.86/6.48 | Iter-4: 12.67/6.31 | 
{0.0: 2229, 1.0: 63, -1.0: 132}
Iter-0: 12.7/6.29 | Iter-1: 13.62/7.26 | Iter-2: 13.12/6.76 | Iter-3: 12.87/6.53 | Iter-4: 12.63/6.29 | 
{0.0: 2209, 1.0: 73, -1.0: 142}
Iter-0: 12.67/6.21 | Iter-1: 13.57/7.17 | Iter-2: 13.02/6.62 | Iter-3: 12.79/6.4 | Iter-4: 12.57/6.2 | 
{0.0: 2192, 1.0: 88, -1.0: 144}
Iter-0: 12.53/6.14 | Iter-1: 13.69/7.25 | Iter-2: 13.12/6.66 | Iter-3: 12.88/6.41 | Iter-4: 12.68/6.19 | 
{0.0: 2173, 1.0: 105, -1.0: 146}
Iter-0: 12.5/6.1 | Iter-1: 13.64/7.2 | Iter-2: 13.07/6.62 | Iter-3: 12.86/6.42 | Iter-4: 12.63/6.18 | 
{0.0: 2106, 1.0: 152, -1.0: 166}
Iter-0: 12.58/6.14 | Iter-1: 13.48/7.05 | Iter-2: 13.07/6.66 | Iter-3: 12.86/6.46 | Iter-4: 12.56/6.19 | 
{0.0: 2063, 1.0: 178, -1.0: 183}
Iter-0: 12.5/5.97 | Iter-1: 13.29/6.81 | Iter-2: 12.91/6.44 | Iter-3: 12.73/6.25 | Iter-4: 12.61/6.0 | 
{0.0: 2084, 1.0: 166, -1.0: 174}
Iter-0: 14.05/6.34 | Iter-1: 14.78/8.34 | Iter-2: 14.72/7.86 | Iter-3: 12.86/6.5 | Iter-4: 13.33/7.27 | 
prob_mse: 0.272742271727, running time: 101.240158081
15.0 ~~~~~~~~~~~~~~~~~~~~~~~~~~~~~~~~~~~~~~~~~~~~~~~~~~~~~~~~~~~~~~~`
dataset: facebook method: Adv-CSL, #attack_edge:10000,T:10,test_ratio: 0.3,gamma:0.09
/network/rit/lab/ceashpc/adil/data/adv_csl/Jan2/random_pgd/facebook/facebook-attackedges-10000-T-10-testratio-0.3-swap_ratio-0.01-gamma-0.09-realization-1-data-X.pkl
#Rule:372936 Nodes:8078 Edges:372936
0 Creating 10 consumers
{0.0: 2249, 1.0: 58, -1.0: 117}

{0.0: 2209, 1.0: 73, -1.0: 142}

{0.0: 2229, 1.0: 63, -1.0: 132}

{0.0: 2173, 1.0: 105, -1.0: 146}

{0.0: 2192, 1.0: 88, -1.0: 144}

{0.0: 2161, 1.0: 114, -1.0: 149}

{0.0: 2128, 1.0: 137, -1.0: 159}

{0.0: 2106, 1.0: 152, -1.0: 166}

{0.0: 2084, 1.0: 166, -1.0: 174}

{0.0: 2063, 1.0: 178, -1.0: 183}

1 Creating 10 consumers
{0.0: 2161, 1.0: 114, -1.0: 149}

{0.0: 2128, 1.0: 137, -1.0: 159}

{0.0: 2249, 1.0: 58, -1.0: 117}
Iter-0: 12.83/6.34 | Iter-1: 13.64/7.31 | Iter-2: 13.16/6.62 | Iter-3: 12.76/6.48 | Iter-4: 12.52/6.19 | 
{0.0: 2192, 1.0: 88, -1.0: 144}
Iter-0: 12.54/6.18 | Iter-1: 13.63/7.21 | Iter-2: 13.28/6.66 | Iter-3: 12.75/6.5 | Iter-4: 12.26/6.06 | 
{0.0: 2229, 1.0: 63, -1.0: 132}
Iter-0: 12.91/6.33 | Iter-1: 14.0/7.33 | Iter-2: 13.77/6.85 | Iter-3: 13.24/6.75 | Iter-4: 12.75/6.25 | 
{0.0: 2209, 1.0: 73, -1.0: 142}
Iter-0: 12.6/6.21 | Iter-1: 14.18/7.28 | Iter-2: 13.92/6.76 | Iter-3: 13.51/6.63 | Iter-4: 13.11/6.24 | 
{0.0: 2084, 1.0: 166, -1.0: 174}
Iter-0: 12.49/6.06 | Iter-1: 13.12/6.83 | Iter-2: 12.89/6.37 | Iter-3: 12.66/6.36 | Iter-4: 12.34/5.98 | 
{0.0: 2106, 1.0: 152, -1.0: 166}
Iter-0: 12.51/6.1 | Iter-1: 13.5/6.83 | Iter-2: 13.36/6.41 | Iter-3: 13.03/6.36 | Iter-4: 12.59/6.02 | 
{0.0: 2063, 1.0: 178, -1.0: 183}
Iter-0: 12.37/5.95 | Iter-1: 13.33/6.89 | Iter-2: 13.1/6.46 | Iter-3: 12.66/6.36 | Iter-4: 12.23/5.92 | 
{0.0: 2173, 1.0: 105, -1.0: 146}
Iter-0: 13.68/6.79 | Iter-1: 14.53/7.77 | Iter-2: 14.08/7.12 | Iter-3: 13.67/7.01 | Iter-4: 13.0/6.65 | 
prob_mse: 0.272501622662, running time: 98.3855559826
16.0 ~~~~~~~~~~~~~~~~~~~~~~~~~~~~~~~~~~~~~~~~~~~~~~~~~~~~~~~~~~~~~~~`
dataset: facebook method: Adv-CSL, #attack_edge:10000,T:10,test_ratio: 0.3,gamma:0.2
/network/rit/lab/ceashpc/adil/data/adv_csl/Jan2/random_pgd/facebook/facebook-attackedges-10000-T-10-testratio-0.3-swap_ratio-0.01-gamma-0.2-realization-1-data-X.pkl
#Rule:372936 Nodes:8078 Edges:372936
0 Creating 10 consumers
{0.0: 2249, 1.0: 58, -1.0: 117}

{0.0: 2209, 1.0: 73, -1.0: 142}

{0.0: 2192, 1.0: 88, -1.0: 144}

{0.0: 2229, 1.0: 63, -1.0: 132}

{0.0: 2161, 1.0: 114, -1.0: 149}

{0.0: 2173, 1.0: 105, -1.0: 146}

{0.0: 2128, 1.0: 137, -1.0: 159}

{0.0: 2106, 1.0: 152, -1.0: 166}

{0.0: 2084, 1.0: 166, -1.0: 174}

{0.0: 2063, 1.0: 178, -1.0: 183}

1 Creating 10 consumers
{0.0: 2161, 1.0: 114, -1.0: 149}

{0.0: 2128, 1.0: 137, -1.0: 159}

{0.0: 2209, 1.0: 73, -1.0: 142}
Iter-0: 12.73/6.24 | Iter-1: 13.28/6.9 | Iter-2: 13.29/6.89 | Iter-3: 13.24/6.85 | Iter-4: 12.69/6.32 | 
{0.0: 2249, 1.0: 58, -1.0: 117}
Iter-0: 13.31/6.37 | Iter-1: 13.49/6.97 | Iter-2: 13.3/6.8 | Iter-3: 13.34/6.69 | Iter-4: 12.75/6.23 | 
{0.0: 2106, 1.0: 152, -1.0: 166}
Iter-0: 12.64/6.1 | Iter-1: 12.75/6.58 | Iter-2: 12.62/6.45 | Iter-3: 12.74/6.49 | Iter-4: 12.13/5.98 | 
{0.0: 2229, 1.0: 63, -1.0: 132}
Iter-0: 12.83/6.32 | Iter-1: 13.79/6.99 | Iter-2: 13.75/6.95 | Iter-3: 13.66/6.83 | Iter-4: 13.21/6.39 | 
{0.0: 2173, 1.0: 105, -1.0: 146}
Iter-0: 12.91/6.18 | Iter-1: 13.32/6.77 | Iter-2: 13.33/6.78 | Iter-3: 13.24/6.67 | Iter-4: 12.79/6.22 | 
{0.0: 2192, 1.0: 88, -1.0: 144}
Iter-0: 13.49/6.77 | Iter-1: 13.72/7.38 | Iter-2: 13.64/7.26 | Iter-3: 13.69/7.26 | Iter-4: 12.92/6.63 | 
{0.0: 2084, 1.0: 166, -1.0: 174}
Iter-0: 12.61/6.03 | Iter-1: 13.01/6.46 | Iter-2: 13.0/6.43 | Iter-3: 13.11/6.5 | Iter-4: 12.43/5.93 | 
{0.0: 2063, 1.0: 178, -1.0: 183}
Iter-0: 12.55/5.99 | Iter-1: 12.99/6.6 | Iter-2: 12.93/6.56 | Iter-3: 12.88/6.5 | Iter-4: 12.42/6.11 | 
prob_mse: 0.264216171617, running time: 95.4838659763
17.0 ~~~~~~~~~~~~~~~~~~~~~~~~~~~~~~~~~~~~~~~~~~~~~~~~~~~~~~~~~~~~~~~`
dataset: facebook method: Adv-CSL, #attack_edge:10000,T:10,test_ratio: 0.3,gamma:0.3
/network/rit/lab/ceashpc/adil/data/adv_csl/Jan2/random_pgd/facebook/facebook-attackedges-10000-T-10-testratio-0.3-swap_ratio-0.01-gamma-0.3-realization-1-data-X.pkl
#Rule:372936 Nodes:8078 Edges:372936
0 Creating 10 consumers
{0.0: 2249, 1.0: 58, -1.0: 117}

{0.0: 2229, 1.0: 63, -1.0: 132}

{0.0: 2192, 1.0: 88, -1.0: 144}

{0.0: 2173, 1.0: 105, -1.0: 146}

{0.0: 2209, 1.0: 73, -1.0: 142}

{0.0: 2161, 1.0: 114, -1.0: 149}

{0.0: 2128, 1.0: 137, -1.0: 159}

{0.0: 2106, 1.0: 152, -1.0: 166}

{0.0: 2084, 1.0: 166, -1.0: 174}

{0.0: 2063, 1.0: 178, -1.0: 183}

1 Creating 10 consumers
{0.0: 2128, 1.0: 137, -1.0: 159}

{0.0: 2161, 1.0: 114, -1.0: 149}

{0.0: 2209, 1.0: 73, -1.0: 142}
Iter-0: 12.83/6.25 | Iter-1: 12.88/6.46 | Iter-2: 13.25/6.61 | Iter-3: 12.57/6.15 | Iter-4: 12.63/6.2 | 
{0.0: 2173, 1.0: 105, -1.0: 146}
Iter-0: 12.52/6.14 | Iter-1: 12.66/6.31 | Iter-2: 13.15/6.61 | Iter-3: 12.46/6.12 | Iter-4: 12.49/6.15 | 
{0.0: 2192, 1.0: 88, -1.0: 144}
Iter-0: 12.77/6.15 | Iter-1: 12.73/6.3 | Iter-2: 13.22/6.56 | Iter-3: 12.57/6.08 | Iter-4: 12.57/6.1 | 
{0.0: 2249, 1.0: 58, -1.0: 117}
Iter-0: 13.02/6.4 | Iter-1: 13.23/6.68 | Iter-2: 13.83/6.93 | Iter-3: 13.01/6.39 | Iter-4: 13.11/6.45 | 
{0.0: 2106, 1.0: 152, -1.0: 166}
Iter-0: 12.43/6.08 | Iter-1: 12.54/6.27 | Iter-2: 12.88/6.42 | Iter-3: 12.34/6.05 | Iter-4: 12.4/6.08 | 
{0.0: 2229, 1.0: 63, -1.0: 132}
Iter-0: 13.02/6.32 | Iter-1: 13.39/6.68 | Iter-2: 13.74/6.83 | Iter-3: 12.98/6.31 | Iter-4: 13.02/6.34 | 
{0.0: 2063, 1.0: 178, -1.0: 183}
Iter-0: 15.34/8.94 | Iter-1: 12.35/6.05 | Iter-2: 12.8/6.27 | Iter-3: 12.32/5.91 | Iter-4: 12.03/5.94 | 
{0.0: 2084, 1.0: 166, -1.0: 174}
Iter-0: 12.4/5.99 | Iter-1: 13.54/6.76 | Iter-2: 14.08/7.01 | Iter-3: 13.47/6.58 | Iter-4: 12.93/6.62 | 
prob_mse: 0.248160946095, running time: 97.2677118778
18.0 ~~~~~~~~~~~~~~~~~~~~~~~~~~~~~~~~~~~~~~~~~~~~~~~~~~~~~~~~~~~~~~~`
dataset: facebook method: Adv-CSL, #attack_edge:10000,T:10,test_ratio: 0.3,gamma:0.4
/network/rit/lab/ceashpc/adil/data/adv_csl/Jan2/random_pgd/facebook/facebook-attackedges-10000-T-10-testratio-0.3-swap_ratio-0.01-gamma-0.4-realization-1-data-X.pkl
#Rule:372936 Nodes:8078 Edges:372936
0 Creating 10 consumers
{0.0: 2249, 1.0: 58, -1.0: 117}

{0.0: 2229, 1.0: 63, -1.0: 132}

{0.0: 2209, 1.0: 73, -1.0: 142}

{0.0: 2173, 1.0: 105, -1.0: 146}

{0.0: 2192, 1.0: 88, -1.0: 144}

{0.0: 2161, 1.0: 114, -1.0: 149}

{0.0: 2128, 1.0: 137, -1.0: 159}

{0.0: 2106, 1.0: 152, -1.0: 166}

{0.0: 2084, 1.0: 166, -1.0: 174}

{0.0: 2063, 1.0: 178, -1.0: 183}

1 Creating 10 consumers
{0.0: 2161, 1.0: 114, -1.0: 149}

{0.0: 2128, 1.0: 137, -1.0: 159}

{0.0: 2229, 1.0: 63, -1.0: 132}
Iter-0: 12.57/6.25 | Iter-1: 12.78/6.58 | Iter-2: 12.76/6.52 | Iter-3: 12.39/6.2 | Iter-4: 12.41/6.21 | 
{0.0: 2173, 1.0: 105, -1.0: 146}
Iter-0: 12.53/6.15 | Iter-1: 12.43/6.24 | Iter-2: 12.58/6.39 | Iter-3: 12.24/6.05 | Iter-4: 12.29/6.07 | 
{0.0: 2209, 1.0: 73, -1.0: 142}
Iter-0: 12.9/6.19 | Iter-1: 12.71/6.38 | Iter-2: 12.78/6.44 | Iter-3: 12.42/6.09 | Iter-4: 12.46/6.1 | 
{0.0: 2249, 1.0: 58, -1.0: 117}
Iter-0: 12.98/6.4 | Iter-1: 13.3/6.69 | Iter-2: 13.39/6.82 | Iter-3: 13.09/6.53 | Iter-4: 13.08/6.52 | 
{0.0: 2106, 1.0: 152, -1.0: 166}
Iter-0: 12.4/6.04 | Iter-1: 12.92/6.33 | Iter-2: 12.75/6.36 | Iter-3: 12.58/6.16 | Iter-4: 12.55/6.2 | 
{0.0: 2084, 1.0: 166, -1.0: 174}
Iter-0: 12.35/5.98 | Iter-1: 12.69/6.24 | Iter-2: 12.72/6.32 | Iter-3: 12.57/6.11 | Iter-4: 12.45/6.16 | 
{0.0: 2063, 1.0: 178, -1.0: 183}
Iter-0: 12.48/5.98 | Iter-1: 12.81/6.21 | Iter-2: 12.8/6.26 | Iter-3: 12.65/6.09 | Iter-4: 12.52/6.14 | 
{0.0: 2192, 1.0: 88, -1.0: 144}
Iter-0: 13.75/6.82 | Iter-1: 13.57/6.89 | Iter-2: 13.83/7.15 | Iter-3: 13.41/6.71 | Iter-4: 13.06/6.73 | 
prob_mse: 0.242729070407, running time: 95.0306010246
19.0 ~~~~~~~~~~~~~~~~~~~~~~~~~~~~~~~~~~~~~~~~~~~~~~~~~~~~~~~~~~~~~~~`
dataset: facebook method: Adv-CSL, #attack_edge:10000,T:10,test_ratio: 0.3,gamma:0.5
/network/rit/lab/ceashpc/adil/data/adv_csl/Jan2/random_pgd/facebook/facebook-attackedges-10000-T-10-testratio-0.3-swap_ratio-0.01-gamma-0.5-realization-1-data-X.pkl
#Rule:372936 Nodes:8078 Edges:372936
0 Creating 10 consumers
{0.0: 1210, -1.0: 1214}

{0.0: 1198, -1.0: 1226}

{0.0: 1195, -1.0: 1229}

{0.0: 1218, -1.0: 1206}

{0.0: 1205, -1.0: 1219}

{0.0: 1225, -1.0: 1199}

{0.0: 1240, -1.0: 1184}

{0.0: 1244, -1.0: 1180}

{0.0: 1248, -1.0: 1176}

{0.0: 1250, -1.0: 1174}

1 Creating 10 consumers
{0.0: 1210, -1.0: 1214}

{0.0: 1198, -1.0: 1226}

{0.0: 1195, -1.0: 1229}

{0.0: 1205, -1.0: 1219}

{0.0: 1218, -1.0: 1206}

{0.0: 1225, -1.0: 1199}

{0.0: 1240, -1.0: 1184}

{0.0: 1244, -1.0: 1180}

{0.0: 1248, -1.0: 1176}

{0.0: 1250, -1.0: 1174}

prob_mse: 0.412773817382, running time: 45.4542119503
20.0 ~~~~~~~~~~~~~~~~~~~~~~~~~~~~~~~~~~~~~~~~~~~~~~~~~~~~~~~~~~~~~~~`
dataset: facebook method: Adv-CSL, #attack_edge:10000,T:10,test_ratio: 0.3,gamma:0.0
/network/rit/lab/ceashpc/adil/data/adv_csl/Jan2/random_pgd/facebook/facebook-attackedges-10000-T-10-testratio-0.3-swap_ratio-0.01-gamma-0.0-realization-2-data-X.pkl
#Rule:372936 Nodes:8078 Edges:372936
0 Creating 10 consumers
{0.0: 2245, 1.0: 58, -1.0: 121}

{0.0: 2227, 1.0: 68, -1.0: 129}

{0.0: 2205, 1.0: 78, -1.0: 141}

{0.0: 2185, 1.0: 88, -1.0: 151}

{0.0: 2149, 1.0: 104, -1.0: 171}

{0.0: 2168, 1.0: 93, -1.0: 163}

{0.0: 2127, 1.0: 112, -1.0: 185}

{0.0: 2108, 1.0: 121, -1.0: 195}

{0.0: 2094, 1.0: 127, -1.0: 203}

{0.0: 2074, 1.0: 137, -1.0: 213}

1 Creating 10 consumers
{0.0: 2185, 1.0: 88, -1.0: 151}

{0.0: 2168, 1.0: 93, -1.0: 163}

{0.0: 2149, 1.0: 104, -1.0: 171}

{0.0: 2227, 1.0: 68, -1.0: 129}
Iter-0: 9.81/3.48 | Iter-1: 11.66/5.46 | Iter-2: 10.62/4.21 | 
{0.0: 2245, 1.0: 58, -1.0: 121}
Iter-0: 10.33/3.5 | Iter-1: 12.19/5.52 | Iter-2: 11.0/4.23 | 
{0.0: 2127, 1.0: 112, -1.0: 185}
Iter-0: 9.88/3.51 | Iter-1: 11.92/5.55 | Iter-2: 10.72/4.24 | 
{0.0: 2205, 1.0: 78, -1.0: 141}
Iter-0: 10.66/3.86 | Iter-1: 12.57/5.92 | Iter-2: 11.45/4.67 | 
{0.0: 2108, 1.0: 121, -1.0: 195}
Iter-0: 9.91/3.49 | Iter-1: 12.13/5.5 | Iter-2: 11.03/4.24 | 
{0.0: 2094, 1.0: 127, -1.0: 203}
Iter-0: 9.88/3.5 | Iter-1: 11.86/5.5 | Iter-2: 10.75/4.22 | 
{0.0: 2074, 1.0: 137, -1.0: 213}
Iter-0: 9.92/3.5 | Iter-1: 11.86/5.44 | Iter-2: 10.87/4.23 | 
prob_mse: 0.0918372387239, running time: 71.7421340942
21.0 ~~~~~~~~~~~~~~~~~~~~~~~~~~~~~~~~~~~~~~~~~~~~~~~~~~~~~~~~~~~~~~~`
dataset: facebook method: Adv-CSL, #attack_edge:10000,T:10,test_ratio: 0.3,gamma:0.01
/network/rit/lab/ceashpc/adil/data/adv_csl/Jan2/random_pgd/facebook/facebook-attackedges-10000-T-10-testratio-0.3-swap_ratio-0.01-gamma-0.01-realization-2-data-X.pkl
#Rule:372936 Nodes:8078 Edges:372936
0 Creating 10 consumers
{0.0: 2245, 1.0: 58, -1.0: 121}

{0.0: 2227, 1.0: 68, -1.0: 129}

{0.0: 2205, 1.0: 78, -1.0: 141}

{0.0: 2185, 1.0: 88, -1.0: 151}

{0.0: 2168, 1.0: 93, -1.0: 163}

{0.0: 2149, 1.0: 104, -1.0: 171}

{0.0: 2127, 1.0: 112, -1.0: 185}

{0.0: 2108, 1.0: 121, -1.0: 195}

{0.0: 2094, 1.0: 127, -1.0: 203}

{0.0: 2074, 1.0: 137, -1.0: 213}

1 Creating 10 consumers
{0.0: 2185, 1.0: 88, -1.0: 151}

{0.0: 2149, 1.0: 104, -1.0: 171}

{0.0: 2168, 1.0: 93, -1.0: 163}

{0.0: 2245, 1.0: 58, -1.0: 121}
Iter-0: 13.16/6.41 | Iter-1: 13.55/6.89 | Iter-2: 12.6/6.32 | Iter-3: 12.35/6.0 | Iter-4: 13.09/6.25 | 
{0.0: 2205, 1.0: 78, -1.0: 141}
Iter-0: 12.69/6.28 | Iter-1: 13.66/6.82 | Iter-2: 12.79/6.22 | Iter-3: 12.46/5.83 | Iter-4: 12.16/5.62 | 
{0.0: 2108, 1.0: 121, -1.0: 195}
Iter-0: 12.32/6.02 | Iter-1: 12.82/6.46 | Iter-2: 12.16/6.04 | Iter-3: 11.8/5.64 | Iter-4: 11.95/5.49 | 
{0.0: 2127, 1.0: 112, -1.0: 185}
Iter-0: 12.51/6.13 | Iter-1: 13.07/6.59 | Iter-2: 12.58/6.25 | Iter-3: 12.16/5.88 | Iter-4: 11.97/5.6 | 
{0.0: 2074, 1.0: 137, -1.0: 213}
Iter-0: 12.51/6.01 | Iter-1: 13.28/6.47 | Iter-2: 12.37/6.05 | Iter-3: 12.0/5.69 | Iter-4: 11.81/5.47 | 
{0.0: 2227, 1.0: 68, -1.0: 129}
Iter-0: 15.42/8.99 | Iter-1: 13.89/6.92 | Iter-2: 13.05/6.31 | Iter-3: 12.8/6.1 | Iter-4: 12.16/5.7 | 
{0.0: 2094, 1.0: 127, -1.0: 203}
Iter-0: 12.56/6.03 | Iter-1: 14.26/7.16 | Iter-2: 13.4/6.72 | Iter-3: 12.09/5.8 | Iter-4: 11.91/5.55 | 
prob_mse: 0.251083030803, running time: 96.1264350414
22.0 ~~~~~~~~~~~~~~~~~~~~~~~~~~~~~~~~~~~~~~~~~~~~~~~~~~~~~~~~~~~~~~~`
dataset: facebook method: Adv-CSL, #attack_edge:10000,T:10,test_ratio: 0.3,gamma:0.03
/network/rit/lab/ceashpc/adil/data/adv_csl/Jan2/random_pgd/facebook/facebook-attackedges-10000-T-10-testratio-0.3-swap_ratio-0.01-gamma-0.03-realization-2-data-X.pkl
#Rule:372936 Nodes:8078 Edges:372936
0 Creating 10 consumers
{0.0: 2245, 1.0: 58, -1.0: 121}

{0.0: 2227, 1.0: 68, -1.0: 129}

{0.0: 2205, 1.0: 78, -1.0: 141}

{0.0: 2185, 1.0: 88, -1.0: 151}

{0.0: 2168, 1.0: 93, -1.0: 163}

{0.0: 2149, 1.0: 104, -1.0: 171}

{0.0: 2108, 1.0: 121, -1.0: 195}

{0.0: 2094, 1.0: 127, -1.0: 203}

{0.0: 2127, 1.0: 112, -1.0: 185}

{0.0: 2074, 1.0: 137, -1.0: 213}

1 Creating 10 consumers
{0.0: 2185, 1.0: 88, -1.0: 151}

{0.0: 2168, 1.0: 93, -1.0: 163}

{0.0: 2149, 1.0: 104, -1.0: 171}

{0.0: 2227, 1.0: 68, -1.0: 129}
Iter-0: 12.94/6.23 | Iter-1: 13.65/7.24 | Iter-2: 13.11/6.51 | Iter-3: 12.83/6.05 | Iter-4: 12.35/5.87 | 
{0.0: 2205, 1.0: 78, -1.0: 141}
Iter-0: 12.96/6.27 | Iter-1: 13.69/7.16 | Iter-2: 12.88/6.41 | Iter-3: 12.72/6.06 | Iter-4: 12.48/5.94 | 
{0.0: 2127, 1.0: 112, -1.0: 185}
Iter-0: 12.52/6.14 | Iter-1: 13.21/6.93 | Iter-2: 12.8/6.46 | Iter-3: 12.63/6.06 | Iter-4: 12.36/5.95 | 
{0.0: 2108, 1.0: 121, -1.0: 195}
Iter-0: 12.4/6.04 | Iter-1: 13.15/6.91 | Iter-2: 12.7/6.29 | Iter-3: 12.47/5.92 | Iter-4: 12.5/5.87 | 
{0.0: 2094, 1.0: 127, -1.0: 203}
Iter-0: 12.26/6.01 | Iter-1: 13.0/6.76 | Iter-2: 12.52/6.38 | Iter-3: 12.44/5.91 | Iter-4: 12.56/5.92 | 
{0.0: 2245, 1.0: 58, -1.0: 121}
Iter-0: 13.84/7.08 | Iter-1: 14.6/7.91 | Iter-2: 13.58/7.05 | Iter-3: 13.11/6.33 | Iter-4: 12.93/6.46 | 
{0.0: 2074, 1.0: 137, -1.0: 213}
Iter-0: 14.48/6.8 | Iter-1: 13.16/6.82 | Iter-2: 12.69/6.4 | Iter-3: 12.5/5.94 | Iter-4: 12.15/5.85 | 
