

--------------------------------------------------
--------------------------------------------------

-------------------Tue, 22 Jan 2019 05:11:30 PM EST---------------------

0 ~~~~~~~~~~~~~~~~~~~~~~~~~~~~~~~~~~~~~~~~~~~~~~~~~~~~~~~~~~~~~~~`
dataset: enron method: Adv-CSL, #attack_edge:10000,T:10,test_ratio: 0.3,gamma:0.05
/network/rit/lab/ceashpc/adil/data/adv_csl/Jan2/random_pgd/enron/enron-attackedges-10000-T-10-testratio-0.3-swap_ratio-0.01-gamma-0.05-realization-1-data-X.pkl
#Rule:743244 Nodes:67392 Edges:743244
0 Creating 10 consumers
{0.0: 18246, 1.0: 1539, -1.0: 433}
{0.0: 17916, 1.0: 1712, -1.0: 590}
{0.0: 18058, 1.0: 1634, -1.0: 526}
{0.0: 17763, 1.0: 1791, -1.0: 664}
{0.0: 17630, 1.0: 1861, -1.0: 727}
{0.0: 17476, 1.0: 1947, -1.0: 795}
{0.0: 17316, 1.0: 2030, -1.0: 872}
{0.0: 17172, 1.0: 2104, -1.0: 942}
{0.0: 17033, 1.0: 2172, -1.0: 1013}
{0.0: 16890, 1.0: 2249, -1.0: 1079}
1 Creating 10 consumers
{0.0: 17916, 1.0: 1712, -1.0: 590}
Iter-0: 52.84/23.63 | Iter-1: 63.2/27.98 | Iter-2: 56.81/23.84 | Iter-3: 57.2/24.01 | Iter-4: 52.91/22.13 | 
{0.0: 17763, 1.0: 1791, -1.0: 664}
Iter-0: 52.23/23.34 | Iter-1: 60.86/25.24 | Iter-2: 59.5/23.86 | Iter-3: 58.74/23.95 | Iter-4: 55.56/22.61 | 
{0.0: 18058, 1.0: 1634, -1.0: 526}
Iter-0: 54.85/23.01 | Iter-1: 60.57/25.97 | Iter-2: 62.93/27.49 | Iter-3: 64.47/30.7 | Iter-4: 54.1/23.28 | 
{0.0: 18246, 1.0: 1539, -1.0: 433}
Iter-0: 56.33/24.37 | Iter-1: 63.32/23.94 | Iter-2: 62.79/25.45 | Iter-3: 59.54/25.04 | Iter-4: 57.79/23.9 | 
{0.0: 17630, 1.0: 1861, -1.0: 727}
Iter-0: 53.06/22.39 | Iter-1: 66.2/29.23 | Iter-2: 59.92/25.14 | Iter-3: 58.81/24.7 | Iter-4: 54.19/24.72 | 
{0.0: 17476, 1.0: 1947, -1.0: 795}
Iter-0: 52.31/21.38 | Iter-1: 67.86/30.58 | Iter-2: 60.58/25.42 | Iter-3: 58.68/25.12 | Iter-4: 53.59/24.45 | 
{0.0: 17033, 1.0: 2172, -1.0: 1013}
Iter-0: 52.77/18.03 | Iter-1: 61.64/26.87 | Iter-2: 61.33/24.78 | Iter-3: 58.05/23.54 | Iter-4: 50.14/21.14 | 
{0.0: 17172, 1.0: 2104, -1.0: 942}
Iter-0: 52.83/19.59 | Iter-1: 67.52/30.14 | Iter-2: 59.61/24.59 | Iter-3: 58.79/23.53 | Iter-4: 48.72/22.3 | 
{0.0: 17316, 1.0: 2030, -1.0: 872}
Iter-0: 53.24/20.49 | Iter-1: 69.31/30.74 | Iter-2: 65.49/28.03 | Iter-3: 59.15/24.6 | Iter-4: 48.48/24.0 | 
{0.0: 16890, 1.0: 2249, -1.0: 1079}
Iter-0: 54.6/18.37 | Iter-1: 64.23/29.23 | Iter-2: 61.55/24.74 | Iter-3: 60.35/25.73 | Iter-4: 45.25/21.26 | 
prob_mse: 0.147421248393, running time: 420.284821987
1.0 ~~~~~~~~~~~~~~~~~~~~~~~~~~~~~~~~~~~~~~~~~~~~~~~~~~~~~~~~~~~~~~~`
dataset: enron method: Adv-CSL, #attack_edge:10000,T:10,test_ratio: 0.3,gamma:0.07
/network/rit/lab/ceashpc/adil/data/adv_csl/Jan2/random_pgd/enron/enron-attackedges-10000-T-10-testratio-0.3-swap_ratio-0.01-gamma-0.07-realization-1-data-X.pkl
#Rule:743244 Nodes:67392 Edges:743244
0 Creating 10 consumers
{0.0: 18246, 1.0: 1539, -1.0: 433}
{0.0: 18058, 1.0: 1634, -1.0: 526}
{0.0: 17916, 1.0: 1712, -1.0: 590}
{0.0: 17763, 1.0: 1791, -1.0: 664}
{0.0: 17630, 1.0: 1861, -1.0: 727}
{0.0: 17476, 1.0: 1947, -1.0: 795}
{0.0: 17316, 1.0: 2030, -1.0: 872}
{0.0: 17033, 1.0: 2172, -1.0: 1013}
{0.0: 17172, 1.0: 2104, -1.0: 942}
{0.0: 16890, 1.0: 2249, -1.0: 1079}
1 Creating 10 consumers
{0.0: 18246, 1.0: 1539, -1.0: 433}
Iter-0: 35.22/12.62 | Iter-1: 38.7/16.35 | Iter-2: 35.14/14.47 | Iter-3: 33.97/13.69 | Iter-4: 33.42/13.32 | 
{0.0: 18058, 1.0: 1634, -1.0: 526}
Iter-0: 35.84/13.0 | Iter-1: 38.06/15.75 | Iter-2: 35.63/15.18 | Iter-3: 34.44/14.33 | Iter-4: 33.97/13.85 | 
{0.0: 17763, 1.0: 1791, -1.0: 664}
Iter-0: 35.54/14.26 | Iter-1: 36.82/15.58 | Iter-2: 35.03/13.78 | Iter-3: 33.74/13.98 | Iter-4: 33.14/13.28 | 
{0.0: 17916, 1.0: 1712, -1.0: 590}
Iter-0: 35.74/13.4 | Iter-1: 38.07/15.87 | Iter-2: 37.96/14.92 | Iter-3: 34.4/14.0 | Iter-4: 33.05/13.28 | 
{0.0: 17630, 1.0: 1861, -1.0: 727}
Iter-0: 36.02/13.96 | Iter-1: 37.59/15.04 | Iter-2: 34.77/14.17 | Iter-3: 34.02/13.81 | Iter-4: 32.86/13.22 | 
{0.0: 17316, 1.0: 2030, -1.0: 872}
Iter-0: 35.22/13.75 | Iter-1: 36.49/15.42 | Iter-2: 34.7/14.19 | Iter-3: 33.69/13.85 | Iter-4: 32.71/13.18 | 
{0.0: 17172, 1.0: 2104, -1.0: 942}
Iter-0: 35.35/13.67 | Iter-1: 36.17/15.07 | Iter-2: 34.22/13.78 | Iter-3: 33.99/13.65 | Iter-4: 32.44/12.95 | 
{0.0: 17476, 1.0: 1947, -1.0: 795}
Iter-0: 37.33/14.51 | Iter-1: 38.77/15.83 | Iter-2: 34.47/13.84 | Iter-3: 34.19/13.73 | Iter-4: 32.99/13.25 | 
{0.0: 17033, 1.0: 2172, -1.0: 1013}
Iter-0: 35.25/14.04 | Iter-1: 36.23/15.14 | Iter-2: 34.9/14.69 | Iter-3: 34.22/14.05 | Iter-4: 32.19/13.08 | 
{0.0: 16890, 1.0: 2249, -1.0: 1079}
Iter-0: 35.63/14.16 | Iter-1: 37.95/15.59 | Iter-2: 36.47/14.62 | Iter-3: 35.47/13.79 | Iter-4: 33.12/13.04 | 
prob_mse: 0.146827707983, running time: 292.001317978
