

--------------------------------------------------
--------------------------------------------------

-------------------Mon, 21 Jan 2019 03:05:47 PM EST---------------------

0 ~~~~~~~~~~~~~~~~~~~~~~~~~~~~~~~~~~~~~~~~~~~~~~~~~~~~~~~~~~~~~~~`
dataset: facebook method: Adv-CSL, #attack_edge:10000,T:10,test_ratio: 0.3,gamma:0.0
/network/rit/lab/ceashpc/adil/data/adv_csl/Jan2/random_pgd/facebook/facebook-attackedges-10000-T-10-testratio-0.3-swap_ratio-0.01-gamma-0.0-realization-8-data-X.pkl
#Rule:372936 Nodes:8078 Edges:372936
0 Creating 10 consumers
{0.0: 2243, 1.0: 61, -1.0: 120}

{0.0: 2220, 1.0: 77, -1.0: 127}

{0.0: 2193, 1.0: 88, -1.0: 143}

{0.0: 2174, 1.0: 101, -1.0: 149}

{0.0: 2160, 1.0: 108, -1.0: 156}

{0.0: 2140, 1.0: 118, -1.0: 166}

{0.0: 2121, 1.0: 126, -1.0: 177}

{0.0: 2098, 1.0: 134, -1.0: 192}

{0.0: 2079, 1.0: 142, -1.0: 203}

{0.0: 2061, 1.0: 150, -1.0: 213}

1 Creating 10 consumers
{0.0: 2174, 1.0: 101, -1.0: 149}

{0.0: 2160, 1.0: 108, -1.0: 156}

{0.0: 2140, 1.0: 118, -1.0: 166}

{0.0: 2243, 1.0: 61, -1.0: 120}
Iter-0: 10.13/3.48 | Iter-1: 12.3/5.59 | Iter-2: 11.0/4.29 | 
{0.0: 2220, 1.0: 77, -1.0: 127}
Iter-0: 10.23/3.49 | Iter-1: 12.42/5.56 | Iter-2: 11.14/4.27 | 
{0.0: 2193, 1.0: 88, -1.0: 143}
Iter-0: 10.22/3.59 | Iter-1: 12.29/5.55 | Iter-2: 11.01/4.27 | 
{0.0: 2121, 1.0: 126, -1.0: 177}
Iter-0: 9.85/3.45 | Iter-1: 11.92/5.47 | Iter-2: 10.73/4.24 | 
{0.0: 2098, 1.0: 134, -1.0: 192}
Iter-0: 9.94/3.45 | Iter-1: 12.01/5.48 | Iter-2: 10.74/4.24 | 
{0.0: 2079, 1.0: 142, -1.0: 203}
Iter-0: 9.84/3.44 | Iter-1: 11.87/5.44 | Iter-2: 10.66/4.24 | 
{0.0: 2061, 1.0: 150, -1.0: 213}
Iter-0: 9.88/3.45 | Iter-1: 11.87/5.39 | Iter-2: 10.7/4.22 | 
prob_mse: 0.0946561881188, running time: 71.7893159389
1.0 ~~~~~~~~~~~~~~~~~~~~~~~~~~~~~~~~~~~~~~~~~~~~~~~~~~~~~~~~~~~~~~~`
dataset: facebook method: Adv-CSL, #attack_edge:10000,T:10,test_ratio: 0.3,gamma:0.01
/network/rit/lab/ceashpc/adil/data/adv_csl/Jan2/random_pgd/facebook/facebook-attackedges-10000-T-10-testratio-0.3-swap_ratio-0.01-gamma-0.01-realization-8-data-X.pkl
#Rule:372936 Nodes:8078 Edges:372936
0 Creating 10 consumers
{0.0: 2220, 1.0: 77, -1.0: 127}

{0.0: 2193, 1.0: 88, -1.0: 143}

{0.0: 2243, 1.0: 61, -1.0: 120}

{0.0: 2174, 1.0: 101, -1.0: 149}

{0.0: 2160, 1.0: 108, -1.0: 156}

{0.0: 2140, 1.0: 118, -1.0: 166}

{0.0: 2121, 1.0: 126, -1.0: 177}

{0.0: 2098, 1.0: 134, -1.0: 192}

{0.0: 2061, 1.0: 150, -1.0: 213}

{0.0: 2079, 1.0: 142, -1.0: 203}

1 Creating 10 consumers
{0.0: 2174, 1.0: 101, -1.0: 149}

{0.0: 2160, 1.0: 108, -1.0: 156}

{0.0: 2140, 1.0: 118, -1.0: 166}

{0.0: 2193, 1.0: 88, -1.0: 143}
Iter-0: 13.16/6.1 | Iter-1: 13.37/6.86 | Iter-2: 12.74/6.25 | Iter-3: 12.49/5.99 | Iter-4: 12.22/5.74 | 
{0.0: 2243, 1.0: 61, -1.0: 120}
Iter-0: 13.39/6.35 | Iter-1: 13.67/6.88 | Iter-2: 12.92/6.22 | Iter-3: 12.63/5.98 | Iter-4: 12.35/5.68 | 
{0.0: 2220, 1.0: 77, -1.0: 127}
Iter-0: 13.17/6.3 | Iter-1: 13.47/6.76 | Iter-2: 13.04/6.33 | Iter-3: 12.74/6.03 | Iter-4: 12.47/5.75 | 
{0.0: 2098, 1.0: 134, -1.0: 192}
Iter-0: 12.81/5.95 | Iter-1: 13.27/6.63 | Iter-2: 12.59/6.0 | Iter-3: 12.33/5.78 | Iter-4: 12.05/5.5 | 
{0.0: 2121, 1.0: 126, -1.0: 177}
Iter-0: 12.84/6.02 | Iter-1: 13.5/6.67 | Iter-2: 12.83/6.05 | Iter-3: 12.57/5.83 | Iter-4: 12.26/5.51 | 
{0.0: 2079, 1.0: 142, -1.0: 203}
Iter-0: 13.0/5.91 | Iter-1: 13.3/6.62 | Iter-2: 12.55/6.12 | Iter-3: 12.27/5.85 | Iter-4: 11.95/5.54 | 
{0.0: 2061, 1.0: 150, -1.0: 213}
Iter-0: 13.34/6.55 | Iter-1: 13.88/7.21 | Iter-2: 13.4/6.73 | Iter-3: 13.12/6.45 | Iter-4: 12.39/6.11 | 
prob_mse: 0.254623514851, running time: 96.714165926
2.0 ~~~~~~~~~~~~~~~~~~~~~~~~~~~~~~~~~~~~~~~~~~~~~~~~~~~~~~~~~~~~~~~`
dataset: facebook method: Adv-CSL, #attack_edge:10000,T:10,test_ratio: 0.3,gamma:0.03
/network/rit/lab/ceashpc/adil/data/adv_csl/Jan2/random_pgd/facebook/facebook-attackedges-10000-T-10-testratio-0.3-swap_ratio-0.01-gamma-0.03-realization-8-data-X.pkl
#Rule:372936 Nodes:8078 Edges:372936
0 Creating 10 consumers
{0.0: 2243, 1.0: 61, -1.0: 120}

{0.0: 2193, 1.0: 88, -1.0: 143}

{0.0: 2220, 1.0: 77, -1.0: 127}

{0.0: 2174, 1.0: 101, -1.0: 149}

{0.0: 2160, 1.0: 108, -1.0: 156}

{0.0: 2140, 1.0: 118, -1.0: 166}

{0.0: 2121, 1.0: 126, -1.0: 177}

{0.0: 2098, 1.0: 134, -1.0: 192}

{0.0: 2079, 1.0: 142, -1.0: 203}

{0.0: 2061, 1.0: 150, -1.0: 213}

1 Creating 10 consumers
{0.0: 2174, 1.0: 101, -1.0: 149}

{0.0: 2160, 1.0: 108, -1.0: 156}

{0.0: 2140, 1.0: 118, -1.0: 166}

{0.0: 2193, 1.0: 88, -1.0: 143}
Iter-0: 12.63/6.11 | Iter-1: 13.52/7.12 | Iter-2: 12.92/6.54 | Iter-3: 12.57/6.17 | Iter-4: 12.42/6.03 | 
{0.0: 2243, 1.0: 61, -1.0: 120}
Iter-0: 12.85/6.3 | Iter-1: 13.99/7.33 | Iter-2: 13.35/6.74 | Iter-3: 13.0/6.37 | Iter-4: 12.82/6.21 | 
{0.0: 2061, 1.0: 150, -1.0: 213}
Iter-0: 12.33/5.94 | Iter-1: 13.23/6.84 | Iter-2: 12.84/6.43 | Iter-3: 12.45/6.07 | Iter-4: 12.25/5.95 | 
{0.0: 2098, 1.0: 134, -1.0: 192}
Iter-0: 12.8/5.98 | Iter-1: 13.64/6.88 | Iter-2: 13.29/6.45 | Iter-3: 12.92/6.07 | Iter-4: 12.67/5.94 | 
{0.0: 2121, 1.0: 126, -1.0: 177}
Iter-0: 12.9/6.07 | Iter-1: 13.79/6.92 | Iter-2: 13.39/6.49 | Iter-3: 13.05/6.12 | Iter-4: 12.94/5.99 | 
{0.0: 2220, 1.0: 77, -1.0: 127}
Iter-0: 13.59/7.03 | Iter-1: 14.57/7.96 | Iter-2: 14.08/7.47 | Iter-3: 13.66/7.03 | Iter-4: 13.37/6.86 | 
{0.0: 2079, 1.0: 142, -1.0: 203}
Iter-0: 12.46/5.95 | Iter-1: 13.72/6.86 | Iter-2: 13.31/6.44 | Iter-3: 12.96/6.07 | Iter-4: 12.87/5.93 | 
prob_mse: 0.251941914191, running time: 96.1657550335
3.0 ~~~~~~~~~~~~~~~~~~~~~~~~~~~~~~~~~~~~~~~~~~~~~~~~~~~~~~~~~~~~~~~`
dataset: facebook method: Adv-CSL, #attack_edge:10000,T:10,test_ratio: 0.3,gamma:0.05
/network/rit/lab/ceashpc/adil/data/adv_csl/Jan2/random_pgd/facebook/facebook-attackedges-10000-T-10-testratio-0.3-swap_ratio-0.01-gamma-0.05-realization-8-data-X.pkl
#Rule:372936 Nodes:8078 Edges:372936
0 Creating 10 consumers
{0.0: 2243, 1.0: 61, -1.0: 120}

{0.0: 2220, 1.0: 77, -1.0: 127}

{0.0: 2160, 1.0: 108, -1.0: 156}

{0.0: 2174, 1.0: 101, -1.0: 149}

{0.0: 2193, 1.0: 88, -1.0: 143}

{0.0: 2140, 1.0: 118, -1.0: 166}

{0.0: 2121, 1.0: 126, -1.0: 177}

{0.0: 2098, 1.0: 134, -1.0: 192}

{0.0: 2079, 1.0: 142, -1.0: 203}

{0.0: 2061, 1.0: 150, -1.0: 213}

1 Creating 10 consumers
{0.0: 2174, 1.0: 101, -1.0: 149}

{0.0: 2160, 1.0: 108, -1.0: 156}

{0.0: 2140, 1.0: 118, -1.0: 166}

{0.0: 2243, 1.0: 61, -1.0: 120}
Iter-0: 12.55/6.27 | Iter-1: 13.79/7.26 | Iter-2: 13.17/6.81 | Iter-3: 12.85/6.5 | Iter-4: 12.63/6.28 | 
{0.0: 2220, 1.0: 77, -1.0: 127}
Iter-0: 12.85/6.26 | Iter-1: 14.06/7.19 | Iter-2: 13.44/6.81 | Iter-3: 13.14/6.49 | Iter-4: 12.88/6.27 | 
{0.0: 2121, 1.0: 126, -1.0: 177}
Iter-0: 12.33/5.99 | Iter-1: 13.4/6.89 | Iter-2: 12.85/6.53 | Iter-3: 12.6/6.26 | Iter-4: 12.4/6.05 | 
{0.0: 2079, 1.0: 142, -1.0: 203}
Iter-0: 12.25/5.9 | Iter-1: 13.38/6.84 | Iter-2: 12.83/6.47 | Iter-3: 12.6/6.23 | Iter-4: 12.37/5.99 | 
{0.0: 2061, 1.0: 150, -1.0: 213}
Iter-0: 12.24/5.89 | Iter-1: 13.38/6.8 | Iter-2: 12.82/6.44 | Iter-3: 12.57/6.18 | Iter-4: 12.36/5.97 | 
{0.0: 2098, 1.0: 134, -1.0: 192}
Iter-0: 12.39/5.94 | Iter-1: 14.02/6.95 | Iter-2: 13.36/6.55 | Iter-3: 13.08/6.28 | Iter-4: 12.74/6.05 | 
{0.0: 2193, 1.0: 88, -1.0: 143}
Iter-0: 13.5/6.75 | Iter-1: 15.03/8.01 | Iter-2: 14.15/7.36 | Iter-3: 13.83/7.06 | Iter-4: 13.24/6.77 | 
prob_mse: 0.25039480198, running time: 97.3522779942
4.0 ~~~~~~~~~~~~~~~~~~~~~~~~~~~~~~~~~~~~~~~~~~~~~~~~~~~~~~~~~~~~~~~`
dataset: facebook method: Adv-CSL, #attack_edge:10000,T:10,test_ratio: 0.3,gamma:0.07
/network/rit/lab/ceashpc/adil/data/adv_csl/Jan2/random_pgd/facebook/facebook-attackedges-10000-T-10-testratio-0.3-swap_ratio-0.01-gamma-0.07-realization-8-data-X.pkl
#Rule:372936 Nodes:8078 Edges:372936
0 Creating 10 consumers
{0.0: 2243, 1.0: 61, -1.0: 120}

{0.0: 2193, 1.0: 88, -1.0: 143}

{0.0: 2220, 1.0: 77, -1.0: 127}

{0.0: 2174, 1.0: 101, -1.0: 149}

{0.0: 2160, 1.0: 108, -1.0: 156}

{0.0: 2140, 1.0: 118, -1.0: 166}

{0.0: 2098, 1.0: 134, -1.0: 192}

{0.0: 2121, 1.0: 126, -1.0: 177}

{0.0: 2079, 1.0: 142, -1.0: 203}

{0.0: 2061, 1.0: 150, -1.0: 213}

1 Creating 10 consumers
{0.0: 2174, 1.0: 101, -1.0: 149}

{0.0: 2160, 1.0: 108, -1.0: 156}

{0.0: 2140, 1.0: 118, -1.0: 166}

{0.0: 2193, 1.0: 88, -1.0: 143}
Iter-0: 12.43/6.09 | Iter-1: 13.8/7.2 | Iter-2: 13.08/6.65 | Iter-3: 12.63/6.38 | Iter-4: 12.29/6.02 | 
{0.0: 2220, 1.0: 77, -1.0: 127}
Iter-0: 12.64/6.27 | Iter-1: 13.79/7.23 | Iter-2: 13.18/6.79 | Iter-3: 13.0/6.62 | Iter-4: 12.72/6.34 | 
{0.0: 2243, 1.0: 61, -1.0: 120}
Iter-0: 12.79/6.27 | Iter-1: 14.24/7.26 | Iter-2: 13.61/6.85 | Iter-3: 13.14/6.56 | Iter-4: 12.84/6.24 | 
{0.0: 2079, 1.0: 142, -1.0: 203}
Iter-0: 12.27/5.91 | Iter-1: 13.49/6.88 | Iter-2: 12.89/6.52 | Iter-3: 12.46/6.23 | Iter-4: 12.22/5.94 | 
{0.0: 2121, 1.0: 126, -1.0: 177}
Iter-0: 12.55/6.01 | Iter-1: 14.2/7.02 | Iter-2: 13.46/6.58 | Iter-3: 13.3/6.42 | Iter-4: 12.84/6.15 | 
{0.0: 2098, 1.0: 134, -1.0: 192}
Iter-0: 12.55/5.98 | Iter-1: 14.24/7.03 | Iter-2: 13.49/6.59 | Iter-3: 13.34/6.43 | Iter-4: 12.73/6.13 | 
{0.0: 2061, 1.0: 150, -1.0: 213}
Iter-0: 12.59/5.9 | Iter-1: 14.52/7.65 | Iter-2: 13.87/7.22 | Iter-3: 13.69/7.04 | Iter-4: 12.86/6.71 | 
prob_mse: 0.248538283828, running time: 98.5209770203
5.0 ~~~~~~~~~~~~~~~~~~~~~~~~~~~~~~~~~~~~~~~~~~~~~~~~~~~~~~~~~~~~~~~`
dataset: facebook method: Adv-CSL, #attack_edge:10000,T:10,test_ratio: 0.3,gamma:0.09
/network/rit/lab/ceashpc/adil/data/adv_csl/Jan2/random_pgd/facebook/facebook-attackedges-10000-T-10-testratio-0.3-swap_ratio-0.01-gamma-0.09-realization-8-data-X.pkl
#Rule:372936 Nodes:8078 Edges:372936
0 Creating 10 consumers
{0.0: 2243, 1.0: 61, -1.0: 120}

{0.0: 2193, 1.0: 88, -1.0: 143}

{0.0: 2220, 1.0: 77, -1.0: 127}

{0.0: 2174, 1.0: 101, -1.0: 149}

{0.0: 2160, 1.0: 108, -1.0: 156}

{0.0: 2121, 1.0: 126, -1.0: 177}

{0.0: 2140, 1.0: 118, -1.0: 166}

{0.0: 2098, 1.0: 134, -1.0: 192}

{0.0: 2079, 1.0: 142, -1.0: 203}

{0.0: 2061, 1.0: 150, -1.0: 213}

1 Creating 10 consumers
{0.0: 2174, 1.0: 101, -1.0: 149}

{0.0: 2160, 1.0: 108, -1.0: 156}

{0.0: 2140, 1.0: 118, -1.0: 166}

{0.0: 2220, 1.0: 77, -1.0: 127}
Iter-0: 12.6/6.29 | Iter-1: 13.52/7.18 | Iter-2: 13.05/6.72 | Iter-3: 13.03/6.71 | Iter-4: 12.63/6.29 | 
{0.0: 2193, 1.0: 88, -1.0: 143}
Iter-0: 12.51/6.1 | Iter-1: 13.66/7.23 | Iter-2: 12.98/6.58 | Iter-3: 12.94/6.56 | Iter-4: 12.52/6.15 | 
{0.0: 2243, 1.0: 61, -1.0: 120}
Iter-0: 12.63/6.27 | Iter-1: 14.17/7.34 | Iter-2: 13.68/6.82 | Iter-3: 13.67/6.81 | Iter-4: 13.21/6.4 | 
{0.0: 2098, 1.0: 134, -1.0: 192}
Iter-0: 12.35/6.0 | Iter-1: 13.3/6.94 | Iter-2: 12.83/6.48 | Iter-3: 12.8/6.46 | Iter-4: 12.38/6.07 | 
{0.0: 2121, 1.0: 126, -1.0: 177}
Iter-0: 12.39/6.06 | Iter-1: 13.37/7.0 | Iter-2: 12.92/6.55 | Iter-3: 12.92/6.52 | Iter-4: 12.52/6.15 | 
{0.0: 2079, 1.0: 142, -1.0: 203}
Iter-0: 12.38/5.93 | Iter-1: 13.76/6.96 | Iter-2: 13.33/6.51 | Iter-3: 13.29/6.49 | Iter-4: 12.81/6.09 | 
{0.0: 2061, 1.0: 150, -1.0: 213}
Iter-0: 12.51/5.94 | Iter-1: 14.26/7.68 | Iter-2: 13.76/7.19 | Iter-3: 13.75/7.17 | Iter-4: 12.88/6.76 | 
prob_mse: 0.247953767877, running time: 97.9687628746
6.0 ~~~~~~~~~~~~~~~~~~~~~~~~~~~~~~~~~~~~~~~~~~~~~~~~~~~~~~~~~~~~~~~`
dataset: facebook method: Adv-CSL, #attack_edge:10000,T:10,test_ratio: 0.3,gamma:0.2
/network/rit/lab/ceashpc/adil/data/adv_csl/Jan2/random_pgd/facebook/facebook-attackedges-10000-T-10-testratio-0.3-swap_ratio-0.01-gamma-0.2-realization-8-data-X.pkl
#Rule:372936 Nodes:8078 Edges:372936
0 Creating 10 consumers
{0.0: 2220, 1.0: 77, -1.0: 127}

{0.0: 2193, 1.0: 88, -1.0: 143}

{0.0: 2174, 1.0: 101, -1.0: 149}

{0.0: 2243, 1.0: 61, -1.0: 120}

{0.0: 2160, 1.0: 108, -1.0: 156}

{0.0: 2121, 1.0: 126, -1.0: 177}

{0.0: 2140, 1.0: 118, -1.0: 166}

{0.0: 2079, 1.0: 142, -1.0: 203}

{0.0: 2098, 1.0: 134, -1.0: 192}

{0.0: 2061, 1.0: 150, -1.0: 213}

1 Creating 10 consumers
{0.0: 2174, 1.0: 101, -1.0: 149}

{0.0: 2160, 1.0: 108, -1.0: 156}

{0.0: 2140, 1.0: 118, -1.0: 166}

{0.0: 2220, 1.0: 77, -1.0: 127}
Iter-0: 12.68/6.3 | Iter-1: 13.62/6.98 | Iter-2: 13.22/6.89 | Iter-3: 12.88/6.61 | Iter-4: 12.51/6.23 | 
{0.0: 2243, 1.0: 61, -1.0: 120}
Iter-0: 13.01/6.27 | Iter-1: 14.04/6.96 | Iter-2: 13.63/6.92 | Iter-3: 13.27/6.61 | Iter-4: 12.89/6.22 | 
{0.0: 2098, 1.0: 134, -1.0: 192}
Iter-0: 12.25/5.94 | Iter-1: 13.15/6.58 | Iter-2: 12.89/6.52 | Iter-3: 12.79/6.43 | Iter-4: 12.39/6.04 | 
{0.0: 2061, 1.0: 150, -1.0: 213}
Iter-0: 12.24/5.9 | Iter-1: 13.16/6.54 | Iter-2: 12.9/6.45 | Iter-3: 12.86/6.41 | Iter-4: 12.44/6.0 | 
{0.0: 2121, 1.0: 126, -1.0: 177}
Iter-0: 12.74/6.02 | Iter-1: 13.79/6.71 | Iter-2: 13.44/6.61 | Iter-3: 13.37/6.53 | Iter-4: 12.87/6.14 | 
{0.0: 2079, 1.0: 142, -1.0: 203}
Iter-0: 12.6/5.97 | Iter-1: 13.71/6.64 | Iter-2: 13.19/6.55 | Iter-3: 13.02/6.35 | Iter-4: 12.58/5.95 | 
{0.0: 2193, 1.0: 88, -1.0: 143}
Iter-0: 12.99/6.25 | Iter-1: 14.57/7.52 | Iter-2: 14.42/7.57 | Iter-3: 14.23/7.38 | Iter-4: 13.64/6.89 | 
prob_mse: 0.240734130913, running time: 97.6296579838
7.0 ~~~~~~~~~~~~~~~~~~~~~~~~~~~~~~~~~~~~~~~~~~~~~~~~~~~~~~~~~~~~~~~`
dataset: facebook method: Adv-CSL, #attack_edge:10000,T:10,test_ratio: 0.3,gamma:0.3
/network/rit/lab/ceashpc/adil/data/adv_csl/Jan2/random_pgd/facebook/facebook-attackedges-10000-T-10-testratio-0.3-swap_ratio-0.01-gamma-0.3-realization-8-data-X.pkl
#Rule:372936 Nodes:8078 Edges:372936
0 Creating 10 consumers
{0.0: 2243, 1.0: 61, -1.0: 120}

{0.0: 2220, 1.0: 77, -1.0: 127}

{0.0: 2174, 1.0: 101, -1.0: 149}

{0.0: 2193, 1.0: 88, -1.0: 143}

{0.0: 2160, 1.0: 108, -1.0: 156}

{0.0: 2121, 1.0: 126, -1.0: 177}

{0.0: 2140, 1.0: 118, -1.0: 166}

{0.0: 2098, 1.0: 134, -1.0: 192}

{0.0: 2079, 1.0: 142, -1.0: 203}

{0.0: 2061, 1.0: 150, -1.0: 213}

1 Creating 10 consumers
{0.0: 2174, 1.0: 101, -1.0: 149}

{0.0: 2160, 1.0: 108, -1.0: 156}

{0.0: 2140, 1.0: 118, -1.0: 166}

{0.0: 2243, 1.0: 61, -1.0: 120}
Iter-0: 12.71/6.42 | Iter-1: 13.0/6.69 | Iter-2: 13.39/6.88 | Iter-3: 12.71/6.38 | Iter-4: 12.59/6.38 | 
{0.0: 2193, 1.0: 88, -1.0: 143}
Iter-0: 12.32/6.1 | Iter-1: 12.69/6.38 | Iter-2: 13.3/6.81 | Iter-3: 12.53/6.24 | Iter-4: 12.72/6.33 | 
{0.0: 2098, 1.0: 134, -1.0: 192}
Iter-0: 12.32/5.99 | Iter-1: 12.66/6.27 | Iter-2: 13.1/6.52 | Iter-3: 12.51/6.12 | Iter-4: 12.74/6.25 | 
{0.0: 2220, 1.0: 77, -1.0: 127}
Iter-0: 12.66/6.23 | Iter-1: 13.56/6.74 | Iter-2: 13.9/6.85 | Iter-3: 13.23/6.42 | Iter-4: 13.48/6.54 | 
{0.0: 2079, 1.0: 142, -1.0: 203}
Iter-0: 12.63/5.95 | Iter-1: 12.99/6.26 | Iter-2: 13.49/6.51 | Iter-3: 12.84/6.13 | Iter-4: 12.63/6.05 | 
{0.0: 2061, 1.0: 150, -1.0: 213}
Iter-0: 12.5/5.89 | Iter-1: 13.03/6.24 | Iter-2: 13.43/6.46 | Iter-3: 12.83/6.09 | Iter-4: 12.62/6.02 | 
{0.0: 2121, 1.0: 126, -1.0: 177}
Iter-0: 12.29/6.0 | Iter-1: 13.56/7.0 | Iter-2: 14.03/7.3 | Iter-3: 13.43/6.87 | Iter-4: 13.54/7.03 | 
prob_mse: 0.226844664466, running time: 96.6220600605
8.0 ~~~~~~~~~~~~~~~~~~~~~~~~~~~~~~~~~~~~~~~~~~~~~~~~~~~~~~~~~~~~~~~`
dataset: facebook method: Adv-CSL, #attack_edge:10000,T:10,test_ratio: 0.3,gamma:0.4
/network/rit/lab/ceashpc/adil/data/adv_csl/Jan2/random_pgd/facebook/facebook-attackedges-10000-T-10-testratio-0.3-swap_ratio-0.01-gamma-0.4-realization-8-data-X.pkl
#Rule:372936 Nodes:8078 Edges:372936
0 Creating 10 consumers
{0.0: 2243, 1.0: 61, -1.0: 120}

{0.0: 2220, 1.0: 77, -1.0: 127}

{0.0: 2193, 1.0: 88, -1.0: 143}

{0.0: 2160, 1.0: 108, -1.0: 156}

{0.0: 2174, 1.0: 101, -1.0: 149}

{0.0: 2140, 1.0: 118, -1.0: 166}

{0.0: 2121, 1.0: 126, -1.0: 177}

{0.0: 2098, 1.0: 134, -1.0: 192}

{0.0: 2061, 1.0: 150, -1.0: 213}

{0.0: 2079, 1.0: 142, -1.0: 203}

1 Creating 10 consumers
{0.0: 2174, 1.0: 101, -1.0: 149}

{0.0: 2140, 1.0: 118, -1.0: 166}

{0.0: 2160, 1.0: 108, -1.0: 156}

{0.0: 2193, 1.0: 88, -1.0: 143}
Iter-0: 12.39/6.04 | Iter-1: 12.65/6.25 | Iter-2: 12.91/6.51 | Iter-3: 12.55/6.18 | Iter-4: 12.53/6.18 | 
{0.0: 2243, 1.0: 61, -1.0: 120}
Iter-0: 12.69/6.21 | Iter-1: 13.45/6.61 | Iter-2: 13.54/6.66 | Iter-3: 13.21/6.37 | Iter-4: 13.19/6.38 | 
{0.0: 2220, 1.0: 77, -1.0: 127}
Iter-0: 12.81/6.21 | Iter-1: 13.45/6.63 | Iter-2: 13.35/6.58 | Iter-3: 13.16/6.37 | Iter-4: 13.1/6.33 | 
{0.0: 2061, 1.0: 150, -1.0: 213}
Iter-0: 12.35/5.92 | Iter-1: 12.56/6.11 | Iter-2: 12.56/6.13 | Iter-3: 12.41/6.0 | Iter-4: 12.39/6.03 | 
{0.0: 2121, 1.0: 126, -1.0: 177}
Iter-0: 12.61/5.98 | Iter-1: 13.03/6.28 | Iter-2: 12.96/6.29 | Iter-3: 12.81/6.13 | Iter-4: 12.75/6.11 | 
{0.0: 2098, 1.0: 134, -1.0: 192}
Iter-0: 12.33/5.94 | Iter-1: 13.05/6.22 | Iter-2: 13.14/6.34 | Iter-3: 12.91/6.13 | Iter-4: 12.85/6.11 | 
{0.0: 2079, 1.0: 142, -1.0: 203}
Iter-0: 12.47/5.88 | Iter-1: 12.99/6.14 | Iter-2: 13.48/6.88 | Iter-3: 13.29/6.71 | Iter-4: 13.1/6.73 | 
prob_mse: 0.221034625963, running time: 95.7992789745
9.0 ~~~~~~~~~~~~~~~~~~~~~~~~~~~~~~~~~~~~~~~~~~~~~~~~~~~~~~~~~~~~~~~`
dataset: facebook method: Adv-CSL, #attack_edge:10000,T:10,test_ratio: 0.3,gamma:0.5
/network/rit/lab/ceashpc/adil/data/adv_csl/Jan2/random_pgd/facebook/facebook-attackedges-10000-T-10-testratio-0.3-swap_ratio-0.01-gamma-0.5-realization-8-data-X.pkl
#Rule:372936 Nodes:8078 Edges:372936
0 Creating 10 consumers
{0.0: 1217, -1.0: 1207}

{0.0: 1212, -1.0: 1212}

{0.0: 1212, -1.0: 1212}

{0.0: 1217, -1.0: 1207}

{0.0: 1218, -1.0: 1206}

{0.0: 1212, -1.0: 1212}

{0.0: 1216, -1.0: 1208}

{0.0: 1205, -1.0: 1219}

{0.0: 1202, -1.0: 1222}

{0.0: 1202, -1.0: 1222}

1 Creating 10 consumers
{0.0: 1212, -1.0: 1212}

{0.0: 1212, -1.0: 1212}

{0.0: 1217, -1.0: 1207}

{0.0: 1217, -1.0: 1207}

{0.0: 1218, -1.0: 1206}

{0.0: 1216, -1.0: 1208}

{0.0: 1212, -1.0: 1212}

{0.0: 1205, -1.0: 1219}

{0.0: 1202, -1.0: 1222}

{0.0: 1202, -1.0: 1222}

prob_mse: 0.416897662266, running time: 44.5706110001
10.0 ~~~~~~~~~~~~~~~~~~~~~~~~~~~~~~~~~~~~~~~~~~~~~~~~~~~~~~~~~~~~~~~`
dataset: facebook method: Adv-CSL, #attack_edge:10000,T:10,test_ratio: 0.3,gamma:0.0
/network/rit/lab/ceashpc/adil/data/adv_csl/Jan2/random_pgd/facebook/facebook-attackedges-10000-T-10-testratio-0.3-swap_ratio-0.01-gamma-0.0-realization-9-data-X.pkl
#Rule:372936 Nodes:8078 Edges:372936
0 Creating 10 consumers
{0.0: 2241, 1.0: 63, -1.0: 120}

{0.0: 2222, 1.0: 72, -1.0: 130}

{0.0: 2198, 1.0: 87, -1.0: 139}

{0.0: 2181, 1.0: 94, -1.0: 149}

{0.0: 2142, 1.0: 115, -1.0: 167}

{0.0: 2161, 1.0: 108, -1.0: 155}

{0.0: 2117, 1.0: 126, -1.0: 181}

{0.0: 2106, 1.0: 132, -1.0: 186}

{0.0: 2079, 1.0: 146, -1.0: 199}

{0.0: 2053, 1.0: 162, -1.0: 209}

1 Creating 10 consumers
{0.0: 2181, 1.0: 94, -1.0: 149}

{0.0: 2161, 1.0: 108, -1.0: 155}

{0.0: 2142, 1.0: 115, -1.0: 167}
Iter-0: 9.88/3.44 | Iter-1: 11.99/5.45 | 
{0.0: 2106, 1.0: 132, -1.0: 186}
Iter-0: 9.81/3.43 | Iter-1: 11.68/5.31 | 
{0.0: 2117, 1.0: 126, -1.0: 181}
Iter-0: 10.28/3.45 | Iter-1: 12.39/5.45 | 
{0.0: 2079, 1.0: 146, -1.0: 199}
Iter-0: 9.98/3.44 | Iter-1: 11.87/5.37 | 
{0.0: 2053, 1.0: 162, -1.0: 209}
Iter-0: 9.85/3.42 | Iter-1: 11.94/5.27 | 
{0.0: 2198, 1.0: 87, -1.0: 139}
Iter-0: 9.87/3.45 | Iter-1: 12.01/5.5 | Iter-2: 10.82/4.27 | 
{0.0: 2222, 1.0: 72, -1.0: 130}
Iter-0: 10.1/3.46 | Iter-1: 12.26/5.52 | Iter-2: 11.0/4.28 | 
{0.0: 2241, 1.0: 63, -1.0: 120}
Iter-0: 10.33/3.47 | Iter-1: 12.95/6.15 | Iter-2: 11.05/4.27 | 
prob_mse: 0.0938658140814, running time: 69.3319890499
11.0 ~~~~~~~~~~~~~~~~~~~~~~~~~~~~~~~~~~~~~~~~~~~~~~~~~~~~~~~~~~~~~~~`
dataset: facebook method: Adv-CSL, #attack_edge:10000,T:10,test_ratio: 0.3,gamma:0.01
/network/rit/lab/ceashpc/adil/data/adv_csl/Jan2/random_pgd/facebook/facebook-attackedges-10000-T-10-testratio-0.3-swap_ratio-0.01-gamma-0.01-realization-9-data-X.pkl
#Rule:372936 Nodes:8078 Edges:372936
0 Creating 10 consumers
{0.0: 2241, 1.0: 63, -1.0: 120}

{0.0: 2222, 1.0: 72, -1.0: 130}

{0.0: 2198, 1.0: 87, -1.0: 139}

{0.0: 2181, 1.0: 94, -1.0: 149}

{0.0: 2161, 1.0: 108, -1.0: 155}

{0.0: 2142, 1.0: 115, -1.0: 167}

{0.0: 2117, 1.0: 126, -1.0: 181}

{0.0: 2079, 1.0: 146, -1.0: 199}

{0.0: 2053, 1.0: 162, -1.0: 209}

{0.0: 2106, 1.0: 132, -1.0: 186}

1 Creating 10 consumers
{0.0: 2181, 1.0: 94, -1.0: 149}

{0.0: 2161, 1.0: 108, -1.0: 155}

{0.0: 2222, 1.0: 72, -1.0: 130}
Iter-0: 12.48/6.13 | Iter-1: 13.21/6.82 | Iter-2: 12.86/6.2 | Iter-3: 12.69/5.9 | Iter-4: 12.47/5.67 | 
{0.0: 2241, 1.0: 63, -1.0: 120}
Iter-0: 12.94/6.36 | Iter-1: 13.4/6.86 | Iter-2: 13.07/6.35 | Iter-3: 12.63/6.02 | Iter-4: 12.52/5.85 | 
{0.0: 2198, 1.0: 87, -1.0: 139}
Iter-0: 12.87/6.24 | Iter-1: 13.18/6.79 | Iter-2: 12.92/6.32 | Iter-3: 12.51/6.11 | Iter-4: 12.26/5.77 | 
{0.0: 2142, 1.0: 115, -1.0: 167}
Iter-0: 13.3/6.65 | Iter-1: 13.28/6.68 | Iter-2: 12.98/6.16 | Iter-3: 12.45/5.88 | Iter-4: 12.41/5.66 | 
{0.0: 2106, 1.0: 132, -1.0: 186}
Iter-0: 12.75/5.99 | Iter-1: 13.46/6.62 | Iter-2: 13.42/6.19 | Iter-3: 12.23/5.89 | Iter-4: 11.94/5.59 | 
{0.0: 2053, 1.0: 162, -1.0: 209}
Iter-0: 12.28/5.89 | Iter-1: 12.9/6.48 | Iter-2: 12.68/6.06 | Iter-3: 12.39/5.76 | Iter-4: 12.52/5.64 | 
{0.0: 2079, 1.0: 146, -1.0: 199}
Iter-0: 12.3/5.95 | Iter-1: 12.97/6.56 | Iter-2: 13.15/6.11 | Iter-3: 12.88/5.99 | Iter-4: 12.65/5.7 | 
{0.0: 2117, 1.0: 126, -1.0: 181}
Iter-0: 12.59/5.96 | Iter-1: 14.52/7.43 | Iter-2: 14.29/6.85 | Iter-3: 13.36/6.58 | Iter-4: 12.04/5.65 | 
prob_mse: 0.276695462046, running time: 96.9032430649
12.0 ~~~~~~~~~~~~~~~~~~~~~~~~~~~~~~~~~~~~~~~~~~~~~~~~~~~~~~~~~~~~~~~`
dataset: facebook method: Adv-CSL, #attack_edge:10000,T:10,test_ratio: 0.3,gamma:0.03
/network/rit/lab/ceashpc/adil/data/adv_csl/Jan2/random_pgd/facebook/facebook-attackedges-10000-T-10-testratio-0.3-swap_ratio-0.01-gamma-0.03-realization-9-data-X.pkl
#Rule:372936 Nodes:8078 Edges:372936
0 Creating 10 consumers
{0.0: 2241, 1.0: 63, -1.0: 120}

{0.0: 2198, 1.0: 87, -1.0: 139}

{0.0: 2181, 1.0: 94, -1.0: 149}

{0.0: 2222, 1.0: 72, -1.0: 130}

{0.0: 2161, 1.0: 108, -1.0: 155}

{0.0: 2142, 1.0: 115, -1.0: 167}

{0.0: 2117, 1.0: 126, -1.0: 181}

{0.0: 2106, 1.0: 132, -1.0: 186}

{0.0: 2079, 1.0: 146, -1.0: 199}

{0.0: 2053, 1.0: 162, -1.0: 209}

1 Creating 10 consumers
{0.0: 2161, 1.0: 108, -1.0: 155}

{0.0: 2181, 1.0: 94, -1.0: 149}

{0.0: 2222, 1.0: 72, -1.0: 130}
Iter-0: 12.51/6.16 | Iter-1: 13.64/7.2 | Iter-2: 13.3/6.57 | Iter-3: 12.89/6.16 | Iter-4: 12.64/6.08 | 
{0.0: 2198, 1.0: 87, -1.0: 139}
Iter-0: 12.61/6.24 | Iter-1: 13.35/7.04 | Iter-2: 13.4/6.59 | Iter-3: 13.05/6.25 | Iter-4: 13.32/6.19 | 
{0.0: 2142, 1.0: 115, -1.0: 167}
Iter-0: 12.41/6.08 | Iter-1: 13.42/7.01 | Iter-2: 13.47/6.59 | Iter-3: 12.79/6.18 | Iter-4: 12.58/6.03 | 
{0.0: 2241, 1.0: 63, -1.0: 120}
Iter-0: 13.26/6.57 | Iter-1: 14.05/7.23 | Iter-2: 13.55/6.74 | Iter-3: 13.08/6.32 | Iter-4: 13.93/6.9 | 
{0.0: 2117, 1.0: 126, -1.0: 181}
Iter-0: 12.5/6.03 | Iter-1: 13.39/6.92 | Iter-2: 12.85/6.5 | Iter-3: 12.38/6.04 | Iter-4: 13.12/5.97 | 
{0.0: 2106, 1.0: 132, -1.0: 186}
Iter-0: 12.38/6.03 | Iter-1: 13.36/6.87 | Iter-2: 12.83/6.47 | Iter-3: 12.38/6.06 | Iter-4: 13.17/6.07 | 
{0.0: 2053, 1.0: 162, -1.0: 209}
Iter-0: 12.49/5.91 | Iter-1: 13.61/6.87 | Iter-2: 13.17/6.39 | Iter-3: 13.31/6.53 | Iter-4: 12.54/5.9 | 
{0.0: 2079, 1.0: 146, -1.0: 199}
Iter-0: 13.49/6.69 | Iter-1: 14.35/7.58 | Iter-2: 13.67/7.08 | Iter-3: 12.69/6.05 | Iter-4: 12.56/5.97 | 
prob_mse: 0.274392024202, running time: 97.9324111938
13.0 ~~~~~~~~~~~~~~~~~~~~~~~~~~~~~~~~~~~~~~~~~~~~~~~~~~~~~~~~~~~~~~~`
dataset: facebook method: Adv-CSL, #attack_edge:10000,T:10,test_ratio: 0.3,gamma:0.05
/network/rit/lab/ceashpc/adil/data/adv_csl/Jan2/random_pgd/facebook/facebook-attackedges-10000-T-10-testratio-0.3-swap_ratio-0.01-gamma-0.05-realization-9-data-X.pkl
#Rule:372936 Nodes:8078 Edges:372936
0 Creating 10 consumers
{0.0: 2241, 1.0: 63, -1.0: 120}

{0.0: 2198, 1.0: 87, -1.0: 139}

{0.0: 2222, 1.0: 72, -1.0: 130}

{0.0: 2181, 1.0: 94, -1.0: 149}

{0.0: 2161, 1.0: 108, -1.0: 155}

{0.0: 2142, 1.0: 115, -1.0: 167}

{0.0: 2117, 1.0: 126, -1.0: 181}

{0.0: 2106, 1.0: 132, -1.0: 186}

{0.0: 2079, 1.0: 146, -1.0: 199}

{0.0: 2053, 1.0: 162, -1.0: 209}

1 Creating 10 consumers
{0.0: 2161, 1.0: 108, -1.0: 155}

{0.0: 2181, 1.0: 94, -1.0: 149}

{0.0: 2241, 1.0: 63, -1.0: 120}
Iter-0: 12.56/6.27 | Iter-1: 14.06/7.27 | Iter-2: 13.74/6.8 | Iter-3: 13.09/6.48 | Iter-4: 12.61/6.26 | 
{0.0: 2142, 1.0: 115, -1.0: 167}
Iter-0: 12.33/6.01 | Iter-1: 13.33/6.97 | Iter-2: 13.12/6.6 | Iter-3: 12.61/6.29 | Iter-4: 12.38/6.04 | 
{0.0: 2198, 1.0: 87, -1.0: 139}
Iter-0: 12.52/6.19 | Iter-1: 13.46/7.1 | Iter-2: 13.33/6.75 | Iter-3: 13.31/6.42 | Iter-4: 12.78/6.25 | 
{0.0: 2222, 1.0: 72, -1.0: 130}
Iter-0: 12.44/6.12 | Iter-1: 13.53/7.17 | Iter-2: 13.25/6.58 | Iter-3: 13.86/6.88 | Iter-4: 13.8/6.79 | 
{0.0: 2117, 1.0: 126, -1.0: 181}
Iter-0: 12.28/5.98 | Iter-1: 13.92/7.06 | Iter-2: 13.44/6.61 | Iter-3: 12.76/6.29 | Iter-4: 12.65/6.18 | 
{0.0: 2079, 1.0: 146, -1.0: 199}
Iter-0: 12.23/5.9 | Iter-1: 13.27/6.87 | Iter-2: 13.2/6.52 | Iter-3: 12.72/6.19 | Iter-4: 12.6/6.09 | 
{0.0: 2106, 1.0: 132, -1.0: 186}
Iter-0: 12.38/5.98 | Iter-1: 14.0/7.63 | Iter-2: 13.16/6.53 | Iter-3: 12.75/6.24 | Iter-4: 12.69/6.06 | 
{0.0: 2053, 1.0: 162, -1.0: 209}
Iter-0: 12.25/5.88 | Iter-1: 13.24/6.83 | Iter-2: 13.05/6.5 | Iter-3: 12.68/6.23 | Iter-4: 13.03/6.15 | 
prob_mse: 0.271297964796, running time: 95.7184798717
14.0 ~~~~~~~~~~~~~~~~~~~~~~~~~~~~~~~~~~~~~~~~~~~~~~~~~~~~~~~~~~~~~~~`
dataset: facebook method: Adv-CSL, #attack_edge:10000,T:10,test_ratio: 0.3,gamma:0.07
/network/rit/lab/ceashpc/adil/data/adv_csl/Jan2/random_pgd/facebook/facebook-attackedges-10000-T-10-testratio-0.3-swap_ratio-0.01-gamma-0.07-realization-9-data-X.pkl
#Rule:372936 Nodes:8078 Edges:372936
0 Creating 10 consumers
{0.0: 2241, 1.0: 63, -1.0: 120}

{0.0: 2222, 1.0: 72, -1.0: 130}

{0.0: 2198, 1.0: 87, -1.0: 139}

{0.0: 2181, 1.0: 94, -1.0: 149}

{0.0: 2161, 1.0: 108, -1.0: 155}

{0.0: 2117, 1.0: 126, -1.0: 181}

{0.0: 2142, 1.0: 115, -1.0: 167}

{0.0: 2106, 1.0: 132, -1.0: 186}

{0.0: 2079, 1.0: 146, -1.0: 199}

{0.0: 2053, 1.0: 162, -1.0: 209}

1 Creating 10 consumers
{0.0: 2181, 1.0: 94, -1.0: 149}

{0.0: 2161, 1.0: 108, -1.0: 155}

{0.0: 2222, 1.0: 72, -1.0: 130}
Iter-0: 12.53/6.13 | Iter-1: 13.96/7.17 | Iter-2: 14.07/7.33 | Iter-3: 13.06/6.42 | Iter-4: 12.8/6.24 | 
{0.0: 2241, 1.0: 63, -1.0: 120}
Iter-0: 13.56/6.9 | Iter-1: 13.97/7.21 | Iter-2: 13.47/6.86 | Iter-3: 13.09/6.56 | Iter-4: 12.73/6.17 | 
{0.0: 2142, 1.0: 115, -1.0: 167}
Iter-0: 12.55/6.04 | Iter-1: 13.79/7.06 | Iter-2: 13.25/6.62 | Iter-3: 12.96/6.39 | Iter-4: 12.85/6.11 | 
{0.0: 2117, 1.0: 126, -1.0: 181}
Iter-0: 12.37/5.99 | Iter-1: 13.71/6.99 | Iter-2: 13.37/6.5 | Iter-3: 12.92/6.41 | Iter-4: 12.98/6.07 | 
{0.0: 2106, 1.0: 132, -1.0: 186}
Iter-0: 12.32/5.95 | Iter-1: 13.44/6.89 | Iter-2: 13.44/6.54 | Iter-3: 12.76/6.37 | Iter-4: 13.01/6.05 | 
{0.0: 2079, 1.0: 146, -1.0: 199}
Iter-0: 12.3/5.88 | Iter-1: 13.76/6.9 | Iter-2: 12.93/6.45 | Iter-3: 12.74/6.28 | Iter-4: 12.64/5.99 | 
{0.0: 2198, 1.0: 87, -1.0: 139}
Iter-0: 12.98/6.19 | Iter-1: 14.37/7.55 | Iter-2: 13.6/6.75 | Iter-3: 13.82/7.17 | Iter-4: 13.12/6.32 | 
{0.0: 2053, 1.0: 162, -1.0: 209}
Iter-0: 12.2/5.83 | Iter-1: 13.15/6.77 | Iter-2: 12.8/6.36 | Iter-3: 13.15/6.32 | Iter-4: 13.31/6.63 | 
prob_mse: 0.270335286029, running time: 96.0452818871
15.0 ~~~~~~~~~~~~~~~~~~~~~~~~~~~~~~~~~~~~~~~~~~~~~~~~~~~~~~~~~~~~~~~`
dataset: facebook method: Adv-CSL, #attack_edge:10000,T:10,test_ratio: 0.3,gamma:0.09
/network/rit/lab/ceashpc/adil/data/adv_csl/Jan2/random_pgd/facebook/facebook-attackedges-10000-T-10-testratio-0.3-swap_ratio-0.01-gamma-0.09-realization-9-data-X.pkl
#Rule:372936 Nodes:8078 Edges:372936
0 Creating 10 consumers
{0.0: 2241, 1.0: 63, -1.0: 120}

{0.0: 2222, 1.0: 72, -1.0: 130}

{0.0: 2198, 1.0: 87, -1.0: 139}

{0.0: 2181, 1.0: 94, -1.0: 149}

{0.0: 2161, 1.0: 108, -1.0: 155}

{0.0: 2142, 1.0: 115, -1.0: 167}

{0.0: 2117, 1.0: 126, -1.0: 181}

{0.0: 2106, 1.0: 132, -1.0: 186}

{0.0: 2079, 1.0: 146, -1.0: 199}

{0.0: 2053, 1.0: 162, -1.0: 209}

1 Creating 10 consumers
{0.0: 2181, 1.0: 94, -1.0: 149}

{0.0: 2161, 1.0: 108, -1.0: 155}

{0.0: 2198, 1.0: 87, -1.0: 139}
Iter-0: 12.47/6.17 | Iter-1: 13.43/7.12 | Iter-2: 12.96/6.65 | Iter-3: 12.81/6.57 | Iter-4: 12.61/6.25 | 
{0.0: 2241, 1.0: 63, -1.0: 120}
Iter-0: 12.72/6.35 | Iter-1: 13.68/7.32 | Iter-2: 13.17/6.77 | Iter-3: 13.07/6.71 | Iter-4: 13.07/6.31 | 
{0.0: 2222, 1.0: 72, -1.0: 130}
Iter-0: 12.79/6.1 | Iter-1: 13.91/7.18 | Iter-2: 13.09/6.58 | Iter-3: 13.02/6.56 | Iter-4: 12.79/6.12 | 
{0.0: 2106, 1.0: 132, -1.0: 186}
Iter-0: 12.26/5.94 | Iter-1: 13.16/6.86 | Iter-2: 13.06/6.46 | Iter-3: 13.07/6.48 | Iter-4: 12.45/6.1 | 
{0.0: 2142, 1.0: 115, -1.0: 167}
Iter-0: 13.05/6.38 | Iter-1: 13.72/7.06 | Iter-2: 13.05/6.56 | Iter-3: 12.95/6.52 | Iter-4: 12.63/6.11 | 
{0.0: 2053, 1.0: 162, -1.0: 209}
Iter-0: 12.2/5.85 | Iter-1: 13.59/6.8 | Iter-2: 12.82/6.37 | Iter-3: 13.17/6.4 | Iter-4: 12.76/6.01 | 
{0.0: 2079, 1.0: 146, -1.0: 199}
Iter-0: 12.74/5.93 | Iter-1: 13.83/6.94 | Iter-2: 13.42/6.51 | Iter-3: 13.31/6.44 | Iter-4: 12.6/6.05 | 
{0.0: 2117, 1.0: 126, -1.0: 181}
Iter-0: 12.71/5.95 | Iter-1: 14.03/7.48 | Iter-2: 13.71/7.18 | Iter-3: 13.82/7.12 | Iter-4: 12.91/6.25 | 
prob_mse: 0.268581985699, running time: 97.7264709473
16.0 ~~~~~~~~~~~~~~~~~~~~~~~~~~~~~~~~~~~~~~~~~~~~~~~~~~~~~~~~~~~~~~~`
dataset: facebook method: Adv-CSL, #attack_edge:10000,T:10,test_ratio: 0.3,gamma:0.2
/network/rit/lab/ceashpc/adil/data/adv_csl/Jan2/random_pgd/facebook/facebook-attackedges-10000-T-10-testratio-0.3-swap_ratio-0.01-gamma-0.2-realization-9-data-X.pkl
#Rule:372936 Nodes:8078 Edges:372936
0 Creating 10 consumers
{0.0: 2222, 1.0: 72, -1.0: 130}

{0.0: 2241, 1.0: 63, -1.0: 120}

{0.0: 2181, 1.0: 94, -1.0: 149}

{0.0: 2198, 1.0: 87, -1.0: 139}

{0.0: 2161, 1.0: 108, -1.0: 155}

{0.0: 2142, 1.0: 115, -1.0: 167}

{0.0: 2117, 1.0: 126, -1.0: 181}

{0.0: 2106, 1.0: 132, -1.0: 186}

{0.0: 2079, 1.0: 146, -1.0: 199}

{0.0: 2053, 1.0: 162, -1.0: 209}

1 Creating 10 consumers
{0.0: 2161, 1.0: 108, -1.0: 155}

{0.0: 2181, 1.0: 94, -1.0: 149}

{0.0: 2241, 1.0: 63, -1.0: 120}
Iter-0: 12.61/6.31 | Iter-1: 13.29/6.97 | Iter-2: 13.3/6.81 | Iter-3: 13.1/6.73 | Iter-4: 12.79/6.34 | 
{0.0: 2142, 1.0: 115, -1.0: 167}
Iter-0: 12.37/6.03 | Iter-1: 13.01/6.67 | Iter-2: 13.2/6.63 | Iter-3: 13.09/6.5 | Iter-4: 12.71/6.14 | 
{0.0: 2222, 1.0: 72, -1.0: 130}
Iter-0: 12.78/6.15 | Iter-1: 13.46/6.81 | Iter-2: 13.63/6.83 | Iter-3: 14.02/7.33 | Iter-4: 12.77/6.22 | 
{0.0: 2079, 1.0: 146, -1.0: 199}
Iter-0: 12.22/5.91 | Iter-1: 12.88/6.51 | Iter-2: 13.07/6.46 | Iter-3: 12.75/6.37 | Iter-4: 12.28/6.0 | 
{0.0: 2053, 1.0: 162, -1.0: 209}
Iter-0: 12.28/5.9 | Iter-1: 13.05/6.59 | Iter-2: 13.22/6.49 | Iter-3: 12.88/6.43 | Iter-4: 12.49/6.02 | 
{0.0: 2106, 1.0: 132, -1.0: 186}
Iter-0: 12.45/6.03 | Iter-1: 13.23/6.75 | Iter-2: 13.36/6.62 | Iter-3: 13.18/6.55 | Iter-4: 12.67/6.1 | 
{0.0: 2117, 1.0: 126, -1.0: 181}
Iter-0: 12.86/6.01 | Iter-1: 13.47/6.72 | Iter-2: 13.14/6.57 | Iter-3: 13.34/6.54 | Iter-4: 13.11/6.18 | 
{0.0: 2198, 1.0: 87, -1.0: 139}
Iter-0: 12.97/6.28 | Iter-1: 14.06/7.36 | Iter-2: 14.71/7.58 | Iter-3: 13.5/6.77 | Iter-4: 13.12/6.3 | 
prob_mse: 0.260159185919, running time: 96.2813849449
17.0 ~~~~~~~~~~~~~~~~~~~~~~~~~~~~~~~~~~~~~~~~~~~~~~~~~~~~~~~~~~~~~~~`
dataset: facebook method: Adv-CSL, #attack_edge:10000,T:10,test_ratio: 0.3,gamma:0.3
/network/rit/lab/ceashpc/adil/data/adv_csl/Jan2/random_pgd/facebook/facebook-attackedges-10000-T-10-testratio-0.3-swap_ratio-0.01-gamma-0.3-realization-9-data-X.pkl
#Rule:372936 Nodes:8078 Edges:372936
0 Creating 10 consumers
{0.0: 2241, 1.0: 63, -1.0: 120}

{0.0: 2222, 1.0: 72, -1.0: 130}

{0.0: 2198, 1.0: 87, -1.0: 139}

{0.0: 2181, 1.0: 94, -1.0: 149}

{0.0: 2161, 1.0: 108, -1.0: 155}

{0.0: 2142, 1.0: 115, -1.0: 167}

{0.0: 2117, 1.0: 126, -1.0: 181}

{0.0: 2106, 1.0: 132, -1.0: 186}

{0.0: 2079, 1.0: 146, -1.0: 199}

{0.0: 2053, 1.0: 162, -1.0: 209}

1 Creating 10 consumers
{0.0: 2181, 1.0: 94, -1.0: 149}

{0.0: 2161, 1.0: 108, -1.0: 155}

{0.0: 2241, 1.0: 63, -1.0: 120}
Iter-0: 12.75/6.27 | Iter-1: 13.03/6.67 | Iter-2: 13.23/6.93 | Iter-3: 12.72/6.4 | Iter-4: 12.83/6.37 | 
{0.0: 2222, 1.0: 72, -1.0: 130}
Iter-0: 12.8/6.14 | Iter-1: 13.02/6.43 | Iter-2: 13.2/6.78 | Iter-3: 12.77/6.16 | Iter-4: 12.66/6.09 | 
{0.0: 2117, 1.0: 126, -1.0: 181}
Iter-0: 12.58/5.98 | Iter-1: 13.03/6.32 | Iter-2: 13.29/6.56 | Iter-3: 12.44/6.12 | Iter-4: 12.26/5.95 | 
{0.0: 2142, 1.0: 115, -1.0: 167}
Iter-0: 12.84/6.05 | Iter-1: 13.08/6.36 | Iter-2: 13.05/6.55 | Iter-3: 12.72/6.12 | Iter-4: 12.61/5.98 | 
{0.0: 2106, 1.0: 132, -1.0: 186}
Iter-0: 12.48/5.98 | Iter-1: 12.7/6.32 | Iter-2: 12.61/6.42 | Iter-3: 12.84/6.08 | Iter-4: 13.02/6.23 | 
{0.0: 2053, 1.0: 162, -1.0: 209}
Iter-0: 12.52/5.92 | Iter-1: 12.78/6.17 | Iter-2: 13.26/6.47 | Iter-3: 12.86/6.1 | Iter-4: 12.87/6.11 | 
{0.0: 2079, 1.0: 146, -1.0: 199}
Iter-0: 12.78/5.94 | Iter-1: 13.25/6.32 | Iter-2: 13.44/6.59 | Iter-3: 12.99/6.16 | Iter-4: 12.74/6.22 | 
{0.0: 2198, 1.0: 87, -1.0: 139}
Iter-0: 13.36/6.22 | Iter-1: 14.43/7.44 | Iter-2: 14.25/7.47 | Iter-3: 13.89/7.08 | Iter-4: 13.69/6.96 | 
prob_mse: 0.243622827283, running time: 96.4654340744
18.0 ~~~~~~~~~~~~~~~~~~~~~~~~~~~~~~~~~~~~~~~~~~~~~~~~~~~~~~~~~~~~~~~`
dataset: facebook method: Adv-CSL, #attack_edge:10000,T:10,test_ratio: 0.3,gamma:0.4
/network/rit/lab/ceashpc/adil/data/adv_csl/Jan2/random_pgd/facebook/facebook-attackedges-10000-T-10-testratio-0.3-swap_ratio-0.01-gamma-0.4-realization-9-data-X.pkl
#Rule:372936 Nodes:8078 Edges:372936
0 Creating 10 consumers
{0.0: 2241, 1.0: 63, -1.0: 120}

{0.0: 2222, 1.0: 72, -1.0: 130}

{0.0: 2198, 1.0: 87, -1.0: 139}

{0.0: 2161, 1.0: 108, -1.0: 155}

{0.0: 2142, 1.0: 115, -1.0: 167}

{0.0: 2181, 1.0: 94, -1.0: 149}

{0.0: 2117, 1.0: 126, -1.0: 181}

{0.0: 2106, 1.0: 132, -1.0: 186}

{0.0: 2053, 1.0: 162, -1.0: 209}

{0.0: 2079, 1.0: 146, -1.0: 199}

1 Creating 10 consumers
{0.0: 2181, 1.0: 94, -1.0: 149}

{0.0: 2161, 1.0: 108, -1.0: 155}

{0.0: 2241, 1.0: 63, -1.0: 120}
Iter-0: 13.24/6.32 | Iter-1: 13.24/6.7 | Iter-2: 13.16/6.64 | Iter-3: 12.87/6.4 | Iter-4: 13.17/6.45 | 
{0.0: 2117, 1.0: 126, -1.0: 181}
Iter-0: 12.48/5.97 | Iter-1: 12.71/6.18 | Iter-2: 12.7/6.33 | Iter-3: 12.49/6.1 | Iter-4: 12.49/6.14 | 
{0.0: 2198, 1.0: 87, -1.0: 139}
Iter-0: 12.69/6.22 | Iter-1: 13.06/6.57 | Iter-2: 12.99/6.53 | Iter-3: 13.07/6.35 | Iter-4: 13.17/6.36 | 
{0.0: 2142, 1.0: 115, -1.0: 167}
Iter-0: 12.93/6.05 | Iter-1: 12.81/6.27 | Iter-2: 13.11/6.42 | Iter-3: 12.78/6.14 | Iter-4: 12.93/6.23 | 
{0.0: 2053, 1.0: 162, -1.0: 209}
Iter-0: 12.98/5.94 | Iter-1: 12.96/6.14 | Iter-2: 12.52/6.16 | Iter-3: 12.45/6.04 | Iter-4: 12.39/6.04 | 
{0.0: 2079, 1.0: 146, -1.0: 199}
Iter-0: 12.42/5.94 | Iter-1: 12.95/6.16 | Iter-2: 13.21/6.28 | Iter-3: 12.8/6.05 | Iter-4: 12.7/6.08 | 
{0.0: 2106, 1.0: 132, -1.0: 186}
Iter-0: 12.51/5.99 | Iter-1: 13.03/6.26 | Iter-2: 13.16/6.3 | Iter-3: 12.93/6.11 | Iter-4: 12.91/6.15 | 
{0.0: 2222, 1.0: 72, -1.0: 130}
Iter-0: 12.97/6.15 | Iter-1: 13.78/7.02 | Iter-2: 14.04/7.25 | Iter-3: 13.72/6.96 | Iter-4: 13.36/6.64 | 
prob_mse: 0.24018490099, running time: 94.6008541584
19.0 ~~~~~~~~~~~~~~~~~~~~~~~~~~~~~~~~~~~~~~~~~~~~~~~~~~~~~~~~~~~~~~~`
dataset: facebook method: Adv-CSL, #attack_edge:10000,T:10,test_ratio: 0.3,gamma:0.5
/network/rit/lab/ceashpc/adil/data/adv_csl/Jan2/random_pgd/facebook/facebook-attackedges-10000-T-10-testratio-0.3-swap_ratio-0.01-gamma-0.5-realization-9-data-X.pkl
#Rule:372936 Nodes:8078 Edges:372936
0 Creating 10 consumers
{0.0: 1214, -1.0: 1210}

{0.0: 1214, -1.0: 1210}

{0.0: 1220, -1.0: 1204}

{0.0: 1217, -1.0: 1207}

{0.0: 1224, -1.0: 1200}

{0.0: 1218, -1.0: 1206}

{0.0: 1214, -1.0: 1210}

{0.0: 1212, -1.0: 1212}

{0.0: 1211, -1.0: 1213}

{0.0: 1216, -1.0: 1208}

1 Creating 10 consumers
{0.0: 1214, -1.0: 1210}

{0.0: 1214, -1.0: 1210}

{0.0: 1220, -1.0: 1204}

{0.0: 1217, -1.0: 1207}

{0.0: 1224, -1.0: 1200}

{0.0: 1218, -1.0: 1206}

{0.0: 1214, -1.0: 1210}

{0.0: 1212, -1.0: 1212}

{0.0: 1211, -1.0: 1213}

{0.0: 1216, -1.0: 1208}

prob_mse: 0.415282618262, running time: 43.8622179031
