

--------------------------------------------------
--------------------------------------------------

-------------------Tue, 22 Jan 2019 05:03:08 PM EST---------------------

0 ~~~~~~~~~~~~~~~~~~~~~~~~~~~~~~~~~~~~~~~~~~~~~~~~~~~~~~~~~~~~~~~`
dataset: enron method: Adv-CSL, #attack_edge:10000,T:10,test_ratio: 0.3,gamma:0.0
/network/rit/lab/ceashpc/adil/data/adv_csl/Jan2/random_pgd/enron/enron-attackedges-10000-T-10-testratio-0.3-swap_ratio-0.01-gamma-0.0-realization-0-data-X.pkl
#Rule:743244 Nodes:67392 Edges:743244
0 Creating 10 consumers
{0.0: 18251, 1.0: 1549, -1.0: 418}
{0.0: 17918, 1.0: 1706, -1.0: 594}
{0.0: 17595, 1.0: 1880, -1.0: 743}
{0.0: 18068, 1.0: 1635, -1.0: 515}
{0.0: 17431, 1.0: 1977, -1.0: 810}
{0.0: 17761, 1.0: 1790, -1.0: 667}
{0.0: 17242, 1.0: 2072, -1.0: 904}
{0.0: 17092, 1.0: 2144, -1.0: 982}
{0.0: 16810, 1.0: 2275, -1.0: 1133}
{0.0: 16957, 1.0: 2207, -1.0: 1054}
1 Creating 10 consumers
{0.0: 18251, 1.0: 1549, -1.0: 418}
Iter-0: 102.1/28.43 | Iter-1: 129.24/53.0 | 
{0.0: 18068, 1.0: 1635, -1.0: 515}
Iter-0: 103.91/28.27 | Iter-1: 125.72/51.29 | 
{0.0: 17918, 1.0: 1706, -1.0: 594}
Iter-0: 105.5/28.29 | Iter-1: 127.35/52.55 | 
{0.0: 17761, 1.0: 1790, -1.0: 667}
Iter-0: 105.14/28.96 | Iter-1: 131.21/54.3 | 
{0.0: 17595, 1.0: 1880, -1.0: 743}
Iter-0: 106.94/28.67 | Iter-1: 125.63/50.35 | 
{0.0: 17242, 1.0: 2072, -1.0: 904}
Iter-0: 105.36/28.35 | Iter-1: 129.32/50.53 | Iter-2: 119.06/41.28 | Iter-3: 98.24/40.55 | Iter-4: 103.37/34.03 | 
{0.0: 17431, 1.0: 1977, -1.0: 810}
Iter-0: 105.53/28.76 | Iter-1: 126.45/48.79 | Iter-2: 118.19/41.92 | Iter-3: 112.97/41.56 | Iter-4: 111.68/41.24 | 
{0.0: 17092, 1.0: 2144, -1.0: 982}
Iter-0: 107.23/29.08 | Iter-1: 130.85/52.88 | Iter-2: 118.04/41.61 | Iter-3: 114.09/40.63 | Iter-4: 107.26/37.83 | 
{0.0: 16810, 1.0: 2275, -1.0: 1133}
Iter-0: 108.41/28.81 | Iter-1: 130.2/51.67 | Iter-2: 122.2/41.39 | Iter-3: 115.6/42.1 | Iter-4: 107.3/38.72 | 
{0.0: 16957, 1.0: 2207, -1.0: 1054}
Iter-0: 108.83/28.87 | Iter-1: 135.48/54.08 | Iter-2: 119.49/40.92 | Iter-3: 117.71/42.48 | Iter-4: 114.71/40.03 | 
prob_mse: 0.111626705576, running time: 850.26711297
1.0 ~~~~~~~~~~~~~~~~~~~~~~~~~~~~~~~~~~~~~~~~~~~~~~~~~~~~~~~~~~~~~~~`
dataset: enron method: Adv-CSL, #attack_edge:10000,T:10,test_ratio: 0.3,gamma:0.01
/network/rit/lab/ceashpc/adil/data/adv_csl/Jan2/random_pgd/enron/enron-attackedges-10000-T-10-testratio-0.3-swap_ratio-0.01-gamma-0.01-realization-0-data-X.pkl
#Rule:743244 Nodes:67392 Edges:743244
0 Creating 10 consumers
{0.0: 18251, 1.0: 1549, -1.0: 418}
{0.0: 18068, 1.0: 1635, -1.0: 515}
{0.0: 17918, 1.0: 1706, -1.0: 594}
{0.0: 17761, 1.0: 1790, -1.0: 667}
{0.0: 17431, 1.0: 1977, -1.0: 810}
{0.0: 17595, 1.0: 1880, -1.0: 743}
{0.0: 17242, 1.0: 2072, -1.0: 904}
{0.0: 17092, 1.0: 2144, -1.0: 982}
{0.0: 16957, 1.0: 2207, -1.0: 1054}
{0.0: 16810, 1.0: 2275, -1.0: 1133}
1 Creating 10 consumers
{0.0: 17761, 1.0: 1790, -1.0: 667}
Iter-0: 122.95/49.73 | Iter-1: 131.21/57.38 | Iter-2: 127.17/53.05 | Iter-3: 124.63/51.86 | Iter-4: 122.65/50.4 | 
{0.0: 18251, 1.0: 1549, -1.0: 418}
Iter-0: 128.16/53.77 | Iter-1: 135.71/60.17 | Iter-2: 133.73/58.12 | Iter-3: 126.25/54.1 | Iter-4: 124.28/52.56 | 
{0.0: 18068, 1.0: 1635, -1.0: 515}
Iter-0: 118.34/46.05 | Iter-1: 133.31/59.08 | Iter-2: 135.63/58.18 | Iter-3: 132.44/56.61 | Iter-4: 129.63/55.26 | 
{0.0: 17918, 1.0: 1706, -1.0: 594}
Iter-0: 124.09/50.79 | Iter-1: 135.13/59.79 | Iter-2: 132.41/55.74 | Iter-3: 129.23/55.1 | Iter-4: 126.4/53.23 | 
{0.0: 17595, 1.0: 1880, -1.0: 743}
Iter-0: 124.53/49.37 | Iter-1: 133.06/56.65 | Iter-2: 133.7/55.29 | Iter-3: 131.03/53.44 | Iter-4: 130.14/52.24 | 
{0.0: 17431, 1.0: 1977, -1.0: 810}
Iter-0: 128.21/49.91 | Iter-1: 136.91/58.3 | Iter-2: 136.09/55.09 | Iter-3: 128.19/53.45 | Iter-4: 125.05/50.16 | 
{0.0: 17242, 1.0: 2072, -1.0: 904}
Iter-0: 127.13/50.43 | Iter-1: 135.11/56.32 | Iter-2: 134.33/54.28 | Iter-3: 132.41/53.79 | Iter-4: 125.04/50.18 | 
{0.0: 17092, 1.0: 2144, -1.0: 982}
Iter-0: 127.38/50.94 | Iter-1: 134.26/57.79 | Iter-2: 133.28/54.73 | Iter-3: 130.54/54.43 | Iter-4: 127.54/51.83 | 
{0.0: 16957, 1.0: 2207, -1.0: 1054}
Iter-0: 125.32/48.62 | Iter-1: 128.81/53.45 | Iter-2: 134.33/52.04 | Iter-3: 130.08/53.91 | Iter-4: 125.31/49.49 | 
{0.0: 16810, 1.0: 2275, -1.0: 1133}
Iter-0: 126.92/49.57 | Iter-1: 133.49/55.77 | Iter-2: 131.93/52.66 | Iter-3: 132.16/53.92 | Iter-4: 122.7/49.15 | 
prob_mse: 0.149090206746, running time: 976.436371803
2.0 ~~~~~~~~~~~~~~~~~~~~~~~~~~~~~~~~~~~~~~~~~~~~~~~~~~~~~~~~~~~~~~~`
dataset: enron method: Adv-CSL, #attack_edge:10000,T:10,test_ratio: 0.3,gamma:0.03
/network/rit/lab/ceashpc/adil/data/adv_csl/Jan2/random_pgd/enron/enron-attackedges-10000-T-10-testratio-0.3-swap_ratio-0.01-gamma-0.03-realization-0-data-X.pkl
#Rule:743244 Nodes:67392 Edges:743244
0 Creating 10 consumers
{0.0: 18251, 1.0: 1549, -1.0: 418}
{0.0: 17918, 1.0: 1706, -1.0: 594}
{0.0: 18068, 1.0: 1635, -1.0: 515}
{0.0: 17761, 1.0: 1790, -1.0: 667}
{0.0: 17595, 1.0: 1880, -1.0: 743}
{0.0: 17431, 1.0: 1977, -1.0: 810}
{0.0: 17242, 1.0: 2072, -1.0: 904}
{0.0: 17092, 1.0: 2144, -1.0: 982}
{0.0: 16957, 1.0: 2207, -1.0: 1054}
{0.0: 16810, 1.0: 2275, -1.0: 1133}
1 Creating 10 consumers
{0.0: 18251, 1.0: 1549, -1.0: 418}
Iter-0: 128.28/54.27 | Iter-1: 137.05/62.66 | Iter-2: 135.85/57.51 | Iter-3: 135.89/58.68 | Iter-4: 131.56/55.66 | 
{0.0: 17761, 1.0: 1790, -1.0: 667}
Iter-0: 126.7/51.96 | Iter-1: 131.37/56.68 | Iter-2: 132.33/55.14 | Iter-3: 130.08/53.62 | Iter-4: 129.33/53.65 | 
{0.0: 17918, 1.0: 1706, -1.0: 594}
Iter-0: 126.87/52.68 | Iter-1: 134.09/58.1 | Iter-2: 132.69/55.53 | Iter-3: 132.6/55.45 | Iter-4: 129.94/52.45 | 
{0.0: 18068, 1.0: 1635, -1.0: 515}
Iter-0: 132.73/55.44 | Iter-1: 138.61/61.54 | Iter-2: 133.22/57.47 | Iter-3: 130.6/56.09 | Iter-4: 131.34/54.89 | 
{0.0: 17595, 1.0: 1880, -1.0: 743}
Iter-0: 125.73/50.79 | Iter-1: 135.57/58.41 | Iter-2: 134.61/54.97 | Iter-3: 128.54/53.1 | Iter-4: 129.54/53.16 | 
{0.0: 17431, 1.0: 1977, -1.0: 810}
Iter-0: 126.41/47.25 | Iter-1: 135.5/57.73 | Iter-2: 134.21/55.36 | Iter-3: 132.72/54.49 | Iter-4: 132.02/53.9 | 
{0.0: 17242, 1.0: 2072, -1.0: 904}
Iter-0: 126.91/49.64 | Iter-1: 137.17/58.29 | Iter-2: 134.33/54.35 | Iter-3: 135.39/55.44 | Iter-4: 127.39/51.39 | 
{0.0: 17092, 1.0: 2144, -1.0: 982}
Iter-0: 126.19/48.58 | Iter-1: 134.72/56.95 | Iter-2: 135.92/55.7 | Iter-3: 132.42/54.66 | Iter-4: 128.16/52.03 | 
{0.0: 16810, 1.0: 2275, -1.0: 1133}
Iter-0: 126.47/48.52 | Iter-1: 137.09/56.76 | Iter-2: 135.19/54.26 | Iter-3: 131.75/53.54 | Iter-4: 123.87/49.44 | 
{0.0: 16957, 1.0: 2207, -1.0: 1054}
Iter-0: 127.32/48.0 | Iter-1: 136.84/57.03 | Iter-2: 134.94/53.6 | Iter-3: 135.08/54.59 | Iter-4: 127.92/52.67 | 
prob_mse: 0.148690397995, running time: 984.011569023
