

--------------------------------------------------
--------------------------------------------------

-------------------Mon, 21 Jan 2019 01:03:57 PM EST---------------------

0 ~~~~~~~~~~~~~~~~~~~~~~~~~~~~~~~~~~~~~~~~~~~~~~~~~~~~~~~~~~~~~~~`
dataset: facebook method: Adv-CSL, #attack_edge:10000,T:10,test_ratio: 0.3,gamma:0.0
/network/rit/lab/ceashpc/adil/data/adv_csl/Jan2/random_noise/facebook/facebook-attackedges-10000-T-10-testratio-0.3-swap_ratio-0.01-gamma-0.0-realization-0-data-X.pkl
#Rule:372936 Nodes:8078 Edges:372936
0 Creating 10 consumers
{0.0: 2252, 1.0: 61, -1.0: 111}

{0.0: 2232, 1.0: 65, -1.0: 127}

{0.0: 2215, 1.0: 74, -1.0: 135}

{0.0: 2190, 1.0: 87, -1.0: 147}

{0.0: 2140, 1.0: 113, -1.0: 171}

{0.0: 2160, 1.0: 103, -1.0: 161}

{0.0: 2121, 1.0: 125, -1.0: 178}

{0.0: 2093, 1.0: 142, -1.0: 189}

{0.0: 2070, 1.0: 156, -1.0: 198}

{0.0: 2059, 1.0: 166, -1.0: 199}

1 Creating 10 consumers
{0.0: 2140, 1.0: 113, -1.0: 171}

{0.0: 2160, 1.0: 103, -1.0: 161}

{0.0: 2190, 1.0: 87, -1.0: 147}

{0.0: 2121, 1.0: 125, -1.0: 178}

{0.0: 2232, 1.0: 65, -1.0: 127}
Iter-0: 9.93/3.48 | Iter-1: 11.98/5.56 | 
{0.0: 2215, 1.0: 74, -1.0: 135}
Iter-0: 10.5/3.45 | Iter-1: 11.89/5.37 | 
{0.0: 2252, 1.0: 61, -1.0: 111}
Iter-0: 12.06/3.78 | Iter-1: 12.46/5.91 | 
{0.0: 2093, 1.0: 142, -1.0: 189}
Iter-0: 9.76/3.45 | Iter-1: 11.71/5.36 | 
{0.0: 2070, 1.0: 156, -1.0: 198}
Iter-0: 9.73/3.44 | Iter-1: 11.28/5.08 | 
{0.0: 2059, 1.0: 166, -1.0: 199}
Iter-0: 9.95/3.45 | Iter-1: 11.7/5.31 | 
prob_mse: 0.0932822057206, running time: 59.5327198505
1.0 ~~~~~~~~~~~~~~~~~~~~~~~~~~~~~~~~~~~~~~~~~~~~~~~~~~~~~~~~~~~~~~~`
dataset: facebook method: Adv-CSL, #attack_edge:10000,T:10,test_ratio: 0.3,gamma:0.01
/network/rit/lab/ceashpc/adil/data/adv_csl/Jan2/random_noise/facebook/facebook-attackedges-10000-T-10-testratio-0.3-swap_ratio-0.01-gamma-0.01-realization-0-data-X.pkl
#Rule:372936 Nodes:8078 Edges:372936
0 Creating 10 consumers
{0.0: 2252, 1.0: 61, -1.0: 111}

{0.0: 2232, 1.0: 65, -1.0: 127}

{0.0: 2190, 1.0: 87, -1.0: 147}

{0.0: 2215, 1.0: 74, -1.0: 135}

{0.0: 2160, 1.0: 103, -1.0: 161}

{0.0: 2140, 1.0: 113, -1.0: 171}

{0.0: 2093, 1.0: 142, -1.0: 189}

{0.0: 2070, 1.0: 156, -1.0: 198}

{0.0: 2121, 1.0: 125, -1.0: 178}

{0.0: 2059, 1.0: 166, -1.0: 199}

1 Creating 10 consumers
{0.0: 2190, 1.0: 87, -1.0: 147}

{0.0: 2160, 1.0: 103, -1.0: 161}

{0.0: 2140, 1.0: 113, -1.0: 171}

{0.0: 2121, 1.0: 125, -1.0: 178}

{0.0: 2232, 1.0: 65, -1.0: 127}
Iter-0: 13.26/6.94 | Iter-1: 12.25/6.14 | Iter-2: 11.7/5.62 | Iter-3: 11.87/5.77 | Iter-4: 11.77/5.66 | 
{0.0: 2252, 1.0: 61, -1.0: 111}
Iter-0: 13.4/7.01 | Iter-1: 12.37/6.11 | Iter-2: 11.83/5.68 | Iter-3: 11.89/5.73 | Iter-4: 11.82/5.65 | 
{0.0: 2215, 1.0: 74, -1.0: 135}
Iter-0: 13.56/6.91 | Iter-1: 12.52/6.12 | Iter-2: 11.89/5.52 | Iter-3: 12.07/5.68 | Iter-4: 12.12/5.58 | 
{0.0: 2093, 1.0: 142, -1.0: 189}
Iter-0: 12.92/6.63 | Iter-1: 12.05/5.87 | Iter-2: 11.67/5.5 | Iter-3: 11.83/5.66 | Iter-4: 11.79/5.65 | 
{0.0: 2070, 1.0: 156, -1.0: 198}
Iter-0: 13.72/6.9 | Iter-1: 12.04/5.82 | Iter-2: 12.68/5.46 | Iter-3: 11.88/5.61 | Iter-4: 11.57/5.54 | 
{0.0: 2059, 1.0: 166, -1.0: 199}
Iter-0: 12.98/6.58 | Iter-1: 12.54/5.97 | Iter-2: 11.82/5.47 | Iter-3: 12.43/5.62 | Iter-4: 11.73/5.55 | 
prob_mse: 0.193325770077, running time: 92.7708759308
2.0 ~~~~~~~~~~~~~~~~~~~~~~~~~~~~~~~~~~~~~~~~~~~~~~~~~~~~~~~~~~~~~~~`
dataset: facebook method: Adv-CSL, #attack_edge:10000,T:10,test_ratio: 0.3,gamma:0.03
/network/rit/lab/ceashpc/adil/data/adv_csl/Jan2/random_noise/facebook/facebook-attackedges-10000-T-10-testratio-0.3-swap_ratio-0.01-gamma-0.03-realization-0-data-X.pkl
#Rule:372936 Nodes:8078 Edges:372936
0 Creating 10 consumers
{0.0: 2190, 1.0: 87, -1.0: 147}

{0.0: 2232, 1.0: 65, -1.0: 127}

{0.0: 2252, 1.0: 61, -1.0: 111}

{0.0: 2215, 1.0: 74, -1.0: 135}

{0.0: 2160, 1.0: 103, -1.0: 161}

{0.0: 2121, 1.0: 125, -1.0: 178}

{0.0: 2140, 1.0: 113, -1.0: 171}

{0.0: 2093, 1.0: 142, -1.0: 189}

{0.0: 2070, 1.0: 156, -1.0: 198}

{0.0: 2059, 1.0: 166, -1.0: 199}

1 Creating 10 consumers
{0.0: 2190, 1.0: 87, -1.0: 147}

{0.0: 2160, 1.0: 103, -1.0: 161}

{0.0: 2140, 1.0: 113, -1.0: 171}

{0.0: 2121, 1.0: 125, -1.0: 178}

{0.0: 2232, 1.0: 65, -1.0: 127}
Iter-0: 13.08/6.83 | Iter-1: 12.17/6.24 | Iter-2: 11.85/5.74 | Iter-3: 11.59/5.68 | Iter-4: 11.58/5.65 | 
{0.0: 2215, 1.0: 74, -1.0: 135}
Iter-0: 13.17/6.81 | Iter-1: 12.63/6.62 | Iter-2: 11.9/5.71 | Iter-3: 11.66/5.67 | Iter-4: 11.65/5.64 | 
{0.0: 2093, 1.0: 142, -1.0: 189}
Iter-0: 12.78/6.55 | Iter-1: 12.62/6.42 | Iter-2: 12.08/5.74 | Iter-3: 12.14/5.82 | Iter-4: 11.77/5.73 | 
{0.0: 2070, 1.0: 156, -1.0: 198}
Iter-0: 12.77/6.52 | Iter-1: 12.42/6.18 | Iter-2: 12.11/5.73 | Iter-3: 11.96/5.73 | Iter-4: 11.91/5.73 | 
{0.0: 2059, 1.0: 166, -1.0: 199}
Iter-0: 12.7/6.48 | Iter-1: 13.0/6.82 | Iter-2: 12.04/5.69 | Iter-3: 12.54/6.26 | Iter-4: 11.65/5.67 | 
{0.0: 2252, 1.0: 61, -1.0: 111}
Iter-0: 14.66/7.73 | Iter-1: 14.89/8.36 | Iter-2: 13.32/6.49 | Iter-3: 14.31/7.79 | Iter-4: 12.3/6.3 | 
prob_mse: 0.193394526953, running time: 94.6998710632
3.0 ~~~~~~~~~~~~~~~~~~~~~~~~~~~~~~~~~~~~~~~~~~~~~~~~~~~~~~~~~~~~~~~`
dataset: facebook method: Adv-CSL, #attack_edge:10000,T:10,test_ratio: 0.3,gamma:0.05
/network/rit/lab/ceashpc/adil/data/adv_csl/Jan2/random_noise/facebook/facebook-attackedges-10000-T-10-testratio-0.3-swap_ratio-0.01-gamma-0.05-realization-0-data-X.pkl
#Rule:372936 Nodes:8078 Edges:372936
0 Creating 10 consumers
{0.0: 2252, 1.0: 61, -1.0: 111}

{0.0: 2232, 1.0: 65, -1.0: 127}

{0.0: 2190, 1.0: 87, -1.0: 147}

{0.0: 2160, 1.0: 103, -1.0: 161}

{0.0: 2215, 1.0: 74, -1.0: 135}

{0.0: 2140, 1.0: 113, -1.0: 171}

{0.0: 2121, 1.0: 125, -1.0: 178}

{0.0: 2093, 1.0: 142, -1.0: 189}

{0.0: 2070, 1.0: 156, -1.0: 198}

{0.0: 2059, 1.0: 166, -1.0: 199}

1 Creating 10 consumers
{0.0: 2190, 1.0: 87, -1.0: 147}

{0.0: 2160, 1.0: 103, -1.0: 161}

{0.0: 2140, 1.0: 113, -1.0: 171}

{0.0: 2121, 1.0: 125, -1.0: 178}

{0.0: 2252, 1.0: 61, -1.0: 111}
Iter-0: 13.63/6.92 | Iter-1: 12.46/6.5 | Iter-2: 12.71/6.77 | Iter-3: 11.73/5.81 | Iter-4: 12.45/5.79 | 
{0.0: 2215, 1.0: 74, -1.0: 135}
Iter-0: 13.31/6.81 | Iter-1: 12.87/6.49 | Iter-2: 12.52/6.1 | Iter-3: 12.45/6.06 | Iter-4: 12.87/6.46 | 
{0.0: 2070, 1.0: 156, -1.0: 198}
Iter-0: 12.74/6.5 | Iter-1: 12.55/6.31 | Iter-2: 12.22/5.83 | Iter-3: 12.08/5.81 | Iter-4: 12.26/6.04 | 
{0.0: 2093, 1.0: 142, -1.0: 189}
Iter-0: 12.87/6.6 | Iter-1: 12.95/6.31 | Iter-2: 12.58/5.88 | Iter-3: 12.51/5.85 | Iter-4: 12.55/6.12 | 
{0.0: 2059, 1.0: 166, -1.0: 199}
Iter-0: 13.94/6.61 | Iter-1: 12.04/5.99 | Iter-2: 13.08/5.59 | Iter-3: 11.58/5.54 | Iter-4: 11.7/5.54 | 
{0.0: 2232, 1.0: 65, -1.0: 127}
Iter-0: 13.19/6.89 | Iter-1: 13.54/6.96 | Iter-2: 13.17/6.61 | Iter-3: 13.07/6.53 | Iter-4: 14.43/7.92 | 
prob_mse: 0.192569444444, running time: 94.4300968647
4.0 ~~~~~~~~~~~~~~~~~~~~~~~~~~~~~~~~~~~~~~~~~~~~~~~~~~~~~~~~~~~~~~~`
dataset: facebook method: Adv-CSL, #attack_edge:10000,T:10,test_ratio: 0.3,gamma:0.07
/network/rit/lab/ceashpc/adil/data/adv_csl/Jan2/random_noise/facebook/facebook-attackedges-10000-T-10-testratio-0.3-swap_ratio-0.01-gamma-0.07-realization-0-data-X.pkl
#Rule:372936 Nodes:8078 Edges:372936
0 Creating 10 consumers
{0.0: 2252, 1.0: 61, -1.0: 111}

{0.0: 2215, 1.0: 74, -1.0: 135}

{0.0: 2232, 1.0: 65, -1.0: 127}

{0.0: 2160, 1.0: 103, -1.0: 161}

{0.0: 2140, 1.0: 113, -1.0: 171}

{0.0: 2121, 1.0: 125, -1.0: 178}

{0.0: 2093, 1.0: 142, -1.0: 189}

{0.0: 2190, 1.0: 87, -1.0: 147}

{0.0: 2070, 1.0: 156, -1.0: 198}

{0.0: 2059, 1.0: 166, -1.0: 199}

1 Creating 10 consumers
{0.0: 2190, 1.0: 87, -1.0: 147}

{0.0: 2160, 1.0: 103, -1.0: 161}

{0.0: 2140, 1.0: 113, -1.0: 171}

{0.0: 2121, 1.0: 125, -1.0: 178}

{0.0: 2093, 1.0: 142, -1.0: 189}
Iter-0: 12.88/6.63 | Iter-1: 12.05/6.15 | Iter-2: 11.69/5.79 | Iter-3: 11.65/5.74 | Iter-4: 11.63/5.73 | 
{0.0: 2252, 1.0: 61, -1.0: 111}
Iter-0: 13.41/6.96 | Iter-1: 13.42/6.99 | Iter-2: 12.8/6.41 | Iter-3: 12.97/6.53 | Iter-4: 12.66/6.27 | 
{0.0: 2059, 1.0: 166, -1.0: 199}
Iter-0: 12.82/6.62 | Iter-1: 12.16/6.16 | Iter-2: 11.77/5.8 | Iter-3: 11.72/5.76 | Iter-4: 11.76/5.76 | 
{0.0: 2232, 1.0: 65, -1.0: 127}
Iter-0: 13.54/6.93 | Iter-1: 13.36/6.8 | Iter-2: 12.92/6.4 | Iter-3: 13.07/6.47 | Iter-4: 12.77/6.29 | 
{0.0: 2070, 1.0: 156, -1.0: 198}
Iter-0: 12.84/6.59 | Iter-1: 14.1/7.9 | Iter-2: 12.22/5.99 | Iter-3: 12.25/6.0 | Iter-4: 12.04/5.97 | 
{0.0: 2215, 1.0: 74, -1.0: 135}
Iter-0: 15.15/7.72 | Iter-1: 14.08/7.7 | Iter-2: 13.02/6.69 | Iter-3: 12.92/6.6 | Iter-4: 12.7/6.58 | 
prob_mse: 0.19232879538, running time: 95.258161068
5.0 ~~~~~~~~~~~~~~~~~~~~~~~~~~~~~~~~~~~~~~~~~~~~~~~~~~~~~~~~~~~~~~~`
dataset: facebook method: Adv-CSL, #attack_edge:10000,T:10,test_ratio: 0.3,gamma:0.09
/network/rit/lab/ceashpc/adil/data/adv_csl/Jan2/random_noise/facebook/facebook-attackedges-10000-T-10-testratio-0.3-swap_ratio-0.01-gamma-0.09-realization-0-data-X.pkl
#Rule:372936 Nodes:8078 Edges:372936
0 Creating 10 consumers
{0.0: 2252, 1.0: 61, -1.0: 111}

{0.0: 2215, 1.0: 74, -1.0: 135}

{0.0: 2160, 1.0: 103, -1.0: 161}

{0.0: 2190, 1.0: 87, -1.0: 147}

{0.0: 2232, 1.0: 65, -1.0: 127}

{0.0: 2140, 1.0: 113, -1.0: 171}

{0.0: 2093, 1.0: 142, -1.0: 189}

{0.0: 2121, 1.0: 125, -1.0: 178}

{0.0: 2070, 1.0: 156, -1.0: 198}

{0.0: 2059, 1.0: 166, -1.0: 199}

1 Creating 10 consumers
{0.0: 2190, 1.0: 87, -1.0: 147}

{0.0: 2160, 1.0: 103, -1.0: 161}

{0.0: 2140, 1.0: 113, -1.0: 171}

{0.0: 2121, 1.0: 125, -1.0: 178}

{0.0: 2215, 1.0: 74, -1.0: 135}
Iter-0: 13.08/6.82 | Iter-1: 12.96/6.71 | Iter-2: 12.87/6.62 | Iter-3: 12.48/6.25 | Iter-4: 12.71/6.26 | 
{0.0: 2093, 1.0: 142, -1.0: 189}
Iter-0: 12.94/6.58 | Iter-1: 12.78/6.49 | Iter-2: 12.44/6.18 | Iter-3: 12.33/6.08 | Iter-4: 12.35/6.11 | 
{0.0: 2232, 1.0: 65, -1.0: 127}
Iter-0: 14.4/7.69 | Iter-1: 12.88/6.55 | Iter-2: 13.33/6.97 | Iter-3: 12.33/6.05 | Iter-4: 13.35/6.97 | 
{0.0: 2070, 1.0: 156, -1.0: 198}
Iter-0: 12.91/6.52 | Iter-1: 12.77/6.49 | Iter-2: 12.78/6.54 | Iter-3: 12.31/6.06 | Iter-4: 12.54/6.34 | 
{0.0: 2059, 1.0: 166, -1.0: 199}
Iter-0: 13.97/7.73 | Iter-1: 12.1/6.12 | Iter-2: 13.14/7.08 | Iter-3: 11.76/5.74 | Iter-4: 12.0/5.93 | 
{0.0: 2252, 1.0: 61, -1.0: 111}
Iter-0: 14.54/7.77 | Iter-1: 13.79/7.39 | Iter-2: 14.82/8.34 | Iter-3: 13.21/6.78 | Iter-4: 14.53/8.4 | 
prob_mse: 0.191813118812, running time: 96.3324871063
6.0 ~~~~~~~~~~~~~~~~~~~~~~~~~~~~~~~~~~~~~~~~~~~~~~~~~~~~~~~~~~~~~~~`
dataset: facebook method: Adv-CSL, #attack_edge:10000,T:10,test_ratio: 0.3,gamma:0.2
/network/rit/lab/ceashpc/adil/data/adv_csl/Jan2/random_noise/facebook/facebook-attackedges-10000-T-10-testratio-0.3-swap_ratio-0.01-gamma-0.2-realization-0-data-X.pkl
#Rule:372936 Nodes:8078 Edges:372936
0 Creating 10 consumers
{0.0: 2232, 1.0: 65, -1.0: 127}

{0.0: 2252, 1.0: 61, -1.0: 111}

{0.0: 2215, 1.0: 74, -1.0: 135}

{0.0: 2190, 1.0: 87, -1.0: 147}

{0.0: 2160, 1.0: 103, -1.0: 161}

{0.0: 2140, 1.0: 113, -1.0: 171}

{0.0: 2070, 1.0: 156, -1.0: 198}

{0.0: 2121, 1.0: 125, -1.0: 178}

{0.0: 2059, 1.0: 166, -1.0: 199}

{0.0: 2093, 1.0: 142, -1.0: 189}

1 Creating 10 consumers
{0.0: 2160, 1.0: 103, -1.0: 161}

{0.0: 2190, 1.0: 87, -1.0: 147}

{0.0: 2140, 1.0: 113, -1.0: 171}

{0.0: 2121, 1.0: 125, -1.0: 178}

{0.0: 2232, 1.0: 65, -1.0: 127}
Iter-0: 13.06/6.82 | Iter-1: 12.68/6.74 | Iter-2: 12.45/6.33 | Iter-3: 12.18/6.28 | Iter-4: 12.2/6.3 | 
{0.0: 2252, 1.0: 61, -1.0: 111}
Iter-0: 13.61/6.94 | Iter-1: 13.19/6.84 | Iter-2: 12.97/6.41 | Iter-3: 12.71/6.37 | Iter-4: 12.69/6.35 | 
{0.0: 2093, 1.0: 142, -1.0: 189}
Iter-0: 12.86/6.6 | Iter-1: 12.99/6.76 | Iter-2: 12.81/6.4 | Iter-3: 12.57/6.37 | Iter-4: 12.43/6.36 | 
{0.0: 2070, 1.0: 156, -1.0: 198}
Iter-0: 12.72/6.5 | Iter-1: 12.9/6.66 | Iter-2: 12.66/6.29 | Iter-3: 12.43/6.26 | Iter-4: 12.38/6.27 | 
{0.0: 2059, 1.0: 166, -1.0: 199}
Iter-0: 12.88/6.54 | Iter-1: 13.05/6.69 | Iter-2: 12.82/6.31 | Iter-3: 12.59/6.29 | Iter-4: 12.41/6.33 | 
{0.0: 2215, 1.0: 74, -1.0: 135}
Iter-0: 14.27/7.6 | Iter-1: 13.64/7.37 | Iter-2: 14.84/6.99 | Iter-3: 13.22/6.95 | Iter-4: 14.02/6.97 | 
prob_mse: 0.188684680968, running time: 97.6101989746
7.0 ~~~~~~~~~~~~~~~~~~~~~~~~~~~~~~~~~~~~~~~~~~~~~~~~~~~~~~~~~~~~~~~`
dataset: facebook method: Adv-CSL, #attack_edge:10000,T:10,test_ratio: 0.3,gamma:0.3
/network/rit/lab/ceashpc/adil/data/adv_csl/Jan2/random_noise/facebook/facebook-attackedges-10000-T-10-testratio-0.3-swap_ratio-0.01-gamma-0.3-realization-0-data-X.pkl
#Rule:372936 Nodes:8078 Edges:372936
0 Creating 10 consumers
{0.0: 2232, 1.0: 65, -1.0: 127}

{0.0: 2190, 1.0: 87, -1.0: 147}

{0.0: 2252, 1.0: 61, -1.0: 111}

{0.0: 2215, 1.0: 74, -1.0: 135}

{0.0: 2160, 1.0: 103, -1.0: 161}

{0.0: 2140, 1.0: 113, -1.0: 171}

{0.0: 2093, 1.0: 142, -1.0: 189}

{0.0: 2121, 1.0: 125, -1.0: 178}

{0.0: 2070, 1.0: 156, -1.0: 198}

{0.0: 2059, 1.0: 166, -1.0: 199}

1 Creating 10 consumers
{0.0: 2190, 1.0: 87, -1.0: 147}

{0.0: 2140, 1.0: 113, -1.0: 171}

{0.0: 2121, 1.0: 125, -1.0: 178}

{0.0: 2160, 1.0: 103, -1.0: 161}

{0.0: 2215, 1.0: 74, -1.0: 135}
Iter-0: 13.21/6.8 | Iter-1: 12.97/7.0 | Iter-2: 12.21/6.3 | Iter-3: 12.24/6.33 | Iter-4: 12.29/6.36 | 
{0.0: 2252, 1.0: 61, -1.0: 111}
Iter-0: 13.71/7.04 | Iter-1: 13.92/7.32 | Iter-2: 13.07/6.69 | Iter-3: 13.11/6.72 | Iter-4: 12.81/6.52 | 
{0.0: 2059, 1.0: 166, -1.0: 199}
Iter-0: 13.08/6.52 | Iter-1: 12.73/6.58 | Iter-2: 12.05/6.0 | Iter-3: 12.19/6.11 | Iter-4: 12.33/6.13 | 
{0.0: 2070, 1.0: 156, -1.0: 198}
Iter-0: 13.03/6.56 | Iter-1: 13.27/7.04 | Iter-2: 12.48/6.28 | Iter-3: 12.5/6.42 | Iter-4: 12.23/6.23 | 
{0.0: 2093, 1.0: 142, -1.0: 189}
Iter-0: 13.5/6.61 | Iter-1: 13.57/7.0 | Iter-2: 12.85/6.33 | Iter-3: 12.91/6.46 | Iter-4: 12.7/6.36 | 
{0.0: 2232, 1.0: 65, -1.0: 127}
Iter-0: 14.68/7.61 | Iter-1: 15.88/7.82 | Iter-2: 13.56/7.13 | Iter-3: 15.01/7.17 | Iter-4: 13.28/7.13 | 
prob_mse: 0.184455968097, running time: 98.6894171238
8.0 ~~~~~~~~~~~~~~~~~~~~~~~~~~~~~~~~~~~~~~~~~~~~~~~~~~~~~~~~~~~~~~~`
dataset: facebook method: Adv-CSL, #attack_edge:10000,T:10,test_ratio: 0.3,gamma:0.4
/network/rit/lab/ceashpc/adil/data/adv_csl/Jan2/random_noise/facebook/facebook-attackedges-10000-T-10-testratio-0.3-swap_ratio-0.01-gamma-0.4-realization-0-data-X.pkl
#Rule:372936 Nodes:8078 Edges:372936
0 Creating 10 consumers
{0.0: 2232, 1.0: 65, -1.0: 127}

{0.0: 2252, 1.0: 61, -1.0: 111}

{0.0: 2215, 1.0: 74, -1.0: 135}

{0.0: 2190, 1.0: 87, -1.0: 147}

{0.0: 2160, 1.0: 103, -1.0: 161}

{0.0: 2140, 1.0: 113, -1.0: 171}

{0.0: 2121, 1.0: 125, -1.0: 178}

{0.0: 2093, 1.0: 142, -1.0: 189}

{0.0: 2070, 1.0: 156, -1.0: 198}

{0.0: 2059, 1.0: 166, -1.0: 199}

1 Creating 10 consumers
{0.0: 2190, 1.0: 87, -1.0: 147}

{0.0: 2140, 1.0: 113, -1.0: 171}

{0.0: 2160, 1.0: 103, -1.0: 161}

{0.0: 2121, 1.0: 125, -1.0: 178}

{0.0: 2252, 1.0: 61, -1.0: 111}
Iter-0: 13.1/6.93 | Iter-1: 13.15/7.27 | Iter-2: 12.17/6.33 | Iter-3: 12.61/6.69 | Iter-4: 12.35/6.47 | 
{0.0: 2232, 1.0: 65, -1.0: 127}
Iter-0: 13.19/6.96 | Iter-1: 13.6/7.47 | Iter-2: 12.74/6.62 | Iter-3: 13.02/6.84 | Iter-4: 12.94/6.8 | 
{0.0: 2070, 1.0: 156, -1.0: 198}
Iter-0: 12.85/6.59 | Iter-1: 13.15/7.0 | Iter-2: 12.43/6.26 | Iter-3: 12.7/6.5 | Iter-4: 13.03/6.43 | 
{0.0: 2059, 1.0: 166, -1.0: 199}
Iter-0: 12.81/6.54 | Iter-1: 13.14/6.74 | Iter-2: 13.1/6.27 | Iter-3: 12.61/6.31 | Iter-4: 12.42/6.19 | 
{0.0: 2093, 1.0: 142, -1.0: 189}
Iter-0: 13.31/6.62 | Iter-1: 13.71/7.58 | Iter-2: 12.4/6.26 | Iter-3: 13.79/7.63 | Iter-4: 12.49/6.47 | 
{0.0: 2215, 1.0: 74, -1.0: 135}
Iter-0: 15.7/9.06 | Iter-1: 14.09/7.87 | Iter-2: 14.76/8.41 | Iter-3: 13.45/7.25 | Iter-4: 14.52/8.61 | 
prob_mse: 0.181877585259, running time: 99.6647558212
9.0 ~~~~~~~~~~~~~~~~~~~~~~~~~~~~~~~~~~~~~~~~~~~~~~~~~~~~~~~~~~~~~~~`
dataset: facebook method: Adv-CSL, #attack_edge:10000,T:10,test_ratio: 0.3,gamma:0.5
/network/rit/lab/ceashpc/adil/data/adv_csl/Jan2/random_noise/facebook/facebook-attackedges-10000-T-10-testratio-0.3-swap_ratio-0.01-gamma-0.5-realization-0-data-X.pkl
#Rule:372936 Nodes:8078 Edges:372936
0 Creating 10 consumers
{0.0: 2252, 1.0: 61, -1.0: 111}

{0.0: 2215, 1.0: 74, -1.0: 135}

{0.0: 2232, 1.0: 65, -1.0: 127}

{0.0: 2190, 1.0: 87, -1.0: 147}

{0.0: 2160, 1.0: 103, -1.0: 161}

{0.0: 2140, 1.0: 113, -1.0: 171}

{0.0: 2121, 1.0: 125, -1.0: 178}

{0.0: 2093, 1.0: 142, -1.0: 189}

{0.0: 2070, 1.0: 156, -1.0: 198}

{0.0: 2059, 1.0: 166, -1.0: 199}

1 Creating 10 consumers
{0.0: 2140, 1.0: 113, -1.0: 171}

{0.0: 2160, 1.0: 103, -1.0: 161}

{0.0: 2121, 1.0: 125, -1.0: 178}

{0.0: 2190, 1.0: 87, -1.0: 147}

{0.0: 2252, 1.0: 61, -1.0: 111}
Iter-0: 13.29/6.92 | Iter-1: 14.11/8.21 | Iter-2: 12.18/6.28 | Iter-3: 13.49/7.2 | Iter-4: 12.52/6.6 | 
{0.0: 2093, 1.0: 142, -1.0: 189}
Iter-0: 12.98/6.55 | Iter-1: 12.88/6.87 | Iter-2: 11.8/5.94 | Iter-3: 12.43/6.38 | Iter-4: 12.31/6.4 | 
{0.0: 2232, 1.0: 65, -1.0: 127}
Iter-0: 13.4/6.87 | Iter-1: 13.74/7.5 | Iter-2: 12.76/6.51 | Iter-3: 13.08/6.84 | Iter-4: 13.04/6.81 | 
{0.0: 2059, 1.0: 166, -1.0: 199}
Iter-0: 12.86/6.48 | Iter-1: 13.18/7.01 | Iter-2: 12.28/6.1 | Iter-3: 12.63/6.47 | Iter-4: 12.61/6.47 | 
{0.0: 2215, 1.0: 74, -1.0: 135}
Iter-0: 13.45/6.85 | Iter-1: 15.1/8.75 | Iter-2: 12.8/6.45 | Iter-3: 13.15/6.81 | Iter-4: 13.07/6.77 | 
{0.0: 2070, 1.0: 156, -1.0: 198}
Iter-0: 12.9/6.49 | Iter-1: 14.04/7.6 | Iter-2: 13.01/6.58 | Iter-3: 15.05/8.59 | Iter-4: 13.04/6.92 | 
prob_mse: 0.179230363036, running time: 98.7465209961
10.0 ~~~~~~~~~~~~~~~~~~~~~~~~~~~~~~~~~~~~~~~~~~~~~~~~~~~~~~~~~~~~~~~`
dataset: facebook method: Adv-CSL, #attack_edge:10000,T:10,test_ratio: 0.3,gamma:0.0
/network/rit/lab/ceashpc/adil/data/adv_csl/Jan2/random_noise/facebook/facebook-attackedges-10000-T-10-testratio-0.3-swap_ratio-0.01-gamma-0.0-realization-1-data-X.pkl
#Rule:372936 Nodes:8078 Edges:372936
0 Creating 10 consumers
{0.0: 2259, 1.0: 70, -1.0: 95}

{0.0: 2218, 1.0: 91, -1.0: 115}

{0.0: 2236, 1.0: 81, -1.0: 107}

{0.0: 2193, 1.0: 100, -1.0: 131}

{0.0: 2169, 1.0: 111, -1.0: 144}

{0.0: 2144, 1.0: 129, -1.0: 151}

{0.0: 2115, 1.0: 139, -1.0: 170}

{0.0: 2094, 1.0: 145, -1.0: 185}

{0.0: 2080, 1.0: 151, -1.0: 193}

{0.0: 2056, 1.0: 163, -1.0: 205}

1 Creating 10 consumers
{0.0: 2169, 1.0: 111, -1.0: 144}

{0.0: 2144, 1.0: 129, -1.0: 151}

{0.0: 2115, 1.0: 139, -1.0: 170}

{0.0: 2259, 1.0: 70, -1.0: 95}
Iter-0: 9.75/3.44 | Iter-1: 12.01/5.56 | 
{0.0: 2236, 1.0: 81, -1.0: 107}
Iter-0: 9.76/3.45 | Iter-1: 11.98/5.56 | 
{0.0: 2193, 1.0: 100, -1.0: 131}
Iter-0: 10.01/3.47 | Iter-1: 11.95/5.47 | 
{0.0: 2218, 1.0: 91, -1.0: 115}
Iter-0: 9.93/3.45 | Iter-1: 12.26/5.65 | 
{0.0: 2094, 1.0: 145, -1.0: 185}
Iter-0: 10.19/3.66 | Iter-1: 11.49/5.3 | Iter-2: 10.51/4.06 | Iter-3: 9.94/4.28 | Iter-4: 10.38/4.37 | 
{0.0: 2080, 1.0: 151, -1.0: 193}
Iter-0: 9.71/3.44 | Iter-1: 12.01/5.39 | Iter-2: 10.35/4.09 | Iter-3: 10.28/4.46 | Iter-4: 10.54/4.58 | 
{0.0: 2056, 1.0: 163, -1.0: 205}
Iter-0: 9.8/3.43 | Iter-1: 11.75/5.37 | Iter-2: 10.37/4.06 | Iter-3: 10.5/4.3 | Iter-4: 10.79/4.46 | 
prob_mse: 0.0963084158416, running time: 82.02293396
11.0 ~~~~~~~~~~~~~~~~~~~~~~~~~~~~~~~~~~~~~~~~~~~~~~~~~~~~~~~~~~~~~~~`
dataset: facebook method: Adv-CSL, #attack_edge:10000,T:10,test_ratio: 0.3,gamma:0.01
/network/rit/lab/ceashpc/adil/data/adv_csl/Jan2/random_noise/facebook/facebook-attackedges-10000-T-10-testratio-0.3-swap_ratio-0.01-gamma-0.01-realization-1-data-X.pkl
#Rule:372936 Nodes:8078 Edges:372936
0 Creating 10 consumers
{0.0: 2236, 1.0: 81, -1.0: 107}

{0.0: 2259, 1.0: 70, -1.0: 95}

{0.0: 2193, 1.0: 100, -1.0: 131}

{0.0: 2218, 1.0: 91, -1.0: 115}

{0.0: 2144, 1.0: 129, -1.0: 151}

{0.0: 2169, 1.0: 111, -1.0: 144}

{0.0: 2115, 1.0: 139, -1.0: 170}

{0.0: 2094, 1.0: 145, -1.0: 185}

{0.0: 2080, 1.0: 151, -1.0: 193}

{0.0: 2056, 1.0: 163, -1.0: 205}

1 Creating 10 consumers
{0.0: 2169, 1.0: 111, -1.0: 144}

{0.0: 2144, 1.0: 129, -1.0: 151}

{0.0: 2115, 1.0: 139, -1.0: 170}

{0.0: 2218, 1.0: 91, -1.0: 115}
Iter-0: 13.22/6.78 | Iter-1: 12.54/6.07 | Iter-2: 12.23/5.92 | Iter-3: 11.99/5.74 | Iter-4: 13.23/6.96 | 
{0.0: 2259, 1.0: 70, -1.0: 95}
Iter-0: 14.3/7.69 | Iter-1: 13.14/6.77 | Iter-2: 12.66/6.02 | Iter-3: 12.28/5.84 | Iter-4: 12.62/5.97 | 
{0.0: 2236, 1.0: 81, -1.0: 107}
Iter-0: 13.67/6.87 | Iter-1: 12.58/6.1 | Iter-2: 12.38/5.98 | Iter-3: 12.24/5.83 | Iter-4: 12.64/6.21 | 
{0.0: 2094, 1.0: 145, -1.0: 185}
Iter-0: 13.3/6.55 | Iter-1: 12.81/5.89 | Iter-2: 11.96/5.72 | Iter-3: 11.89/5.63 | Iter-4: 12.11/5.86 | 
{0.0: 2080, 1.0: 151, -1.0: 193}
Iter-0: 13.18/6.6 | Iter-1: 12.32/5.86 | Iter-2: 12.12/5.75 | Iter-3: 12.16/5.65 | Iter-4: 12.14/5.63 | 
{0.0: 2193, 1.0: 100, -1.0: 131}
Iter-0: 13.65/6.77 | Iter-1: 12.56/6.02 | Iter-2: 13.2/6.49 | Iter-3: 12.96/6.37 | Iter-4: 12.25/5.75 | 
{0.0: 2056, 1.0: 163, -1.0: 205}
Iter-0: 13.15/6.52 | Iter-1: 13.21/5.87 | Iter-2: 12.2/5.7 | Iter-3: 12.21/5.6 | Iter-4: 12.58/6.26 | 
prob_mse: 0.207078877888, running time: 93.7748241425
12.0 ~~~~~~~~~~~~~~~~~~~~~~~~~~~~~~~~~~~~~~~~~~~~~~~~~~~~~~~~~~~~~~~`
dataset: facebook method: Adv-CSL, #attack_edge:10000,T:10,test_ratio: 0.3,gamma:0.03
/network/rit/lab/ceashpc/adil/data/adv_csl/Jan2/random_noise/facebook/facebook-attackedges-10000-T-10-testratio-0.3-swap_ratio-0.01-gamma-0.03-realization-1-data-X.pkl
#Rule:372936 Nodes:8078 Edges:372936
0 Creating 10 consumers
{0.0: 2218, 1.0: 91, -1.0: 115}

{0.0: 2236, 1.0: 81, -1.0: 107}

{0.0: 2193, 1.0: 100, -1.0: 131}

{0.0: 2144, 1.0: 129, -1.0: 151}

{0.0: 2169, 1.0: 111, -1.0: 144}

{0.0: 2115, 1.0: 139, -1.0: 170}

{0.0: 2259, 1.0: 70, -1.0: 95}

{0.0: 2094, 1.0: 145, -1.0: 185}

{0.0: 2080, 1.0: 151, -1.0: 193}

{0.0: 2056, 1.0: 163, -1.0: 205}

1 Creating 10 consumers
{0.0: 2144, 1.0: 129, -1.0: 151}

{0.0: 2169, 1.0: 111, -1.0: 144}

{0.0: 2115, 1.0: 139, -1.0: 170}

{0.0: 2259, 1.0: 70, -1.0: 95}
Iter-0: 13.53/7.06 | Iter-1: 13.06/6.43 | Iter-2: 12.55/6.15 | Iter-3: 12.39/5.96 | Iter-4: 12.55/5.97 | 
{0.0: 2193, 1.0: 100, -1.0: 131}
Iter-0: 13.04/6.76 | Iter-1: 12.77/6.43 | Iter-2: 12.31/6.06 | Iter-3: 12.49/5.9 | Iter-4: 12.65/5.91 | 
{0.0: 2094, 1.0: 145, -1.0: 185}
Iter-0: 12.81/6.52 | Iter-1: 12.4/6.17 | Iter-2: 12.08/5.87 | Iter-3: 12.01/5.76 | Iter-4: 12.15/5.75 | 
{0.0: 2236, 1.0: 81, -1.0: 107}
Iter-0: 13.32/6.84 | Iter-1: 13.73/7.3 | Iter-2: 12.82/6.13 | Iter-3: 12.45/5.97 | Iter-4: 12.51/5.97 | 
{0.0: 2218, 1.0: 91, -1.0: 115}
Iter-0: 13.38/6.82 | Iter-1: 12.99/6.41 | Iter-2: 12.6/6.1 | Iter-3: 12.8/6.27 | Iter-4: 13.07/6.64 | 
{0.0: 2056, 1.0: 163, -1.0: 205}
Iter-0: 12.81/6.47 | Iter-1: 12.62/6.12 | Iter-2: 12.27/5.84 | Iter-3: 12.45/5.96 | Iter-4: 12.16/5.71 | 
{0.0: 2080, 1.0: 151, -1.0: 193}
Iter-0: 12.79/6.53 | Iter-1: 12.54/6.14 | Iter-2: 14.35/6.41 | Iter-3: 12.5/6.3 | Iter-4: 11.92/5.76 | 
prob_mse: 0.206872689769, running time: 94.1391379833
13.0 ~~~~~~~~~~~~~~~~~~~~~~~~~~~~~~~~~~~~~~~~~~~~~~~~~~~~~~~~~~~~~~~`
dataset: facebook method: Adv-CSL, #attack_edge:10000,T:10,test_ratio: 0.3,gamma:0.05
/network/rit/lab/ceashpc/adil/data/adv_csl/Jan2/random_noise/facebook/facebook-attackedges-10000-T-10-testratio-0.3-swap_ratio-0.01-gamma-0.05-realization-1-data-X.pkl
#Rule:372936 Nodes:8078 Edges:372936
0 Creating 10 consumers
{0.0: 2236, 1.0: 81, -1.0: 107}

{0.0: 2259, 1.0: 70, -1.0: 95}

{0.0: 2218, 1.0: 91, -1.0: 115}

{0.0: 2193, 1.0: 100, -1.0: 131}

{0.0: 2169, 1.0: 111, -1.0: 144}

{0.0: 2115, 1.0: 139, -1.0: 170}

{0.0: 2144, 1.0: 129, -1.0: 151}

{0.0: 2094, 1.0: 145, -1.0: 185}

{0.0: 2080, 1.0: 151, -1.0: 193}

{0.0: 2056, 1.0: 163, -1.0: 205}

1 Creating 10 consumers
{0.0: 2169, 1.0: 111, -1.0: 144}

{0.0: 2144, 1.0: 129, -1.0: 151}

{0.0: 2115, 1.0: 139, -1.0: 170}

{0.0: 2259, 1.0: 70, -1.0: 95}
Iter-0: 13.05/6.84 | Iter-1: 12.85/6.65 | Iter-2: 12.47/6.35 | Iter-3: 12.26/6.1 | Iter-4: 12.3/6.15 | 
{0.0: 2218, 1.0: 91, -1.0: 115}
Iter-0: 13.23/6.82 | Iter-1: 13.2/6.57 | Iter-2: 13.24/6.69 | Iter-3: 12.58/6.05 | Iter-4: 12.96/6.55 | 
{0.0: 2094, 1.0: 145, -1.0: 185}
Iter-0: 12.89/6.59 | Iter-1: 12.69/6.41 | Iter-2: 12.35/6.09 | Iter-3: 12.19/5.94 | Iter-4: 12.24/5.96 | 
{0.0: 2193, 1.0: 100, -1.0: 131}
Iter-0: 13.06/6.77 | Iter-1: 12.96/6.53 | Iter-2: 13.74/6.9 | Iter-3: 13.34/6.7 | Iter-4: 12.4/6.13 | 
{0.0: 2236, 1.0: 81, -1.0: 107}
Iter-0: 15.5/8.71 | Iter-1: 13.72/7.2 | Iter-2: 12.77/6.33 | Iter-3: 12.58/6.11 | Iter-4: 12.85/6.39 | 
{0.0: 2056, 1.0: 163, -1.0: 205}
Iter-0: 12.99/6.55 | Iter-1: 12.93/6.38 | Iter-2: 12.44/6.07 | Iter-3: 12.25/5.88 | Iter-4: 12.21/5.9 | 
{0.0: 2080, 1.0: 151, -1.0: 193}
Iter-0: 12.84/6.57 | Iter-1: 13.04/6.35 | Iter-2: 12.76/6.05 | Iter-3: 12.37/5.88 | Iter-4: 12.75/6.74 | 
prob_mse: 0.205703740374, running time: 94.1589100361
14.0 ~~~~~~~~~~~~~~~~~~~~~~~~~~~~~~~~~~~~~~~~~~~~~~~~~~~~~~~~~~~~~~~`
dataset: facebook method: Adv-CSL, #attack_edge:10000,T:10,test_ratio: 0.3,gamma:0.07
/network/rit/lab/ceashpc/adil/data/adv_csl/Jan2/random_noise/facebook/facebook-attackedges-10000-T-10-testratio-0.3-swap_ratio-0.01-gamma-0.07-realization-1-data-X.pkl
#Rule:372936 Nodes:8078 Edges:372936
0 Creating 10 consumers
{0.0: 2262, 1.0: 64, -1.0: 98}

{0.0: 2223, 1.0: 90, -1.0: 111}

{0.0: 2242, 1.0: 75, -1.0: 107}

{0.0: 2200, 1.0: 101, -1.0: 123}

{0.0: 2181, 1.0: 109, -1.0: 134}

{0.0: 2161, 1.0: 121, -1.0: 142}

{0.0: 2116, 1.0: 143, -1.0: 165}

{0.0: 2106, 1.0: 148, -1.0: 170}

{0.0: 2084, 1.0: 162, -1.0: 178}

{0.0: 2133, 1.0: 138, -1.0: 153}

1 Creating 10 consumers
{0.0: 2200, 1.0: 101, -1.0: 123}

{0.0: 2161, 1.0: 121, -1.0: 142}

{0.0: 2181, 1.0: 109, -1.0: 134}

{0.0: 2262, 1.0: 64, -1.0: 98}
Iter-0: 13.34/6.78 | 
{0.0: 2223, 1.0: 90, -1.0: 111}
Iter-0: 13.35/6.7 | 
{0.0: 2242, 1.0: 75, -1.0: 107}
Iter-0: 13.63/6.71 | 
{0.0: 2133, 1.0: 138, -1.0: 153}
Iter-0: 13.18/6.48 | Iter-1: 12.61/6.41 | Iter-2: 11.33/5.62 | Iter-3: 11.24/5.52 | Iter-4: 11.31/5.57 | 
{0.0: 2116, 1.0: 143, -1.0: 165}
Iter-0: 13.01/6.4 | Iter-1: 12.8/6.47 | Iter-2: 11.81/5.77 | Iter-3: 11.49/5.52 | Iter-4: 11.63/5.64 | 
{0.0: 2106, 1.0: 148, -1.0: 170}
Iter-0: 12.96/6.37 | Iter-1: 13.84/7.54 | Iter-2: 11.77/5.69 | Iter-3: 11.67/5.65 | Iter-4: 11.64/5.65 | 
{0.0: 2084, 1.0: 162, -1.0: 178}
Iter-0: 14.74/6.9 | Iter-1: 13.96/7.37 | Iter-2: 12.3/6.02 | Iter-3: 12.32/6.02 | Iter-4: 13.36/6.02 | 
prob_mse: 0.149013366337, running time: 99.0059249401
15.0 ~~~~~~~~~~~~~~~~~~~~~~~~~~~~~~~~~~~~~~~~~~~~~~~~~~~~~~~~~~~~~~~`
dataset: facebook method: Adv-CSL, #attack_edge:10000,T:10,test_ratio: 0.3,gamma:0.09
/network/rit/lab/ceashpc/adil/data/adv_csl/Jan2/random_noise/facebook/facebook-attackedges-10000-T-10-testratio-0.3-swap_ratio-0.01-gamma-0.09-realization-1-data-X.pkl
#Rule:372936 Nodes:8078 Edges:372936
0 Creating 10 consumers
{0.0: 2262, 1.0: 64, -1.0: 98}

{0.0: 2223, 1.0: 90, -1.0: 111}

{0.0: 2242, 1.0: 75, -1.0: 107}

{0.0: 2200, 1.0: 101, -1.0: 123}

{0.0: 2181, 1.0: 109, -1.0: 134}

{0.0: 2161, 1.0: 121, -1.0: 142}

{0.0: 2133, 1.0: 138, -1.0: 153}

{0.0: 2116, 1.0: 143, -1.0: 165}

{0.0: 2106, 1.0: 148, -1.0: 170}

{0.0: 2084, 1.0: 162, -1.0: 178}

1 Creating 10 consumers
{0.0: 2200, 1.0: 101, -1.0: 123}

{0.0: 2181, 1.0: 109, -1.0: 134}

{0.0: 2161, 1.0: 121, -1.0: 142}

{0.0: 2242, 1.0: 75, -1.0: 107}
Iter-0: 13.09/6.72 | 
{0.0: 2262, 1.0: 64, -1.0: 98}
Iter-0: 13.56/6.76 | 
{0.0: 2223, 1.0: 90, -1.0: 111}
Iter-0: 13.3/6.71 | 
{0.0: 2106, 1.0: 148, -1.0: 170}
Iter-0: 12.72/6.34 | Iter-1: 12.94/6.42 | Iter-2: 11.74/5.72 | Iter-3: 11.94/5.48 | Iter-4: 11.37/5.59 | 
{0.0: 2084, 1.0: 162, -1.0: 178}
Iter-0: 13.69/7.28 | Iter-1: 12.62/6.4 | Iter-2: 11.64/5.6 | Iter-3: 11.28/5.48 | Iter-4: 12.26/5.56 | 
{0.0: 2133, 1.0: 138, -1.0: 153}
Iter-0: 13.1/6.52 | Iter-1: 13.06/6.61 | Iter-2: 12.71/6.35 | Iter-3: 12.64/5.98 | Iter-4: 12.13/5.96 | 
{0.0: 2116, 1.0: 143, -1.0: 165}
Iter-0: 14.14/7.76 | Iter-1: 12.78/6.46 | Iter-2: 12.8/6.07 | Iter-3: 12.61/6.12 | Iter-4: 12.26/5.94 | 
prob_mse: 0.14863520352, running time: 95.7875709534
16.0 ~~~~~~~~~~~~~~~~~~~~~~~~~~~~~~~~~~~~~~~~~~~~~~~~~~~~~~~~~~~~~~~`
dataset: facebook method: Adv-CSL, #attack_edge:10000,T:10,test_ratio: 0.3,gamma:0.2
/network/rit/lab/ceashpc/adil/data/adv_csl/Jan2/random_noise/facebook/facebook-attackedges-10000-T-10-testratio-0.3-swap_ratio-0.01-gamma-0.2-realization-1-data-X.pkl
#Rule:372936 Nodes:8078 Edges:372936
0 Creating 10 consumers
{0.0: 2262, 1.0: 64, -1.0: 98}

{0.0: 2223, 1.0: 90, -1.0: 111}

{0.0: 2242, 1.0: 75, -1.0: 107}

{0.0: 2161, 1.0: 121, -1.0: 142}

{0.0: 2181, 1.0: 109, -1.0: 134}

{0.0: 2133, 1.0: 138, -1.0: 153}

{0.0: 2116, 1.0: 143, -1.0: 165}

{0.0: 2200, 1.0: 101, -1.0: 123}

{0.0: 2084, 1.0: 162, -1.0: 178}

{0.0: 2106, 1.0: 148, -1.0: 170}

1 Creating 10 consumers
{0.0: 2200, 1.0: 101, -1.0: 123}

{0.0: 2181, 1.0: 109, -1.0: 134}

{0.0: 2161, 1.0: 121, -1.0: 142}

{0.0: 2262, 1.0: 64, -1.0: 98}
Iter-0: 13.45/6.82 | 
{0.0: 2223, 1.0: 90, -1.0: 111}
Iter-0: 13.26/6.73 | 
{0.0: 2242, 1.0: 75, -1.0: 107}
Iter-0: 13.39/6.73 | 
{0.0: 2084, 1.0: 162, -1.0: 178}
Iter-0: 12.73/6.32 | Iter-1: 12.99/6.62 | Iter-2: 12.26/5.84 | Iter-3: 11.92/6.15 | Iter-4: 11.51/5.73 | 
{0.0: 2106, 1.0: 148, -1.0: 170}
Iter-0: 12.94/6.38 | Iter-1: 13.09/6.7 | Iter-2: 12.19/5.89 | Iter-3: 12.04/5.88 | Iter-4: 12.44/5.87 | 
{0.0: 2133, 1.0: 138, -1.0: 153}
Iter-0: 13.11/6.5 | Iter-1: 13.29/6.88 | Iter-2: 12.75/6.09 | Iter-3: 12.39/6.04 | Iter-4: 12.39/6.05 | 
{0.0: 2116, 1.0: 143, -1.0: 165}
Iter-0: 12.8/6.4 | Iter-1: 13.33/6.67 | Iter-2: 14.47/6.71 | Iter-3: 12.64/6.75 | Iter-4: 13.77/6.46 | 
prob_mse: 0.146159955996, running time: 97.7444930077
17.0 ~~~~~~~~~~~~~~~~~~~~~~~~~~~~~~~~~~~~~~~~~~~~~~~~~~~~~~~~~~~~~~~`
dataset: facebook method: Adv-CSL, #attack_edge:10000,T:10,test_ratio: 0.3,gamma:0.3
/network/rit/lab/ceashpc/adil/data/adv_csl/Jan2/random_noise/facebook/facebook-attackedges-10000-T-10-testratio-0.3-swap_ratio-0.01-gamma-0.3-realization-1-data-X.pkl
#Rule:372936 Nodes:8078 Edges:372936
0 Creating 10 consumers
{0.0: 2237, 1.0: 79, -1.0: 108}

{0.0: 2196, 1.0: 98, -1.0: 130}

{0.0: 2179, 1.0: 105, -1.0: 140}

{0.0: 2210, 1.0: 86, -1.0: 128}

{0.0: 2156, 1.0: 117, -1.0: 151}

{0.0: 2142, 1.0: 128, -1.0: 154}

{0.0: 2127, 1.0: 138, -1.0: 159}

{0.0: 2110, 1.0: 146, -1.0: 168}

{0.0: 2088, 1.0: 153, -1.0: 183}

{0.0: 2072, 1.0: 155, -1.0: 197}

1 Creating 10 consumers
{0.0: 2156, 1.0: 117, -1.0: 151}

{0.0: 2127, 1.0: 138, -1.0: 159}

{0.0: 2142, 1.0: 128, -1.0: 154}

{0.0: 2237, 1.0: 79, -1.0: 108}
Iter-0: 13.39/6.9 | Iter-1: 13.77/7.37 | Iter-2: 13.04/6.67 | Iter-3: 13.13/6.73 | Iter-4: 13.67/7.19 | 
{0.0: 2196, 1.0: 98, -1.0: 130}
Iter-0: 13.21/6.82 | Iter-1: 14.18/7.74 | Iter-2: 13.0/6.56 | Iter-3: 13.17/6.5 | Iter-4: 13.2/6.65 | 
{0.0: 2088, 1.0: 153, -1.0: 183}
Iter-0: 12.84/6.5 | Iter-1: 13.17/6.87 | Iter-2: 12.66/6.31 | Iter-3: 12.79/6.36 | Iter-4: 12.74/6.42 | 
{0.0: 2179, 1.0: 105, -1.0: 140}
Iter-0: 14.37/8.07 | Iter-1: 13.68/7.45 | Iter-2: 12.62/6.46 | Iter-3: 13.28/6.53 | Iter-4: 12.78/6.53 | 
{0.0: 2110, 1.0: 146, -1.0: 168}
Iter-0: 13.82/7.47 | Iter-1: 13.17/6.91 | Iter-2: 12.43/6.27 | Iter-3: 13.55/6.57 | Iter-4: 12.74/6.46 | 
{0.0: 2210, 1.0: 86, -1.0: 128}
Iter-0: 13.52/6.9 | Iter-1: 14.88/8.07 | Iter-2: 13.29/6.8 | Iter-3: 13.72/7.17 | Iter-4: 13.19/6.72 | 
{0.0: 2072, 1.0: 155, -1.0: 197}
Iter-0: 12.77/6.44 | Iter-1: 13.86/7.6 | Iter-2: 12.75/6.2 | Iter-3: 12.88/6.23 | Iter-4: 12.99/6.39 | 
prob_mse: 0.195837293729, running time: 96.245609045
18.0 ~~~~~~~~~~~~~~~~~~~~~~~~~~~~~~~~~~~~~~~~~~~~~~~~~~~~~~~~~~~~~~~`
dataset: facebook method: Adv-CSL, #attack_edge:10000,T:10,test_ratio: 0.3,gamma:0.4
/network/rit/lab/ceashpc/adil/data/adv_csl/Jan2/random_noise/facebook/facebook-attackedges-10000-T-10-testratio-0.3-swap_ratio-0.01-gamma-0.4-realization-1-data-X.pkl
#Rule:372936 Nodes:8078 Edges:372936
0 Creating 10 consumers
{0.0: 2237, 1.0: 79, -1.0: 108}

{0.0: 2196, 1.0: 98, -1.0: 130}

{0.0: 2179, 1.0: 105, -1.0: 140}

{0.0: 2210, 1.0: 86, -1.0: 128}

{0.0: 2142, 1.0: 128, -1.0: 154}

{0.0: 2156, 1.0: 117, -1.0: 151}

{0.0: 2127, 1.0: 138, -1.0: 159}

{0.0: 2110, 1.0: 146, -1.0: 168}

{0.0: 2088, 1.0: 153, -1.0: 183}

{0.0: 2072, 1.0: 155, -1.0: 197}

1 Creating 10 consumers
{0.0: 2156, 1.0: 117, -1.0: 151}

{0.0: 2142, 1.0: 128, -1.0: 154}

{0.0: 2127, 1.0: 138, -1.0: 159}

{0.0: 2237, 1.0: 79, -1.0: 108}
Iter-0: 13.39/7.08 | Iter-1: 14.45/7.7 | Iter-2: 13.51/6.69 | Iter-3: 13.11/6.55 | Iter-4: 13.03/6.75 | 
{0.0: 2196, 1.0: 98, -1.0: 130}
Iter-0: 13.12/6.82 | Iter-1: 13.55/7.32 | Iter-2: 13.66/7.1 | Iter-3: 13.03/6.47 | Iter-4: 13.08/6.73 | 
{0.0: 2179, 1.0: 105, -1.0: 140}
Iter-0: 13.03/6.78 | Iter-1: 13.58/7.29 | Iter-2: 13.49/6.69 | Iter-3: 13.7/7.38 | Iter-4: 13.26/6.62 | 
{0.0: 2210, 1.0: 86, -1.0: 128}
Iter-0: 13.72/7.0 | Iter-1: 14.04/7.39 | Iter-2: 13.42/6.75 | Iter-3: 13.62/7.27 | Iter-4: 15.23/8.9 | 
{0.0: 2088, 1.0: 153, -1.0: 183}
Iter-0: 13.05/6.75 | Iter-1: 13.6/7.01 | Iter-2: 13.16/6.57 | Iter-3: 12.8/6.51 | Iter-4: 12.9/6.4 | 
{0.0: 2072, 1.0: 155, -1.0: 197}
Iter-0: 12.73/6.45 | Iter-1: 13.37/6.98 | Iter-2: 13.58/6.7 | Iter-3: 12.75/6.33 | Iter-4: 13.43/6.45 | 
{0.0: 2110, 1.0: 146, -1.0: 168}
Iter-0: 12.76/6.52 | Iter-1: 13.66/7.05 | Iter-2: 14.03/7.19 | Iter-3: 13.01/6.44 | Iter-4: 13.75/7.36 | 
prob_mse: 0.191918151815, running time: 97.6676700115
19.0 ~~~~~~~~~~~~~~~~~~~~~~~~~~~~~~~~~~~~~~~~~~~~~~~~~~~~~~~~~~~~~~~`
dataset: facebook method: Adv-CSL, #attack_edge:10000,T:10,test_ratio: 0.3,gamma:0.5
/network/rit/lab/ceashpc/adil/data/adv_csl/Jan2/random_noise/facebook/facebook-attackedges-10000-T-10-testratio-0.3-swap_ratio-0.01-gamma-0.5-realization-1-data-X.pkl
#Rule:372936 Nodes:8078 Edges:372936
0 Creating 10 consumers
{0.0: 2210, 1.0: 86, -1.0: 128}

{0.0: 2196, 1.0: 98, -1.0: 130}

{0.0: 2237, 1.0: 79, -1.0: 108}

{0.0: 2156, 1.0: 117, -1.0: 151}

{0.0: 2179, 1.0: 105, -1.0: 140}

{0.0: 2142, 1.0: 128, -1.0: 154}

{0.0: 2127, 1.0: 138, -1.0: 159}

{0.0: 2110, 1.0: 146, -1.0: 168}

{0.0: 2088, 1.0: 153, -1.0: 183}

{0.0: 2072, 1.0: 155, -1.0: 197}

1 Creating 10 consumers
{0.0: 2156, 1.0: 117, -1.0: 151}

{0.0: 2142, 1.0: 128, -1.0: 154}

{0.0: 2127, 1.0: 138, -1.0: 159}

{0.0: 2210, 1.0: 86, -1.0: 128}
Iter-0: 13.8/7.54 | Iter-1: 13.51/7.38 | Iter-2: 13.39/6.94 | Iter-3: 13.01/6.77 | Iter-4: 13.49/6.69 | 
{0.0: 2237, 1.0: 79, -1.0: 108}
Iter-0: 13.31/6.94 | Iter-1: 14.32/7.94 | Iter-2: 13.22/6.71 | Iter-3: 13.59/7.03 | Iter-4: 13.29/6.77 | 
{0.0: 2196, 1.0: 98, -1.0: 130}
Iter-0: 13.11/6.85 | Iter-1: 13.94/7.49 | Iter-2: 13.33/6.92 | Iter-3: 13.78/7.22 | Iter-4: 13.2/6.9 | 
{0.0: 2179, 1.0: 105, -1.0: 140}
Iter-0: 13.43/6.79 | Iter-1: 14.52/8.13 | Iter-2: 13.23/6.46 | Iter-3: 13.02/6.73 | Iter-4: 13.21/6.66 | 
{0.0: 2110, 1.0: 146, -1.0: 168}
Iter-0: 12.76/6.5 | Iter-1: 13.64/6.99 | Iter-2: 13.11/6.3 | Iter-3: 13.18/6.55 | Iter-4: 13.04/6.49 | 
{0.0: 2072, 1.0: 155, -1.0: 197}
Iter-0: 12.89/6.46 | Iter-1: 13.82/7.45 | Iter-2: 12.79/6.19 | Iter-3: 13.18/6.74 | Iter-4: 12.66/6.43 | 
{0.0: 2088, 1.0: 153, -1.0: 183}
Iter-0: 12.82/6.54 | Iter-1: 13.48/7.19 | Iter-2: 13.48/6.44 | Iter-3: 14.64/8.4 | Iter-4: 12.8/6.53 | 
prob_mse: 0.188480308031, running time: 97.8974330425
20.0 ~~~~~~~~~~~~~~~~~~~~~~~~~~~~~~~~~~~~~~~~~~~~~~~~~~~~~~~~~~~~~~~`
dataset: facebook method: Adv-CSL, #attack_edge:10000,T:10,test_ratio: 0.3,gamma:0.0
/network/rit/lab/ceashpc/adil/data/adv_csl/Jan2/random_noise/facebook/facebook-attackedges-10000-T-10-testratio-0.3-swap_ratio-0.01-gamma-0.0-realization-2-data-X.pkl
#Rule:372936 Nodes:8078 Edges:372936
0 Creating 10 consumers
{0.0: 2236, 1.0: 81, -1.0: 107}

{0.0: 2259, 1.0: 70, -1.0: 95}

{0.0: 2218, 1.0: 91, -1.0: 115}

{0.0: 2169, 1.0: 111, -1.0: 144}

{0.0: 2193, 1.0: 100, -1.0: 131}

{0.0: 2144, 1.0: 129, -1.0: 151}

{0.0: 2115, 1.0: 139, -1.0: 170}

{0.0: 2094, 1.0: 145, -1.0: 185}

{0.0: 2080, 1.0: 151, -1.0: 193}

{0.0: 2056, 1.0: 163, -1.0: 205}

1 Creating 10 consumers
{0.0: 2144, 1.0: 129, -1.0: 151}

{0.0: 2169, 1.0: 111, -1.0: 144}

{0.0: 2115, 1.0: 139, -1.0: 170}

{0.0: 2236, 1.0: 81, -1.0: 107}
Iter-0: 9.73/3.43 | Iter-1: 11.91/5.51 | 
{0.0: 2218, 1.0: 91, -1.0: 115}
Iter-0: 9.85/3.41 | Iter-1: 11.69/5.4 | 
{0.0: 2193, 1.0: 100, -1.0: 131}
Iter-0: 10.09/3.42 | Iter-1: 11.82/5.45 | 
{0.0: 2259, 1.0: 70, -1.0: 95}
Iter-0: 10.5/3.78 | Iter-1: 12.64/6.04 | 
{0.0: 2094, 1.0: 145, -1.0: 185}
Iter-0: 10.32/3.4 | Iter-1: 11.89/5.29 | Iter-2: 10.97/4.05 | Iter-3: 10.45/4.4 | Iter-4: 10.23/4.34 | 
{0.0: 2056, 1.0: 163, -1.0: 205}
Iter-0: 9.94/3.4 | Iter-1: 11.72/5.34 | Iter-2: 10.52/4.06 | Iter-3: 10.65/4.6 | Iter-4: 10.83/4.63 | 
{0.0: 2080, 1.0: 151, -1.0: 193}
Iter-0: 10.87/3.94 | Iter-1: 11.8/5.21 | Iter-2: 10.66/4.1 | Iter-3: 10.57/4.36 | Iter-4: 10.61/4.48 | 
prob_mse: 0.0963084158416, running time: 81.1871900558
21.0 ~~~~~~~~~~~~~~~~~~~~~~~~~~~~~~~~~~~~~~~~~~~~~~~~~~~~~~~~~~~~~~~`
dataset: facebook method: Adv-CSL, #attack_edge:10000,T:10,test_ratio: 0.3,gamma:0.01
/network/rit/lab/ceashpc/adil/data/adv_csl/Jan2/random_noise/facebook/facebook-attackedges-10000-T-10-testratio-0.3-swap_ratio-0.01-gamma-0.01-realization-2-data-X.pkl
#Rule:372936 Nodes:8078 Edges:372936
0 Creating 10 consumers
{0.0: 2236, 1.0: 81, -1.0: 107}

{0.0: 2218, 1.0: 91, -1.0: 115}

{0.0: 2259, 1.0: 70, -1.0: 95}

{0.0: 2169, 1.0: 111, -1.0: 144}

{0.0: 2193, 1.0: 100, -1.0: 131}

{0.0: 2144, 1.0: 129, -1.0: 151}

{0.0: 2115, 1.0: 139, -1.0: 170}

{0.0: 2094, 1.0: 145, -1.0: 185}

{0.0: 2080, 1.0: 151, -1.0: 193}

{0.0: 2056, 1.0: 163, -1.0: 205}

1 Creating 10 consumers
{0.0: 2169, 1.0: 111, -1.0: 144}

{0.0: 2144, 1.0: 129, -1.0: 151}

{0.0: 2115, 1.0: 139, -1.0: 170}

{0.0: 2236, 1.0: 81, -1.0: 107}
Iter-0: 13.05/6.81 | Iter-1: 12.82/6.13 | Iter-2: 12.18/5.96 | Iter-3: 11.91/5.74 | Iter-4: 12.14/5.73 | 
{0.0: 2193, 1.0: 100, -1.0: 131}
Iter-0: 13.02/6.73 | Iter-1: 12.97/6.45 | Iter-2: 12.5/5.92 | Iter-3: 12.04/5.72 | Iter-4: 11.98/5.71 | 
{0.0: 2218, 1.0: 91, -1.0: 115}
Iter-0: 13.07/6.76 | Iter-1: 12.62/6.12 | Iter-2: 12.14/5.87 | Iter-3: 12.98/6.14 | Iter-4: 12.15/5.7 | 
{0.0: 2259, 1.0: 70, -1.0: 95}
Iter-0: 13.44/6.91 | Iter-1: 12.93/6.2 | Iter-2: 13.03/6.47 | Iter-3: 12.21/5.79 | Iter-4: 12.45/6.17 | 
{0.0: 2094, 1.0: 145, -1.0: 185}
Iter-0: 13.03/6.59 | Iter-1: 12.58/5.99 | Iter-2: 12.12/5.81 | Iter-3: 11.99/5.6 | Iter-4: 11.86/5.65 | 
{0.0: 2056, 1.0: 163, -1.0: 205}
Iter-0: 12.84/6.44 | Iter-1: 12.6/5.81 | Iter-2: 12.18/5.67 | Iter-3: 12.01/5.53 | Iter-4: 11.96/5.53 | 
{0.0: 2080, 1.0: 151, -1.0: 193}
Iter-0: 14.05/7.87 | Iter-1: 12.46/5.86 | Iter-2: 12.43/5.82 | Iter-3: 12.18/5.63 | Iter-4: 12.43/6.09 | 
prob_mse: 0.207078877888, running time: 94.4535651207
22.0 ~~~~~~~~~~~~~~~~~~~~~~~~~~~~~~~~~~~~~~~~~~~~~~~~~~~~~~~~~~~~~~~`
dataset: facebook method: Adv-CSL, #attack_edge:10000,T:10,test_ratio: 0.3,gamma:0.03
/network/rit/lab/ceashpc/adil/data/adv_csl/Jan2/random_noise/facebook/facebook-attackedges-10000-T-10-testratio-0.3-swap_ratio-0.01-gamma-0.03-realization-2-data-X.pkl
#Rule:372936 Nodes:8078 Edges:372936
0 Creating 10 consumers
{0.0: 2259, 1.0: 70, -1.0: 95}

{0.0: 2236, 1.0: 81, -1.0: 107}

{0.0: 2193, 1.0: 100, -1.0: 131}

{0.0: 2169, 1.0: 111, -1.0: 144}

{0.0: 2144, 1.0: 129, -1.0: 151}

{0.0: 2218, 1.0: 91, -1.0: 115}

{0.0: 2115, 1.0: 139, -1.0: 170}

{0.0: 2094, 1.0: 145, -1.0: 185}

{0.0: 2080, 1.0: 151, -1.0: 193}

{0.0: 2056, 1.0: 163, -1.0: 205}

1 Creating 10 consumers
{0.0: 2144, 1.0: 129, -1.0: 151}

{0.0: 2169, 1.0: 111, -1.0: 144}

{0.0: 2115, 1.0: 139, -1.0: 170}

{0.0: 2236, 1.0: 81, -1.0: 107}
Iter-0: 13.37/6.88 | Iter-1: 12.95/6.53 | Iter-2: 12.65/6.23 | Iter-3: 12.34/5.96 | Iter-4: 12.33/5.96 | 
{0.0: 2193, 1.0: 100, -1.0: 131}
Iter-0: 13.3/6.73 | Iter-1: 13.04/6.38 | Iter-2: 12.64/6.09 | Iter-3: 13.05/6.66 | Iter-4: 12.31/5.87 | 
{0.0: 2218, 1.0: 91, -1.0: 115}
Iter-0: 13.55/6.79 | Iter-1: 13.16/6.45 | Iter-2: 12.48/6.21 | Iter-3: 12.96/6.34 | Iter-4: 13.1/6.59 | 
{0.0: 2094, 1.0: 145, -1.0: 185}
Iter-0: 12.81/6.52 | Iter-1: 12.86/6.18 | Iter-2: 12.71/5.95 | Iter-3: 12.74/6.05 | Iter-4: 12.39/5.76 | 
{0.0: 2080, 1.0: 151, -1.0: 193}
Iter-0: 13.07/6.75 | Iter-1: 12.85/6.21 | Iter-2: 12.5/6.01 | Iter-3: 12.36/5.79 | Iter-4: 12.38/5.79 | 
