

--------------------------------------------------
--------------------------------------------------

-------------------Wed, 23 Jan 2019 12:46:14 AM EST---------------------

0 ~~~~~~~~~~~~~~~~~~~~~~~~~~~~~~~~~~~~~~~~~~~~~~~~~~~~~~~~~~~~~~~`
dataset: slashdot method: Adv-CSL, #attack_edge:10000,T:10,test_ratio: 0.3,gamma:0.0
/network/rit/lab/ceashpc/adil/data/adv_csl/Jan2/random_pgd_gcn_vae/slashdot/slashdot-attackedges-10000-T-10-testratio-0.3-swap_ratio-0.01-gamma-0.0-realization-0-data-X.pkl
#Rule:2036920 Nodes:164336 Edges:2036920
0 Creating 10 consumers
{0.0: 44857, 1.0: 3937, -1.0: 506}
{0.0: 44028, 1.0: 4391, -1.0: 881}
{0.0: 44437, 1.0: 4174, -1.0: 689}
{0.0: 43608, 1.0: 4630, -1.0: 1062}
{0.0: 43147, 1.0: 4882, -1.0: 1271}
{0.0: 42774, 1.0: 5083, -1.0: 1443}
{0.0: 42398, 1.0: 5288, -1.0: 1614}
{0.0: 42028, 1.0: 5451, -1.0: 1821}
{0.0: 41670, 1.0: 5610, -1.0: 2020}
{0.0: 41290, 1.0: 5789, -1.0: 2221}
1 Creating 10 consumers
{0.0: 43147, 1.0: 4882, -1.0: 1271}
Iter-0: 71.95/17.63 | Iter-1: 85.91/32.81 | Iter-2: 79.62/26.0 | 
{0.0: 44857, 1.0: 3937, -1.0: 506}
Iter-0: 68.21/17.66 | Iter-1: 82.54/33.25 | Iter-2: 80.55/26.26 | Iter-3: 82.45/29.22 | Iter-4: 79.94/28.91 | 
{0.0: 43608, 1.0: 4630, -1.0: 1062}
Iter-0: 67.87/17.6 | Iter-1: 82.44/32.86 | Iter-2: 75.89/26.02 | Iter-3: 78.54/28.63 | Iter-4: 79.07/28.4 | 
{0.0: 44437, 1.0: 4174, -1.0: 689}
Iter-0: 72.86/17.82 | Iter-1: 86.68/33.53 | Iter-2: 78.07/26.37 | Iter-3: 81.0/29.25 | Iter-4: 81.78/29.07 | 
{0.0: 42774, 1.0: 5083, -1.0: 1443}
Iter-0: 68.13/17.64 | Iter-1: 83.06/32.96 | Iter-2: 76.77/25.91 | Iter-3: 84.36/28.59 | Iter-4: 84.52/28.28 | 
{0.0: 42028, 1.0: 5451, -1.0: 1821}
Iter-0: 68.51/17.71 | Iter-1: 85.4/32.55 | Iter-2: 78.57/25.99 | Iter-3: 79.44/28.32 | Iter-4: 79.54/28.13 | 
{0.0: 41670, 1.0: 5610, -1.0: 2020}
Iter-0: 70.1/17.76 | Iter-1: 83.12/32.42 | Iter-2: 75.24/25.7 | Iter-3: 79.6/27.99 | Iter-4: 79.71/27.92 | 
{0.0: 42398, 1.0: 5288, -1.0: 1614}
Iter-0: 68.26/17.65 | Iter-1: 82.72/32.65 | Iter-2: 77.08/25.92 | Iter-3: 84.59/28.45 | Iter-4: 85.04/28.22 | 
{0.0: 44028, 1.0: 4391, -1.0: 881}
Iter-0: 78.53/19.43 | Iter-1: 94.4/36.65 | Iter-2: 84.48/28.85 | Iter-3: 81.18/29.98 | Iter-4: 83.35/28.68 | 
{0.0: 41290, 1.0: 5789, -1.0: 2221}
Iter-0: 70.71/17.64 | Iter-1: 84.26/32.29 | Iter-2: 77.11/25.77 | Iter-3: 81.33/28.08 | Iter-4: 81.33/27.96 | 
prob_mse: 0.106911184584, running time: 624.816380978
1.0 ~~~~~~~~~~~~~~~~~~~~~~~~~~~~~~~~~~~~~~~~~~~~~~~~~~~~~~~~~~~~~~~`
dataset: slashdot method: Adv-CSL, #attack_edge:10000,T:10,test_ratio: 0.3,gamma:0.01
/network/rit/lab/ceashpc/adil/data/adv_csl/Jan2/random_pgd_gcn_vae/slashdot/slashdot-attackedges-10000-T-10-testratio-0.3-swap_ratio-0.01-gamma-0.01-realization-0-data-X.pkl
#Rule:2036920 Nodes:164336 Edges:2036920
0 Creating 10 consumers
{0.0: 44857, 1.0: 3937, -1.0: 506}
{0.0: 44437, 1.0: 4174, -1.0: 689}
{0.0: 44028, 1.0: 4391, -1.0: 881}
{0.0: 43608, 1.0: 4630, -1.0: 1062}
{0.0: 43147, 1.0: 4882, -1.0: 1271}
{0.0: 42774, 1.0: 5083, -1.0: 1443}
{0.0: 42398, 1.0: 5288, -1.0: 1614}
{0.0: 42028, 1.0: 5451, -1.0: 1821}
{0.0: 41670, 1.0: 5610, -1.0: 2020}
{0.0: 41290, 1.0: 5789, -1.0: 2221}
1 Creating 10 consumers
{0.0: 44857, 1.0: 3937, -1.0: 506}
Iter-0: 84.23/33.54 | Iter-1: 91.21/38.9 | Iter-2: 87.44/36.23 | Iter-3: 87.47/36.43 | Iter-4: 85.22/34.73 | 
{0.0: 44437, 1.0: 4174, -1.0: 689}
Iter-0: 83.7/33.38 | Iter-1: 90.95/38.67 | Iter-2: 86.9/36.04 | Iter-3: 86.46/36.21 | Iter-4: 85.43/34.48 | 
{0.0: 44028, 1.0: 4391, -1.0: 881}
Iter-0: 83.69/33.02 | Iter-1: 90.94/38.34 | Iter-2: 87.6/35.67 | Iter-3: 89.12/36.05 | Iter-4: 88.59/34.25 | 
{0.0: 43147, 1.0: 4882, -1.0: 1271}
Iter-0: 81.89/32.49 | Iter-1: 89.13/37.89 | Iter-2: 84.94/35.19 | Iter-3: 90.7/35.58 | Iter-4: 84.91/33.57 | 
{0.0: 42398, 1.0: 5288, -1.0: 1614}
Iter-0: 81.7/32.13 | Iter-1: 88.55/37.52 | Iter-2: 84.54/34.92 | Iter-3: 84.84/35.27 | Iter-4: 83.47/33.38 | 
{0.0: 42774, 1.0: 5083, -1.0: 1443}
Iter-0: 82.1/32.35 | Iter-1: 89.16/37.77 | Iter-2: 85.08/35.1 | Iter-3: 85.01/35.36 | Iter-4: 87.94/33.64 | 
{0.0: 42028, 1.0: 5451, -1.0: 1821}
Iter-0: 81.76/32.04 | Iter-1: 88.76/37.38 | Iter-2: 85.61/34.83 | Iter-3: 89.13/35.31 | Iter-4: 88.3/33.64 | 
{0.0: 41290, 1.0: 5789, -1.0: 2221}
Iter-0: 81.86/31.71 | Iter-1: 88.4/36.84 | Iter-2: 84.51/34.44 | Iter-3: 85.51/34.81 | Iter-4: 84.04/32.88 | 
{0.0: 41670, 1.0: 5610, -1.0: 2020}
Iter-0: 82.36/31.85 | Iter-1: 89.12/37.1 | Iter-2: 85.71/34.6 | Iter-3: 86.81/34.91 | Iter-4: 87.66/33.19 | 
{0.0: 43608, 1.0: 4630, -1.0: 1062}
Iter-0: 92.23/35.56 | Iter-1: 101.16/42.25 | Iter-2: 95.92/39.3 | Iter-3: 97.22/39.58 | Iter-4: 92.0/37.49 | 
prob_mse: 0.154407286004, running time: 707.606910944
2.0 ~~~~~~~~~~~~~~~~~~~~~~~~~~~~~~~~~~~~~~~~~~~~~~~~~~~~~~~~~~~~~~~`
dataset: slashdot method: Adv-CSL, #attack_edge:10000,T:10,test_ratio: 0.3,gamma:0.03
/network/rit/lab/ceashpc/adil/data/adv_csl/Jan2/random_pgd_gcn_vae/slashdot/slashdot-attackedges-10000-T-10-testratio-0.3-swap_ratio-0.01-gamma-0.03-realization-0-data-X.pkl
#Rule:2036920 Nodes:164336 Edges:2036920
0 Creating 10 consumers
{0.0: 44857, 1.0: 3937, -1.0: 506}
{0.0: 44437, 1.0: 4174, -1.0: 689}
{0.0: 44028, 1.0: 4391, -1.0: 881}
{0.0: 43608, 1.0: 4630, -1.0: 1062}
{0.0: 43147, 1.0: 4882, -1.0: 1271}
{0.0: 42774, 1.0: 5083, -1.0: 1443}
{0.0: 42398, 1.0: 5288, -1.0: 1614}
{0.0: 42028, 1.0: 5451, -1.0: 1821}
{0.0: 41670, 1.0: 5610, -1.0: 2020}
{0.0: 41290, 1.0: 5789, -1.0: 2221}
1 Creating 10 consumers
{0.0: 44857, 1.0: 3937, -1.0: 506}
Iter-0: 84.17/33.71 | Iter-1: 92.23/39.01 | Iter-2: 86.03/36.29 | Iter-3: 89.25/36.75 | Iter-4: 85.31/34.8 | 
{0.0: 44028, 1.0: 4391, -1.0: 881}
Iter-0: 83.51/33.12 | Iter-1: 89.05/38.41 | Iter-2: 85.26/35.73 | Iter-3: 87.58/36.06 | Iter-4: 84.7/34.34 | 
{0.0: 43608, 1.0: 4630, -1.0: 1062}
Iter-0: 90.73/36.35 | Iter-1: 88.79/38.04 | Iter-2: 84.58/35.3 | Iter-3: 87.45/35.84 | Iter-4: 88.67/33.92 | 
{0.0: 44437, 1.0: 4174, -1.0: 689}
Iter-0: 86.31/33.24 | Iter-1: 96.89/42.63 | Iter-2: 92.46/39.78 | Iter-3: 88.26/36.28 | Iter-4: 89.35/34.41 | 
{0.0: 43147, 1.0: 4882, -1.0: 1271}
Iter-0: 84.01/32.45 | Iter-1: 91.64/37.73 | Iter-2: 87.09/35.12 | Iter-3: 87.98/35.41 | Iter-4: 85.41/33.71 | 
{0.0: 41670, 1.0: 5610, -1.0: 2020}
Iter-0: 81.38/31.89 | Iter-1: 87.98/37.03 | Iter-2: 84.39/34.59 | Iter-3: 86.48/34.98 | Iter-4: 87.67/33.13 | 
{0.0: 42028, 1.0: 5451, -1.0: 1821}
Iter-0: 83.25/31.97 | Iter-1: 89.86/37.24 | Iter-2: 86.39/34.76 | Iter-3: 88.14/35.22 | Iter-4: 84.65/33.24 | 
{0.0: 42774, 1.0: 5083, -1.0: 1443}
Iter-0: 84.38/32.35 | Iter-1: 94.32/37.74 | Iter-2: 89.72/35.17 | Iter-3: 89.66/36.29 | Iter-4: 88.7/33.56 | 
{0.0: 42398, 1.0: 5288, -1.0: 1614}
Iter-0: 85.19/33.17 | Iter-1: 90.98/37.31 | Iter-2: 86.83/34.7 | Iter-3: 89.9/36.39 | Iter-4: 86.61/33.21 | 
{0.0: 41290, 1.0: 5789, -1.0: 2221}
Iter-0: 85.52/31.69 | Iter-1: 92.96/36.87 | Iter-2: 87.82/34.5 | Iter-3: 88.68/35.0 | Iter-4: 84.58/32.89 | 
prob_mse: 0.15376325355, running time: 706.468990088
3.0 ~~~~~~~~~~~~~~~~~~~~~~~~~~~~~~~~~~~~~~~~~~~~~~~~~~~~~~~~~~~~~~~`
dataset: slashdot method: Adv-CSL, #attack_edge:10000,T:10,test_ratio: 0.3,gamma:0.05
/network/rit/lab/ceashpc/adil/data/adv_csl/Jan2/random_pgd_gcn_vae/slashdot/slashdot-attackedges-10000-T-10-testratio-0.3-swap_ratio-0.01-gamma-0.05-realization-0-data-X.pkl
#Rule:2036920 Nodes:164336 Edges:2036920
0 Creating 10 consumers
{0.0: 44857, 1.0: 3937, -1.0: 506}
{0.0: 44437, 1.0: 4174, -1.0: 689}
{0.0: 44028, 1.0: 4391, -1.0: 881}
{0.0: 43608, 1.0: 4630, -1.0: 1062}
{0.0: 43147, 1.0: 4882, -1.0: 1271}
{0.0: 42774, 1.0: 5083, -1.0: 1443}
{0.0: 42398, 1.0: 5288, -1.0: 1614}
{0.0: 42028, 1.0: 5451, -1.0: 1821}
{0.0: 41670, 1.0: 5610, -1.0: 2020}
{0.0: 41290, 1.0: 5789, -1.0: 2221}
1 Creating 10 consumers
{0.0: 44857, 1.0: 3937, -1.0: 506}
Iter-0: 83.65/33.72 | Iter-1: 90.13/38.98 | Iter-2: 86.08/36.31 | Iter-3: 87.04/36.71 | Iter-4: 89.18/34.71 | 
{0.0: 44437, 1.0: 4174, -1.0: 689}
Iter-0: 85.36/33.18 | Iter-1: 92.51/38.27 | Iter-2: 88.33/35.72 | Iter-3: 91.22/36.33 | Iter-4: 87.34/34.42 | 
{0.0: 42774, 1.0: 5083, -1.0: 1443}
Iter-0: 81.3/32.3 | Iter-1: 88.11/37.43 | Iter-2: 84.07/34.79 | Iter-3: 85.83/35.43 | Iter-4: 87.98/33.48 | 
{0.0: 43147, 1.0: 4882, -1.0: 1271}
Iter-0: 81.58/32.6 | Iter-1: 88.57/37.71 | Iter-2: 84.54/35.16 | Iter-3: 89.26/35.92 | Iter-4: 88.59/33.96 | 
{0.0: 44028, 1.0: 4391, -1.0: 881}
Iter-0: 87.47/35.37 | Iter-1: 95.64/41.82 | Iter-2: 91.99/39.01 | Iter-3: 86.88/36.01 | Iter-4: 84.42/34.06 | 
{0.0: 43608, 1.0: 4630, -1.0: 1062}
Iter-0: 86.04/32.72 | Iter-1: 93.22/37.87 | Iter-2: 89.0/35.24 | Iter-3: 87.79/35.79 | Iter-4: 87.57/33.86 | 
{0.0: 42398, 1.0: 5288, -1.0: 1614}
Iter-0: 81.23/32.18 | Iter-1: 88.18/37.35 | Iter-2: 84.46/34.76 | Iter-3: 89.12/35.47 | Iter-4: 90.45/36.9 | 
{0.0: 42028, 1.0: 5451, -1.0: 1821}
Iter-0: 80.81/32.0 | Iter-1: 87.62/37.1 | Iter-2: 86.5/34.58 | Iter-3: 88.67/35.39 | Iter-4: 88.09/33.4 | 
{0.0: 41670, 1.0: 5610, -1.0: 2020}
Iter-0: 80.56/31.73 | Iter-1: 87.2/36.73 | Iter-2: 83.8/34.34 | Iter-3: 88.53/35.01 | Iter-4: 87.88/33.15 | 
{0.0: 41290, 1.0: 5789, -1.0: 2221}
Iter-0: 80.27/31.64 | Iter-1: 86.7/36.51 | Iter-2: 84.72/34.16 | Iter-3: 87.93/34.96 | Iter-4: 86.78/33.01 | 
prob_mse: 0.153027935091, running time: 691.800559998
4.0 ~~~~~~~~~~~~~~~~~~~~~~~~~~~~~~~~~~~~~~~~~~~~~~~~~~~~~~~~~~~~~~~`
dataset: slashdot method: Adv-CSL, #attack_edge:10000,T:10,test_ratio: 0.3,gamma:0.07
/network/rit/lab/ceashpc/adil/data/adv_csl/Jan2/random_pgd_gcn_vae/slashdot/slashdot-attackedges-10000-T-10-testratio-0.3-swap_ratio-0.01-gamma-0.07-realization-0-data-X.pkl
#Rule:2036920 Nodes:164336 Edges:2036920
0 Creating 10 consumers
{0.0: 44857, 1.0: 3937, -1.0: 506}
{0.0: 44437, 1.0: 4174, -1.0: 689}
{0.0: 44028, 1.0: 4391, -1.0: 881}
{0.0: 43608, 1.0: 4630, -1.0: 1062}
{0.0: 43147, 1.0: 4882, -1.0: 1271}
{0.0: 42774, 1.0: 5083, -1.0: 1443}
{0.0: 42398, 1.0: 5288, -1.0: 1614}
{0.0: 42028, 1.0: 5451, -1.0: 1821}
{0.0: 41670, 1.0: 5610, -1.0: 2020}
{0.0: 41290, 1.0: 5789, -1.0: 2221}
1 Creating 10 consumers
{0.0: 44437, 1.0: 4174, -1.0: 689}
Iter-0: 83.12/33.24 | Iter-1: 90.06/38.22 | Iter-2: 86.02/35.65 | Iter-3: 85.99/36.44 | Iter-4: 85.55/34.36 | 
{0.0: 44028, 1.0: 4391, -1.0: 881}
Iter-0: 82.38/32.89 | Iter-1: 88.78/37.89 | Iter-2: 84.8/35.19 | Iter-3: 85.42/36.01 | Iter-4: 84.38/33.98 | 
{0.0: 44857, 1.0: 3937, -1.0: 506}
Iter-0: 86.31/33.48 | Iter-1: 91.6/38.4 | Iter-2: 84.99/35.75 | Iter-3: 89.63/36.42 | Iter-4: 89.24/35.35 | 
{0.0: 43608, 1.0: 4630, -1.0: 1062}
Iter-0: 84.16/32.77 | Iter-1: 88.86/37.73 | Iter-2: 85.02/35.01 | Iter-3: 88.42/35.87 | Iter-4: 84.79/33.93 | 
{0.0: 43147, 1.0: 4882, -1.0: 1271}
Iter-0: 82.79/32.4 | Iter-1: 88.35/37.46 | Iter-2: 84.9/34.78 | Iter-3: 85.09/35.58 | Iter-4: 87.58/33.55 | 
{0.0: 42028, 1.0: 5451, -1.0: 1821}
Iter-0: 82.5/31.98 | Iter-1: 87.47/36.89 | Iter-2: 84.09/34.26 | Iter-3: 84.47/35.09 | Iter-4: 84.39/33.14 | 
{0.0: 42398, 1.0: 5288, -1.0: 1614}
Iter-0: 83.77/32.17 | Iter-1: 90.99/37.16 | Iter-2: 85.8/34.52 | Iter-3: 85.79/35.44 | Iter-4: 85.61/33.33 | 
{0.0: 41670, 1.0: 5610, -1.0: 2020}
Iter-0: 80.88/31.74 | Iter-1: 89.92/36.75 | Iter-2: 83.82/34.18 | Iter-3: 84.38/35.07 | Iter-4: 86.66/33.07 | 
{0.0: 42774, 1.0: 5083, -1.0: 1443}
Iter-0: 85.48/32.5 | Iter-1: 92.85/37.58 | Iter-2: 87.42/35.2 | Iter-3: 89.32/35.81 | Iter-4: 87.92/33.81 | 
{0.0: 41290, 1.0: 5789, -1.0: 2221}
Iter-0: 81.23/31.8 | Iter-1: 87.53/36.68 | Iter-2: 88.2/34.37 | Iter-3: 88.76/35.2 | Iter-4: 83.74/33.06 | 
prob_mse: 0.152263893171, running time: 702.058371067
5.0 ~~~~~~~~~~~~~~~~~~~~~~~~~~~~~~~~~~~~~~~~~~~~~~~~~~~~~~~~~~~~~~~`
dataset: slashdot method: Adv-CSL, #attack_edge:10000,T:10,test_ratio: 0.3,gamma:0.09
/network/rit/lab/ceashpc/adil/data/adv_csl/Jan2/random_pgd_gcn_vae/slashdot/slashdot-attackedges-10000-T-10-testratio-0.3-swap_ratio-0.01-gamma-0.09-realization-0-data-X.pkl
#Rule:2036920 Nodes:164336 Edges:2036920
0 Creating 10 consumers
{0.0: 44857, 1.0: 3937, -1.0: 506}
{0.0: 44437, 1.0: 4174, -1.0: 689}
{0.0: 44028, 1.0: 4391, -1.0: 881}
{0.0: 43608, 1.0: 4630, -1.0: 1062}
{0.0: 43147, 1.0: 4882, -1.0: 1271}
{0.0: 42774, 1.0: 5083, -1.0: 1443}
{0.0: 42398, 1.0: 5288, -1.0: 1614}
{0.0: 41670, 1.0: 5610, -1.0: 2020}
{0.0: 42028, 1.0: 5451, -1.0: 1821}
{0.0: 41290, 1.0: 5789, -1.0: 2221}
1 Creating 10 consumers
{0.0: 44028, 1.0: 4391, -1.0: 881}
Iter-0: 82.71/33.29 | Iter-1: 89.14/38.2 | Iter-2: 84.8/35.47 | Iter-3: 85.81/36.46 | Iter-4: 86.87/34.33 | 
{0.0: 43608, 1.0: 4630, -1.0: 1062}
Iter-0: 83.21/32.87 | Iter-1: 89.37/37.58 | Iter-2: 84.64/34.72 | Iter-3: 85.51/35.77 | Iter-4: 84.69/33.67 | 
{0.0: 44857, 1.0: 3937, -1.0: 506}
Iter-0: 83.44/33.5 | Iter-1: 92.92/38.55 | Iter-2: 89.54/35.82 | Iter-3: 89.43/36.79 | Iter-4: 88.79/34.73 | 
{0.0: 44437, 1.0: 4174, -1.0: 689}
Iter-0: 86.14/33.33 | Iter-1: 89.46/38.28 | Iter-2: 88.24/35.47 | Iter-3: 90.24/36.6 | Iter-4: 89.83/34.43 | 
{0.0: 43147, 1.0: 4882, -1.0: 1271}
Iter-0: 84.22/32.44 | Iter-1: 88.25/37.43 | Iter-2: 86.88/34.66 | Iter-3: 84.95/35.65 | Iter-4: 84.71/33.53 | 
{0.0: 42774, 1.0: 5083, -1.0: 1443}
Iter-0: 83.17/32.24 | Iter-1: 90.03/37.32 | Iter-2: 86.45/34.57 | Iter-3: 87.06/35.65 | Iter-4: 86.79/33.6 | 
{0.0: 42398, 1.0: 5288, -1.0: 1614}
Iter-0: 83.07/32.13 | Iter-1: 91.81/37.14 | Iter-2: 86.64/34.46 | Iter-3: 85.3/35.55 | Iter-4: 87.71/33.42 | 
{0.0: 41290, 1.0: 5789, -1.0: 2221}
Iter-0: 81.3/31.68 | Iter-1: 87.09/36.48 | Iter-2: 83.32/33.93 | Iter-3: 84.6/35.02 | Iter-4: 84.74/32.93 | 
{0.0: 42028, 1.0: 5451, -1.0: 1821}
Iter-0: 83.5/32.09 | Iter-1: 91.41/36.88 | Iter-2: 86.06/34.31 | Iter-3: 88.77/35.45 | Iter-4: 88.05/33.29 | 
{0.0: 41670, 1.0: 5610, -1.0: 2020}
Iter-0: 81.51/31.87 | Iter-1: 91.76/36.77 | Iter-2: 88.73/34.3 | Iter-3: 88.83/35.33 | Iter-4: 83.87/33.24 | 
prob_mse: 0.151908895199, running time: 692.298214197
6.0 ~~~~~~~~~~~~~~~~~~~~~~~~~~~~~~~~~~~~~~~~~~~~~~~~~~~~~~~~~~~~~~~`
dataset: slashdot method: Adv-CSL, #attack_edge:10000,T:10,test_ratio: 0.3,gamma:0.2
/network/rit/lab/ceashpc/adil/data/adv_csl/Jan2/random_pgd_gcn_vae/slashdot/slashdot-attackedges-10000-T-10-testratio-0.3-swap_ratio-0.01-gamma-0.2-realization-0-data-X.pkl
#Rule:2036920 Nodes:164336 Edges:2036920
0 Creating 10 consumers
{0.0: 44857, 1.0: 3937, -1.0: 506}
{0.0: 44437, 1.0: 4174, -1.0: 689}
{0.0: 44028, 1.0: 4391, -1.0: 881}
{0.0: 43608, 1.0: 4630, -1.0: 1062}
{0.0: 42774, 1.0: 5083, -1.0: 1443}
{0.0: 42398, 1.0: 5288, -1.0: 1614}
{0.0: 43147, 1.0: 4882, -1.0: 1271}
{0.0: 42028, 1.0: 5451, -1.0: 1821}
{0.0: 41670, 1.0: 5610, -1.0: 2020}
{0.0: 41290, 1.0: 5789, -1.0: 2221}
1 Creating 10 consumers
{0.0: 43608, 1.0: 4630, -1.0: 1062}
Iter-0: 82.27/32.75 | Iter-1: 122.54/38.55 | Iter-2: 143.63/60.84 | Iter-3: 125.95/55.23 | Iter-4: 105.98/40.99 | 
{0.0: 44028, 1.0: 4391, -1.0: 881}
Iter-0: 82.78/33.12 | Iter-1: 117.59/38.0 | Iter-2: 143.75/62.75 | Iter-3: 137.56/62.17 | Iter-4: 110.56/44.88 | 
{0.0: 43147, 1.0: 4882, -1.0: 1271}
Iter-0: 85.41/32.56 | Iter-1: 124.9/41.82 | Iter-2: 142.36/59.97 | Iter-3: 127.75/57.51 | Iter-4: 109.13/42.65 | 
{0.0: 44857, 1.0: 3937, -1.0: 506}
Iter-0: 85.55/33.48 | Iter-1: 120.43/38.03 | Iter-2: 149.53/63.52 | Iter-3: 137.01/58.93 | Iter-4: 117.27/45.07 | 
{0.0: 44437, 1.0: 4174, -1.0: 689}
Iter-0: 84.1/33.22 | Iter-1: 119.86/37.35 | Iter-2: 150.98/61.49 | Iter-3: 138.43/60.35 | Iter-4: 115.3/43.46 | 
{0.0: 42774, 1.0: 5083, -1.0: 1443}
Iter-0: 81.15/32.34 | Iter-1: 130.49/41.69 | Iter-2: 143.05/60.01 | Iter-3: 126.52/56.98 | Iter-4: 110.52/43.44 | 
{0.0: 42028, 1.0: 5451, -1.0: 1821}
Iter-0: 81.85/32.11 | Iter-1: 131.63/45.5 | Iter-2: 143.94/61.45 | Iter-3: 123.22/55.87 | Iter-4: 111.34/42.35 | 
{0.0: 42398, 1.0: 5288, -1.0: 1614}
Iter-0: 83.48/32.08 | Iter-1: 132.86/44.85 | Iter-2: 146.31/62.81 | Iter-3: 122.31/51.51 | Iter-4: 113.94/42.43 | 
{0.0: 41290, 1.0: 5789, -1.0: 2221}
Iter-0: 87.46/31.63 | Iter-1: 141.85/53.49 | Iter-2: 142.79/60.27 | Iter-3: 113.87/46.71 | Iter-4: 110.99/39.89 | 
{0.0: 41670, 1.0: 5610, -1.0: 2020}
Iter-0: 88.14/31.92 | Iter-1: 141.71/51.95 | Iter-2: 143.96/58.27 | Iter-3: 117.31/47.58 | Iter-4: 113.24/39.95 | 
prob_mse: 0.149861847194, running time: 863.967042923
7.0 ~~~~~~~~~~~~~~~~~~~~~~~~~~~~~~~~~~~~~~~~~~~~~~~~~~~~~~~~~~~~~~~`
dataset: slashdot method: Adv-CSL, #attack_edge:10000,T:10,test_ratio: 0.3,gamma:0.3
/network/rit/lab/ceashpc/adil/data/adv_csl/Jan2/random_pgd_gcn_vae/slashdot/slashdot-attackedges-10000-T-10-testratio-0.3-swap_ratio-0.01-gamma-0.3-realization-0-data-X.pkl
#Rule:2036920 Nodes:164336 Edges:2036920
0 Creating 10 consumers
{0.0: 44857, 1.0: 3937, -1.0: 506}
{0.0: 44437, 1.0: 4174, -1.0: 689}
{0.0: 44028, 1.0: 4391, -1.0: 881}
{0.0: 43608, 1.0: 4630, -1.0: 1062}
{0.0: 43147, 1.0: 4882, -1.0: 1271}
{0.0: 42774, 1.0: 5083, -1.0: 1443}
{0.0: 42398, 1.0: 5288, -1.0: 1614}
{0.0: 41670, 1.0: 5610, -1.0: 2020}
{0.0: 42028, 1.0: 5451, -1.0: 1821}
{0.0: 41290, 1.0: 5789, -1.0: 2221}
1 Creating 10 consumers
{0.0: 44437, 1.0: 4174, -1.0: 689}
Iter-0: 113.9/45.55 | Iter-1: 113.24/47.87 | Iter-2: 109.18/46.34 | Iter-3: 100.07/43.97 | Iter-4: 87.45/34.46 | 
{0.0: 44028, 1.0: 4391, -1.0: 881}
Iter-0: 113.74/44.08 | Iter-1: 113.03/47.89 | Iter-2: 109.06/45.31 | Iter-3: 97.92/42.11 | Iter-4: 87.72/34.38 | 
{0.0: 44857, 1.0: 3937, -1.0: 506}
Iter-0: 115.79/45.46 | Iter-1: 124.52/48.58 | Iter-2: 112.39/45.19 | Iter-3: 100.12/41.38 | Iter-4: 88.44/34.85 | 
{0.0: 43608, 1.0: 4630, -1.0: 1062}
Iter-0: 115.63/45.42 | Iter-1: 112.23/45.83 | Iter-2: 108.46/45.64 | Iter-3: 96.61/42.13 | Iter-4: 87.83/34.03 | 
{0.0: 43147, 1.0: 4882, -1.0: 1271}
Iter-0: 114.16/44.7 | Iter-1: 115.33/47.17 | Iter-2: 104.85/42.48 | Iter-3: 92.25/38.15 | Iter-4: 92.24/34.01 | 
{0.0: 42774, 1.0: 5083, -1.0: 1443}
Iter-0: 113.94/43.8 | Iter-1: 111.42/44.23 | Iter-2: 105.32/43.75 | Iter-3: 94.6/41.19 | Iter-4: 87.31/33.55 | 
{0.0: 42398, 1.0: 5288, -1.0: 1614}
Iter-0: 114.4/44.1 | Iter-1: 114.58/48.4 | Iter-2: 103.49/41.54 | Iter-3: 90.09/36.76 | Iter-4: 87.78/33.53 | 
{0.0: 41670, 1.0: 5610, -1.0: 2020}
Iter-0: 112.2/43.29 | Iter-1: 110.64/44.29 | Iter-2: 104.65/42.25 | Iter-3: 89.57/37.8 | Iter-4: 87.02/33.09 | 
{0.0: 42028, 1.0: 5451, -1.0: 1821}
Iter-0: 114.18/43.4 | Iter-1: 113.48/49.24 | Iter-2: 102.38/41.15 | Iter-3: 90.95/35.89 | Iter-4: 94.95/37.01 | 
{0.0: 41290, 1.0: 5789, -1.0: 2221}
Iter-0: 113.08/43.68 | Iter-1: 114.08/44.95 | Iter-2: 105.24/41.75 | Iter-3: 91.93/34.72 | Iter-4: 93.05/33.33 | 
prob_mse: 0.147478435429, running time: 889.137320995
8.0 ~~~~~~~~~~~~~~~~~~~~~~~~~~~~~~~~~~~~~~~~~~~~~~~~~~~~~~~~~~~~~~~`
dataset: slashdot method: Adv-CSL, #attack_edge:10000,T:10,test_ratio: 0.3,gamma:0.4
/network/rit/lab/ceashpc/adil/data/adv_csl/Jan2/random_pgd_gcn_vae/slashdot/slashdot-attackedges-10000-T-10-testratio-0.3-swap_ratio-0.01-gamma-0.4-realization-0-data-X.pkl
#Rule:2036920 Nodes:164336 Edges:2036920
0 Creating 10 consumers
{0.0: 44857, 1.0: 3937, -1.0: 506}
{0.0: 44437, 1.0: 4174, -1.0: 689}
{0.0: 44028, 1.0: 4391, -1.0: 881}
{0.0: 43608, 1.0: 4630, -1.0: 1062}
{0.0: 43147, 1.0: 4882, -1.0: 1271}
{0.0: 42774, 1.0: 5083, -1.0: 1443}
{0.0: 42398, 1.0: 5288, -1.0: 1614}
{0.0: 41670, 1.0: 5610, -1.0: 2020}
{0.0: 42028, 1.0: 5451, -1.0: 1821}
{0.0: 41290, 1.0: 5789, -1.0: 2221}
1 Creating 10 consumers
{0.0: 44437, 1.0: 4174, -1.0: 689}
Iter-0: 93.06/35.36 | Iter-1: 96.44/40.13 | Iter-2: 91.52/37.17 | Iter-3: 90.97/37.07 | Iter-4: 85.81/34.31 | 
{0.0: 44857, 1.0: 3937, -1.0: 506}
Iter-0: 95.34/35.66 | Iter-1: 97.83/39.52 | Iter-2: 94.47/37.87 | Iter-3: 93.33/37.78 | Iter-4: 87.97/34.78 | 
{0.0: 43608, 1.0: 4630, -1.0: 1062}
Iter-0: 94.51/36.18 | Iter-1: 94.14/38.16 | Iter-2: 91.77/36.82 | Iter-3: 91.8/36.94 | Iter-4: 90.36/34.02 | 
{0.0: 44028, 1.0: 4391, -1.0: 881}
Iter-0: 95.43/36.54 | Iter-1: 101.38/39.45 | Iter-2: 96.21/36.7 | Iter-3: 94.7/36.85 | Iter-4: 90.67/34.07 | 
{0.0: 42398, 1.0: 5288, -1.0: 1614}
Iter-0: 94.31/37.05 | Iter-1: 92.71/36.56 | Iter-2: 90.9/36.32 | Iter-3: 88.58/36.21 | Iter-4: 85.43/33.49 | 
{0.0: 42774, 1.0: 5083, -1.0: 1443}
Iter-0: 94.57/36.33 | Iter-1: 92.97/36.82 | Iter-2: 90.77/36.1 | Iter-3: 90.95/35.95 | Iter-4: 89.39/33.39 | 
{0.0: 43147, 1.0: 4882, -1.0: 1271}
Iter-0: 93.23/36.0 | Iter-1: 98.82/39.6 | Iter-2: 93.61/36.23 | Iter-3: 91.35/36.45 | Iter-4: 87.62/33.57 | 
{0.0: 42028, 1.0: 5451, -1.0: 1821}
Iter-0: 92.84/36.04 | Iter-1: 92.45/36.15 | Iter-2: 90.26/35.73 | Iter-3: 88.04/35.73 | Iter-4: 85.24/33.24 | 
{0.0: 41670, 1.0: 5610, -1.0: 2020}
Iter-0: 93.06/36.53 | Iter-1: 92.17/36.36 | Iter-2: 89.9/35.28 | Iter-3: 87.35/35.85 | Iter-4: 84.59/32.95 | 
{0.0: 41290, 1.0: 5789, -1.0: 2221}
Iter-0: 91.3/34.13 | Iter-1: 93.03/36.26 | Iter-2: 89.95/34.8 | Iter-3: 86.83/34.93 | Iter-4: 85.12/32.87 | 
prob_mse: 0.146048382691, running time: 740.982091904
9.0 ~~~~~~~~~~~~~~~~~~~~~~~~~~~~~~~~~~~~~~~~~~~~~~~~~~~~~~~~~~~~~~~`
dataset: slashdot method: Adv-CSL, #attack_edge:10000,T:10,test_ratio: 0.3,gamma:0.5
/network/rit/lab/ceashpc/adil/data/adv_csl/Jan2/random_pgd_gcn_vae/slashdot/slashdot-attackedges-10000-T-10-testratio-0.3-swap_ratio-0.01-gamma-0.5-realization-0-data-X.pkl
#Rule:2036920 Nodes:164336 Edges:2036920
0 Creating 10 consumers
{0.0: 24752, 1.0: 2718, -1.0: 21830}
{0.0: 24768, 1.0: 2732, -1.0: 21800}
{0.0: 24810, 1.0: 2735, -1.0: 21755}
{0.0: 24774, 1.0: 2731, -1.0: 21795}
{0.0: 24843, 1.0: 2736, -1.0: 21721}
{0.0: 24881, 1.0: 2738, -1.0: 21681}
{0.0: 24901, 1.0: 2744, -1.0: 21655}
{0.0: 24869, 1.0: 2747, -1.0: 21684}
{0.0: 24832, 1.0: 2743, -1.0: 21725}
{0.0: 24819, 1.0: 2740, -1.0: 21741}
1 Creating 10 consumers
{0.0: 24810, 1.0: 2735, -1.0: 21755}
{0.0: 24843, 1.0: 2736, -1.0: 21721}
{0.0: 24881, 1.0: 2738, -1.0: 21681}
{0.0: 24752, 1.0: 2718, -1.0: 21830}
Iter-0: 85.58/33.52 | Iter-1: 86.85/36.25 | Iter-2: 84.03/33.12 | Iter-3: 90.67/34.34 | Iter-4: 92.36/34.19 | 
{0.0: 24768, 1.0: 2732, -1.0: 21800}
Iter-0: 88.69/33.67 | Iter-1: 89.32/36.06 | Iter-2: 86.57/33.35 | Iter-3: 87.6/34.18 | Iter-4: 88.79/33.98 | 
{0.0: 24901, 1.0: 2744, -1.0: 21655}
Iter-0: 85.75/33.62 | Iter-1: 87.16/35.93 | Iter-2: 84.44/33.51 | Iter-3: 85.56/34.29 | Iter-4: 87.49/34.03 | 
{0.0: 24832, 1.0: 2743, -1.0: 21725}
Iter-0: 85.32/33.56 | Iter-1: 87.01/36.25 | Iter-2: 83.58/33.09 | Iter-3: 84.94/34.08 | Iter-4: 87.29/33.78 | 
{0.0: 24774, 1.0: 2731, -1.0: 21795}
Iter-0: 87.31/33.38 | Iter-1: 87.95/35.72 | Iter-2: 94.07/36.34 | Iter-3: 95.87/37.85 | Iter-4: 97.37/37.43 | 
{0.0: 24869, 1.0: 2747, -1.0: 21684}
Iter-0: 85.62/33.74 | Iter-1: 91.71/36.11 | Iter-2: 89.34/33.48 | Iter-3: 90.3/34.35 | Iter-4: 90.12/34.09 | 
{0.0: 24819, 1.0: 2740, -1.0: 21741}
Iter-0: 88.21/33.61 | Iter-1: 91.37/36.28 | Iter-2: 88.14/33.02 | Iter-3: 89.2/34.14 | Iter-4: 87.96/33.93 | 
prob_mse: 0.412838236646, running time: 726.021717072
