

--------------------------------------------------
--------------------------------------------------

-------------------Wed, 23 Jan 2019 01:35:16 PM EST---------------------

0 ~~~~~~~~~~~~~~~~~~~~~~~~~~~~~~~~~~~~~~~~~~~~~~~~~~~~~~~~~~~~~~~`
dataset: enron method: Adv-CSL, #attack_edge:10000,T:10,test_ratio: 0.3,gamma:0.0
/network/rit/lab/ceashpc/adil/data/adv_csl/Jan2/random_noise/enron/enron-attackedges-10000-T-10-testratio-0.3-swap_ratio-0.01-gamma-0.0-realization-0-data-X.pkl
#Rule:743244 Nodes:67392 Edges:743244
0 Creating 10 consumers
{0.0: 18011, 1.0: 1839, -1.0: 368}
{0.0: 17807, 1.0: 1942, -1.0: 469}
{0.0: 17542, 1.0: 2100, -1.0: 576}
{0.0: 17174, 1.0: 2334, -1.0: 710}
{0.0: 16862, 1.0: 2462, -1.0: 894}
{0.0: 16662, 1.0: 2546, -1.0: 1010}
{0.0: 16463, 1.0: 2662, -1.0: 1093}
{0.0: 16286, 1.0: 2786, -1.0: 1146}
{0.0: 16111, 1.0: 2883, -1.0: 1224}
{0.0: 15885, 1.0: 3039, -1.0: 1294}
1 Creating 10 consumers
{0.0: 17542, 1.0: 2100, -1.0: 576}
Iter-0: 26.05/6.9 | Iter-1: 30.82/12.3 | Iter-2: 28.3/9.71 | Iter-3: 29.18/10.45 | Iter-4: 30.87/10.47 | 
{0.0: 17807, 1.0: 1942, -1.0: 469}
Iter-0: 27.35/6.94 | Iter-1: 32.16/12.37 | Iter-2: 29.35/9.83 | Iter-3: 29.71/10.44 | Iter-4: 30.85/10.87 | 
{0.0: 18011, 1.0: 1839, -1.0: 368}
Iter-0: 27.44/7.01 | Iter-1: 32.42/12.54 | Iter-2: 29.86/9.83 | Iter-3: 30.29/10.58 | Iter-4: 32.51/10.75 | 
{0.0: 17174, 1.0: 2334, -1.0: 710}
Iter-0: 26.17/6.91 | Iter-1: 30.87/12.27 | Iter-2: 28.4/9.69 | Iter-3: 30.35/10.47 | Iter-4: 32.0/10.45 | 
{0.0: 16463, 1.0: 2662, -1.0: 1093}
Iter-0: 25.86/6.91 | Iter-1: 30.46/12.03 | Iter-2: 28.11/9.61 | Iter-3: 29.71/10.32 | Iter-4: 31.05/10.29 | 
{0.0: 16662, 1.0: 2546, -1.0: 1010}
Iter-0: 25.96/6.9 | Iter-1: 30.61/12.09 | Iter-2: 28.29/9.71 | Iter-3: 30.24/10.31 | Iter-4: 32.02/10.4 | 
{0.0: 16862, 1.0: 2462, -1.0: 894}
Iter-0: 26.46/6.94 | Iter-1: 31.95/12.18 | Iter-2: 29.59/9.67 | Iter-3: 32.16/11.32 | Iter-4: 32.67/11.36 | 
{0.0: 16111, 1.0: 2883, -1.0: 1224}
Iter-0: 26.0/6.89 | Iter-1: 30.53/11.92 | Iter-2: 28.3/9.57 | Iter-3: 29.55/10.19 | Iter-4: 31.84/10.24 | 
{0.0: 16286, 1.0: 2786, -1.0: 1146}
Iter-0: 25.78/6.87 | Iter-1: 32.06/12.16 | Iter-2: 29.83/9.71 | Iter-3: 30.86/10.33 | Iter-4: 32.29/10.46 | 
{0.0: 15885, 1.0: 3039, -1.0: 1294}
Iter-0: 26.08/6.85 | Iter-1: 30.58/11.86 | Iter-2: 28.55/9.55 | Iter-3: 30.01/10.17 | Iter-4: 31.84/10.56 | 
prob_mse: 0.142126026313, running time: 238.063203096
1.0 ~~~~~~~~~~~~~~~~~~~~~~~~~~~~~~~~~~~~~~~~~~~~~~~~~~~~~~~~~~~~~~~`
dataset: enron method: Adv-CSL, #attack_edge:10000,T:10,test_ratio: 0.3,gamma:0.01
/network/rit/lab/ceashpc/adil/data/adv_csl/Jan2/random_noise/enron/enron-attackedges-10000-T-10-testratio-0.3-swap_ratio-0.01-gamma-0.01-realization-0-data-X.pkl
#Rule:743244 Nodes:67392 Edges:743244
0 Creating 10 consumers
{0.0: 18011, 1.0: 1839, -1.0: 368}
{0.0: 17807, 1.0: 1942, -1.0: 469}
{0.0: 17174, 1.0: 2334, -1.0: 710}
{0.0: 17542, 1.0: 2100, -1.0: 576}
{0.0: 16862, 1.0: 2462, -1.0: 894}
{0.0: 16662, 1.0: 2546, -1.0: 1010}
{0.0: 16463, 1.0: 2662, -1.0: 1093}
{0.0: 16286, 1.0: 2786, -1.0: 1146}
{0.0: 16111, 1.0: 2883, -1.0: 1224}
{0.0: 15885, 1.0: 3039, -1.0: 1294}
1 Creating 10 consumers
{0.0: 18011, 1.0: 1839, -1.0: 368}
Iter-0: 34.04/14.36 | Iter-1: 37.08/15.84 | Iter-2: 35.99/14.46 | Iter-3: 34.63/15.28 | Iter-4: 32.77/13.58 | 
{0.0: 17542, 1.0: 2100, -1.0: 576}
Iter-0: 34.12/14.06 | Iter-1: 36.03/14.71 | Iter-2: 35.96/14.13 | Iter-3: 35.0/15.43 | Iter-4: 32.53/13.65 | 
{0.0: 17807, 1.0: 1942, -1.0: 469}
Iter-0: 35.24/14.8 | Iter-1: 35.82/14.92 | Iter-2: 36.17/14.56 | Iter-3: 35.31/14.96 | Iter-4: 34.93/14.46 | 
{0.0: 16862, 1.0: 2462, -1.0: 894}
Iter-0: 34.17/14.62 | Iter-1: 35.49/14.9 | Iter-2: 35.62/14.41 | Iter-3: 34.49/14.47 | Iter-4: 33.78/13.47 | 
{0.0: 16463, 1.0: 2662, -1.0: 1093}
Iter-0: 33.9/14.0 | Iter-1: 34.65/14.42 | Iter-2: 35.41/15.24 | Iter-3: 33.41/14.29 | Iter-4: 32.15/13.26 | 
{0.0: 17174, 1.0: 2334, -1.0: 710}
Iter-0: 34.85/14.56 | Iter-1: 36.2/14.9 | Iter-2: 36.73/14.39 | Iter-3: 35.12/14.84 | Iter-4: 33.66/13.41 | 
{0.0: 16662, 1.0: 2546, -1.0: 1010}
Iter-0: 34.15/13.77 | Iter-1: 36.66/15.5 | Iter-2: 37.76/14.89 | Iter-3: 33.77/13.82 | Iter-4: 32.49/13.53 | 
{0.0: 16111, 1.0: 2883, -1.0: 1224}
Iter-0: 32.25/13.1 | Iter-1: 36.26/15.55 | Iter-2: 36.55/14.89 | Iter-3: 32.23/13.34 | Iter-4: 31.42/13.0 | 
{0.0: 16286, 1.0: 2786, -1.0: 1146}
Iter-0: 33.21/13.44 | Iter-1: 39.15/17.07 | Iter-2: 35.35/14.66 | Iter-3: 33.81/13.22 | Iter-4: 33.15/13.14 | 
{0.0: 15885, 1.0: 3039, -1.0: 1294}
Iter-0: 32.85/13.61 | Iter-1: 36.79/16.12 | Iter-2: 36.34/14.31 | Iter-3: 33.89/13.59 | Iter-4: 33.34/13.15 | 
prob_mse: 0.165529739176, running time: 273.458993912
2.0 ~~~~~~~~~~~~~~~~~~~~~~~~~~~~~~~~~~~~~~~~~~~~~~~~~~~~~~~~~~~~~~~`
dataset: enron method: Adv-CSL, #attack_edge:10000,T:10,test_ratio: 0.3,gamma:0.03
/network/rit/lab/ceashpc/adil/data/adv_csl/Jan2/random_noise/enron/enron-attackedges-10000-T-10-testratio-0.3-swap_ratio-0.01-gamma-0.03-realization-0-data-X.pkl
#Rule:743244 Nodes:67392 Edges:743244
0 Creating 10 consumers
{0.0: 18011, 1.0: 1839, -1.0: 368}
{0.0: 17807, 1.0: 1942, -1.0: 469}
{0.0: 17174, 1.0: 2334, -1.0: 710}
{0.0: 16862, 1.0: 2462, -1.0: 894}
{0.0: 17542, 1.0: 2100, -1.0: 576}
{0.0: 16662, 1.0: 2546, -1.0: 1010}
{0.0: 16463, 1.0: 2662, -1.0: 1093}
{0.0: 16286, 1.0: 2786, -1.0: 1146}
{0.0: 16111, 1.0: 2883, -1.0: 1224}
{0.0: 15885, 1.0: 3039, -1.0: 1294}
1 Creating 10 consumers
{0.0: 18011, 1.0: 1839, -1.0: 368}
Iter-0: 33.26/13.94 | Iter-1: 35.04/15.21 | Iter-2: 33.82/14.45 | Iter-3: 33.41/14.12 | Iter-4: 33.17/14.04 | 
{0.0: 17807, 1.0: 1942, -1.0: 469}
Iter-0: 32.85/13.86 | Iter-1: 34.6/14.99 | Iter-2: 33.21/14.19 | Iter-3: 33.25/13.87 | Iter-4: 33.26/14.03 | 
{0.0: 17174, 1.0: 2334, -1.0: 710}
Iter-0: 33.95/13.81 | Iter-1: 36.82/15.81 | Iter-2: 34.58/14.45 | Iter-3: 33.14/13.68 | Iter-4: 32.6/13.69 | 
{0.0: 16862, 1.0: 2462, -1.0: 894}
Iter-0: 33.21/13.58 | Iter-1: 36.77/15.75 | Iter-2: 33.32/14.19 | Iter-3: 34.06/13.76 | Iter-4: 32.87/13.69 | 
{0.0: 17542, 1.0: 2100, -1.0: 576}
Iter-0: 34.65/13.92 | Iter-1: 39.18/16.68 | Iter-2: 35.27/15.2 | Iter-3: 36.24/15.36 | Iter-4: 33.93/14.0 | 
{0.0: 16662, 1.0: 2546, -1.0: 1010}
Iter-0: 33.68/13.68 | Iter-1: 36.12/15.73 | Iter-2: 33.43/14.39 | Iter-3: 34.46/13.6 | Iter-4: 33.38/13.61 | 
{0.0: 16463, 1.0: 2662, -1.0: 1093}
Iter-0: 33.98/14.03 | Iter-1: 35.57/15.43 | Iter-2: 33.74/14.16 | Iter-3: 34.53/13.6 | Iter-4: 33.18/13.68 | 
{0.0: 16111, 1.0: 2883, -1.0: 1224}
Iter-0: 34.34/14.04 | Iter-1: 34.42/14.66 | Iter-2: 32.78/13.79 | Iter-3: 34.16/13.33 | Iter-4: 33.3/13.48 | 
{0.0: 16286, 1.0: 2786, -1.0: 1146}
Iter-0: 33.32/13.75 | Iter-1: 35.7/15.18 | Iter-2: 34.13/13.95 | Iter-3: 34.76/13.49 | Iter-4: 33.33/13.46 | 
{0.0: 15885, 1.0: 3039, -1.0: 1294}
Iter-0: 34.16/13.74 | Iter-1: 34.65/14.86 | Iter-2: 33.38/13.67 | Iter-3: 34.74/13.5 | Iter-4: 33.29/13.51 | 
prob_mse: 0.16531127708, running time: 276.103870153
3.0 ~~~~~~~~~~~~~~~~~~~~~~~~~~~~~~~~~~~~~~~~~~~~~~~~~~~~~~~~~~~~~~~`
dataset: enron method: Adv-CSL, #attack_edge:10000,T:10,test_ratio: 0.3,gamma:0.05
/network/rit/lab/ceashpc/adil/data/adv_csl/Jan2/random_noise/enron/enron-attackedges-10000-T-10-testratio-0.3-swap_ratio-0.01-gamma-0.05-realization-0-data-X.pkl
#Rule:743244 Nodes:67392 Edges:743244
0 Creating 10 consumers
{0.0: 18358, 1.0: 1463, -1.0: 397}
{0.0: 18157, 1.0: 1572, -1.0: 489}
{0.0: 17869, 1.0: 1751, -1.0: 598}
{0.0: 17529, 1.0: 1979, -1.0: 710}
{0.0: 17236, 1.0: 2109, -1.0: 873}
{0.0: 17034, 1.0: 2190, -1.0: 994}
{0.0: 16817, 1.0: 2349, -1.0: 1052}
{0.0: 16645, 1.0: 2442, -1.0: 1131}
{0.0: 16462, 1.0: 2536, -1.0: 1220}
{0.0: 16227, 1.0: 2674, -1.0: 1317}
1 Creating 10 consumers
{0.0: 18358, 1.0: 1463, -1.0: 397}
Iter-0: 32.72/14.06 | Iter-1: 33.72/15.14 | Iter-2: 33.45/14.37 | Iter-3: 32.69/14.13 | Iter-4: 34.72/14.23 | 
{0.0: 18157, 1.0: 1572, -1.0: 489}
Iter-0: 33.05/13.92 | Iter-1: 34.21/14.99 | Iter-2: 34.04/14.23 | Iter-3: 33.62/14.07 | Iter-4: 33.68/14.14 | 
{0.0: 17034, 1.0: 2190, -1.0: 994}
Iter-0: 31.74/13.35 | Iter-1: 33.03/14.51 | Iter-2: 32.93/13.82 | Iter-3: 32.09/13.66 | Iter-4: 34.09/13.69 | 
{0.0: 16817, 1.0: 2349, -1.0: 1052}
Iter-0: 31.99/13.25 | Iter-1: 33.36/14.65 | Iter-2: 32.71/13.66 | Iter-3: 31.98/13.56 | Iter-4: 32.65/13.62 | 
{0.0: 17529, 1.0: 1979, -1.0: 710}
Iter-0: 34.12/13.81 | Iter-1: 34.79/14.91 | Iter-2: 33.38/14.04 | Iter-3: 32.73/14.07 | Iter-4: 33.66/13.89 | 
{0.0: 17869, 1.0: 1751, -1.0: 598}
Iter-0: 33.33/13.83 | Iter-1: 34.45/14.98 | Iter-2: 34.26/14.21 | Iter-3: 34.28/14.11 | Iter-4: 34.77/14.9 | 
{0.0: 16462, 1.0: 2536, -1.0: 1220}
Iter-0: 31.65/13.12 | Iter-1: 32.83/14.32 | Iter-2: 32.62/13.55 | Iter-3: 32.0/13.49 | Iter-4: 32.52/13.57 | 
{0.0: 17236, 1.0: 2109, -1.0: 873}
Iter-0: 31.86/13.44 | Iter-1: 33.84/14.6 | Iter-2: 35.13/13.96 | Iter-3: 35.72/15.12 | Iter-4: 33.23/14.16 | 
{0.0: 16645, 1.0: 2442, -1.0: 1131}
Iter-0: 31.82/13.22 | Iter-1: 33.41/14.63 | Iter-2: 32.53/13.61 | Iter-3: 33.94/13.65 | Iter-4: 33.66/13.65 | 
{0.0: 16227, 1.0: 2674, -1.0: 1317}
Iter-0: 31.69/12.98 | Iter-1: 32.83/14.16 | Iter-2: 33.32/13.43 | Iter-3: 33.09/13.42 | Iter-4: 34.39/13.89 | 
prob_mse: 0.15121895011, running time: 269.264364004
4.0 ~~~~~~~~~~~~~~~~~~~~~~~~~~~~~~~~~~~~~~~~~~~~~~~~~~~~~~~~~~~~~~~`
dataset: enron method: Adv-CSL, #attack_edge:10000,T:10,test_ratio: 0.3,gamma:0.07
/network/rit/lab/ceashpc/adil/data/adv_csl/Jan2/random_noise/enron/enron-attackedges-10000-T-10-testratio-0.3-swap_ratio-0.01-gamma-0.07-realization-0-data-X.pkl
#Rule:743244 Nodes:67392 Edges:743244
0 Creating 10 consumers
{0.0: 18358, 1.0: 1463, -1.0: 397}
{0.0: 17869, 1.0: 1751, -1.0: 598}
{0.0: 18157, 1.0: 1572, -1.0: 489}
{0.0: 17529, 1.0: 1979, -1.0: 710}
{0.0: 17034, 1.0: 2190, -1.0: 994}
{0.0: 17236, 1.0: 2109, -1.0: 873}
{0.0: 16817, 1.0: 2349, -1.0: 1052}
{0.0: 16645, 1.0: 2442, -1.0: 1131}
{0.0: 16462, 1.0: 2536, -1.0: 1220}
{0.0: 16227, 1.0: 2674, -1.0: 1317}
1 Creating 10 consumers
{0.0: 17869, 1.0: 1751, -1.0: 598}
Iter-0: 32.87/13.76 | Iter-1: 33.42/14.87 | Iter-2: 32.74/14.16 | Iter-3: 33.47/14.01 | Iter-4: 32.61/14.01 | 
{0.0: 17529, 1.0: 1979, -1.0: 710}
Iter-0: 32.77/13.69 | Iter-1: 33.47/14.91 | Iter-2: 32.74/14.15 | Iter-3: 33.04/14.03 | Iter-4: 32.75/14.06 | 
{0.0: 18157, 1.0: 1572, -1.0: 489}
Iter-0: 33.76/14.02 | Iter-1: 34.45/15.19 | Iter-2: 33.54/14.4 | Iter-3: 34.06/14.18 | Iter-4: 33.82/14.23 | 
{0.0: 17034, 1.0: 2190, -1.0: 994}
Iter-0: 32.41/13.36 | Iter-1: 33.21/14.58 | Iter-2: 32.4/13.82 | Iter-3: 34.4/13.76 | Iter-4: 33.58/13.89 | 
{0.0: 16645, 1.0: 2442, -1.0: 1131}
Iter-0: 32.0/13.14 | Iter-1: 32.87/14.36 | Iter-2: 32.07/13.65 | Iter-3: 32.8/13.68 | Iter-4: 32.61/13.69 | 
{0.0: 16462, 1.0: 2536, -1.0: 1220}
Iter-0: 32.2/13.09 | Iter-1: 33.17/14.34 | Iter-2: 32.29/13.62 | Iter-3: 32.81/13.58 | Iter-4: 32.47/13.62 | 
{0.0: 17236, 1.0: 2109, -1.0: 873}
Iter-0: 32.73/13.59 | Iter-1: 35.38/15.13 | Iter-2: 34.38/14.08 | Iter-3: 35.21/13.99 | Iter-4: 34.01/13.95 | 
{0.0: 18358, 1.0: 1463, -1.0: 397}
Iter-0: 36.52/15.57 | Iter-1: 37.13/16.82 | Iter-2: 36.24/15.95 | Iter-3: 36.45/15.71 | Iter-4: 34.2/14.35 | 
{0.0: 16817, 1.0: 2349, -1.0: 1052}
Iter-0: 32.31/13.24 | Iter-1: 34.7/14.51 | Iter-2: 34.95/14.15 | Iter-3: 33.05/13.84 | Iter-4: 33.88/13.78 | 
{0.0: 16227, 1.0: 2674, -1.0: 1317}
Iter-0: 33.34/13.14 | Iter-1: 33.66/14.28 | Iter-2: 33.15/13.53 | Iter-3: 34.46/13.5 | Iter-4: 35.54/15.13 | 
prob_mse: 0.151004619646, running time: 274.730630159
