

--------------------------------------------------
--------------------------------------------------

-------------------Mon, 21 Jan 2019 04:57:17 PM EST---------------------

0 ~~~~~~~~~~~~~~~~~~~~~~~~~~~~~~~~~~~~~~~~~~~~~~~~~~~~~~~~~~~~~~~`
dataset: facebook method: Adv-CSL, #attack_edge:10000,T:10,test_ratio: 0.3,gamma:0.0
/network/rit/lab/ceashpc/adil/data/adv_csl/Jan2/random_pgd/facebook/facebook-attackedges-10000-T-10-testratio-0.3-swap_ratio-0.01-gamma-0.0-realization-1-data-X.pkl
#Rule:372936 Nodes:8078 Edges:372936
0 Creating 10 consumers
{0.0: 2248, 1.0: 94, -1.0: 82}

{0.0: 2189, 1.0: 125, -1.0: 110}

{0.0: 2232, 1.0: 98, -1.0: 94}

{0.0: 2210, 1.0: 110, -1.0: 104}

{0.0: 2169, 1.0: 143, -1.0: 112}

{0.0: 2155, 1.0: 155, -1.0: 114}

{0.0: 2122, 1.0: 179, -1.0: 123}

{0.0: 2101, 1.0: 193, -1.0: 130}

{0.0: 2079, 1.0: 207, -1.0: 138}

{0.0: 2062, 1.0: 217, -1.0: 145}

1 Creating 10 consumers
{0.0: 2169, 1.0: 143, -1.0: 112}

{0.0: 2189, 1.0: 125, -1.0: 110}

{0.0: 2155, 1.0: 155, -1.0: 114}
Iter-0: 9.75/3.44 | Iter-1: 11.8/5.42 | 
{0.0: 2122, 1.0: 179, -1.0: 123}
Iter-0: 9.79/3.43 | Iter-1: 11.85/5.43 | 
{0.0: 2101, 1.0: 193, -1.0: 130}
Iter-0: 9.81/3.45 | Iter-1: 11.89/5.46 | 
{0.0: 2079, 1.0: 207, -1.0: 138}
Iter-0: 9.89/3.43 | Iter-1: 11.91/5.27 | 
{0.0: 2232, 1.0: 98, -1.0: 94}
Iter-0: 9.9/3.45 | Iter-1: 11.8/5.49 | Iter-2: 10.63/4.14 | 
{0.0: 2210, 1.0: 110, -1.0: 104}
Iter-0: 10.06/3.45 | Iter-1: 11.9/5.43 | Iter-2: 10.79/4.12 | 
{0.0: 2248, 1.0: 94, -1.0: 82}
Iter-0: 10.63/3.82 | Iter-1: 12.77/6.12 | Iter-2: 11.44/4.62 | 
{0.0: 2062, 1.0: 217, -1.0: 145}
Iter-0: 9.78/3.42 | Iter-1: 11.81/5.37 | Iter-2: 10.79/4.2 | 
prob_mse: 0.0930453520352, running time: 70.3162379265
1.0 ~~~~~~~~~~~~~~~~~~~~~~~~~~~~~~~~~~~~~~~~~~~~~~~~~~~~~~~~~~~~~~~`
dataset: facebook method: Adv-CSL, #attack_edge:10000,T:10,test_ratio: 0.3,gamma:0.01
/network/rit/lab/ceashpc/adil/data/adv_csl/Jan2/random_pgd/facebook/facebook-attackedges-10000-T-10-testratio-0.3-swap_ratio-0.01-gamma-0.01-realization-1-data-X.pkl
#Rule:372936 Nodes:8078 Edges:372936
0 Creating 10 consumers
{0.0: 2210, 1.0: 110, -1.0: 104}

{0.0: 2232, 1.0: 98, -1.0: 94}

{0.0: 2248, 1.0: 94, -1.0: 82}

{0.0: 2169, 1.0: 143, -1.0: 112}

{0.0: 2189, 1.0: 125, -1.0: 110}

{0.0: 2155, 1.0: 155, -1.0: 114}

{0.0: 2122, 1.0: 179, -1.0: 123}

{0.0: 2101, 1.0: 193, -1.0: 130}

{0.0: 2079, 1.0: 207, -1.0: 138}

{0.0: 2062, 1.0: 217, -1.0: 145}

1 Creating 10 consumers
{0.0: 2189, 1.0: 125, -1.0: 110}

{0.0: 2169, 1.0: 143, -1.0: 112}

{0.0: 2210, 1.0: 110, -1.0: 104}
Iter-0: 12.55/6.12 | Iter-1: 13.35/6.81 | Iter-2: 12.87/6.24 | Iter-3: 12.4/5.94 | Iter-4: 12.14/5.74 | 
{0.0: 2155, 1.0: 155, -1.0: 114}
Iter-0: 12.7/6.05 | Iter-1: 12.98/6.53 | Iter-2: 12.72/6.05 | Iter-3: 12.19/5.76 | Iter-4: 11.96/5.52 | 
{0.0: 2232, 1.0: 98, -1.0: 94}
Iter-0: 12.93/6.19 | Iter-1: 13.62/6.83 | Iter-2: 13.4/6.38 | Iter-3: 12.78/6.0 | Iter-4: 12.57/5.81 | 
{0.0: 2122, 1.0: 179, -1.0: 123}
Iter-0: 12.6/5.99 | Iter-1: 12.96/6.48 | Iter-2: 12.73/6.02 | Iter-3: 12.24/5.72 | Iter-4: 12.0/5.49 | 
{0.0: 2062, 1.0: 217, -1.0: 145}
Iter-0: 12.29/5.87 | Iter-1: 12.63/6.32 | Iter-2: 12.43/5.92 | Iter-3: 11.97/5.62 | Iter-4: 11.72/5.36 | 
{0.0: 2248, 1.0: 94, -1.0: 82}
Iter-0: 13.57/6.96 | Iter-1: 14.04/7.55 | Iter-2: 13.52/6.76 | Iter-3: 13.03/6.48 | Iter-4: 12.75/6.22 | 
{0.0: 2101, 1.0: 193, -1.0: 130}
Iter-0: 12.62/5.99 | Iter-1: 13.27/6.61 | Iter-2: 13.06/6.18 | Iter-3: 12.53/5.86 | Iter-4: 12.2/5.6 | 
{0.0: 2079, 1.0: 207, -1.0: 138}
Iter-0: 12.42/5.89 | Iter-1: 13.45/6.61 | Iter-2: 13.2/6.14 | Iter-3: 12.69/5.85 | Iter-4: 12.24/5.58 | 
prob_mse: 0.281993289329, running time: 93.7392208576
2.0 ~~~~~~~~~~~~~~~~~~~~~~~~~~~~~~~~~~~~~~~~~~~~~~~~~~~~~~~~~~~~~~~`
dataset: facebook method: Adv-CSL, #attack_edge:10000,T:10,test_ratio: 0.3,gamma:0.03
/network/rit/lab/ceashpc/adil/data/adv_csl/Jan2/random_pgd/facebook/facebook-attackedges-10000-T-10-testratio-0.3-swap_ratio-0.01-gamma-0.03-realization-1-data-X.pkl
#Rule:372936 Nodes:8078 Edges:372936
0 Creating 10 consumers
{0.0: 2248, 1.0: 94, -1.0: 82}

{0.0: 2232, 1.0: 98, -1.0: 94}

{0.0: 2210, 1.0: 110, -1.0: 104}

{0.0: 2189, 1.0: 125, -1.0: 110}

{0.0: 2169, 1.0: 143, -1.0: 112}

{0.0: 2155, 1.0: 155, -1.0: 114}

{0.0: 2122, 1.0: 179, -1.0: 123}

{0.0: 2101, 1.0: 193, -1.0: 130}

{0.0: 2079, 1.0: 207, -1.0: 138}

{0.0: 2062, 1.0: 217, -1.0: 145}

1 Creating 10 consumers
{0.0: 2189, 1.0: 125, -1.0: 110}

{0.0: 2169, 1.0: 143, -1.0: 112}

{0.0: 2248, 1.0: 94, -1.0: 82}
Iter-0: 12.58/6.21 | Iter-1: 13.24/7.02 | Iter-2: 12.59/6.38 | Iter-3: 12.14/5.94 | Iter-4: 12.04/5.83 | 
{0.0: 2210, 1.0: 110, -1.0: 104}
Iter-0: 12.66/6.09 | Iter-1: 13.34/6.9 | Iter-2: 12.76/6.3 | Iter-3: 12.34/5.89 | Iter-4: 12.21/5.78 | 
{0.0: 2232, 1.0: 98, -1.0: 94}
Iter-0: 12.53/6.17 | Iter-1: 13.53/7.12 | Iter-2: 13.03/6.63 | Iter-3: 12.57/6.17 | Iter-4: 12.53/6.1 | 
{0.0: 2155, 1.0: 155, -1.0: 114}
Iter-0: 12.34/5.98 | Iter-1: 12.94/6.72 | Iter-2: 12.52/6.29 | Iter-3: 12.1/5.88 | Iter-4: 11.98/5.79 | 
{0.0: 2122, 1.0: 179, -1.0: 123}
Iter-0: 12.33/5.96 | Iter-1: 12.93/6.69 | Iter-2: 12.5/6.26 | Iter-3: 12.08/5.86 | Iter-4: 11.97/5.78 | 
{0.0: 2101, 1.0: 193, -1.0: 130}
Iter-0: 12.35/5.96 | Iter-1: 13.25/6.85 | Iter-2: 12.86/6.47 | Iter-3: 12.42/6.02 | Iter-4: 12.28/5.95 | 
{0.0: 2079, 1.0: 207, -1.0: 138}
Iter-0: 12.29/5.89 | Iter-1: 13.26/6.8 | Iter-2: 12.84/6.38 | Iter-3: 12.45/5.98 | Iter-4: 12.21/5.91 | 
{0.0: 2062, 1.0: 217, -1.0: 145}
Iter-0: 12.27/5.81 | Iter-1: 13.22/6.73 | Iter-2: 12.82/6.33 | Iter-3: 12.43/5.92 | Iter-4: 12.2/5.86 | 
prob_mse: 0.279689851485, running time: 94.0362520218
3.0 ~~~~~~~~~~~~~~~~~~~~~~~~~~~~~~~~~~~~~~~~~~~~~~~~~~~~~~~~~~~~~~~`
dataset: facebook method: Adv-CSL, #attack_edge:10000,T:10,test_ratio: 0.3,gamma:0.05
/network/rit/lab/ceashpc/adil/data/adv_csl/Jan2/random_pgd/facebook/facebook-attackedges-10000-T-10-testratio-0.3-swap_ratio-0.01-gamma-0.05-realization-1-data-X.pkl
#Rule:372936 Nodes:8078 Edges:372936
0 Creating 10 consumers
{0.0: 2248, 1.0: 94, -1.0: 82}

{0.0: 2232, 1.0: 98, -1.0: 94}

{0.0: 2210, 1.0: 110, -1.0: 104}

{0.0: 2189, 1.0: 125, -1.0: 110}

{0.0: 2169, 1.0: 143, -1.0: 112}

{0.0: 2155, 1.0: 155, -1.0: 114}

{0.0: 2122, 1.0: 179, -1.0: 123}

{0.0: 2079, 1.0: 207, -1.0: 138}

{0.0: 2101, 1.0: 193, -1.0: 130}

{0.0: 2062, 1.0: 217, -1.0: 145}

1 Creating 10 consumers
{0.0: 2169, 1.0: 143, -1.0: 112}

{0.0: 2189, 1.0: 125, -1.0: 110}

{0.0: 2248, 1.0: 94, -1.0: 82}
Iter-0: 12.53/6.2 | Iter-1: 13.39/7.2 | Iter-2: 12.92/6.53 | Iter-3: 12.37/6.19 | Iter-4: 12.16/5.99 | 
{0.0: 2232, 1.0: 98, -1.0: 94}
Iter-0: 12.86/6.19 | Iter-1: 13.61/7.15 | Iter-2: 13.33/6.61 | Iter-3: 12.74/6.29 | Iter-4: 12.59/6.05 | 
{0.0: 2210, 1.0: 110, -1.0: 104}
Iter-0: 12.74/6.11 | Iter-1: 13.59/7.14 | Iter-2: 13.39/6.66 | Iter-3: 12.76/6.3 | Iter-4: 12.62/6.14 | 
{0.0: 2079, 1.0: 207, -1.0: 138}
Iter-0: 12.25/5.93 | Iter-1: 12.95/6.73 | Iter-2: 12.73/6.31 | Iter-3: 12.25/6.04 | Iter-4: 12.14/5.83 | 
{0.0: 2155, 1.0: 155, -1.0: 114}
Iter-0: 12.38/6.04 | Iter-1: 13.37/7.0 | Iter-2: 13.27/6.65 | Iter-3: 12.69/6.29 | Iter-4: 12.43/6.14 | 
{0.0: 2122, 1.0: 179, -1.0: 123}
Iter-0: 12.49/6.01 | Iter-1: 13.17/6.8 | Iter-2: 13.01/6.39 | Iter-3: 12.5/6.11 | Iter-4: 12.41/5.9 | 
{0.0: 2101, 1.0: 193, -1.0: 130}
Iter-0: 12.3/5.97 | Iter-1: 13.27/6.89 | Iter-2: 13.17/6.58 | Iter-3: 12.59/6.2 | Iter-4: 12.35/6.08 | 
{0.0: 2062, 1.0: 217, -1.0: 145}
Iter-0: 12.2/5.86 | Iter-1: 13.18/6.77 | Iter-2: 13.1/6.47 | Iter-3: 12.54/6.12 | Iter-4: 12.19/5.98 | 
prob_mse: 0.276011276128, running time: 94.8282740116
4.0 ~~~~~~~~~~~~~~~~~~~~~~~~~~~~~~~~~~~~~~~~~~~~~~~~~~~~~~~~~~~~~~~`
dataset: facebook method: Adv-CSL, #attack_edge:10000,T:10,test_ratio: 0.3,gamma:0.07
/network/rit/lab/ceashpc/adil/data/adv_csl/Jan2/random_pgd/facebook/facebook-attackedges-10000-T-10-testratio-0.3-swap_ratio-0.01-gamma-0.07-realization-1-data-X.pkl
#Rule:372936 Nodes:8078 Edges:372936
0 Creating 10 consumers
{0.0: 2232, 1.0: 98, -1.0: 94}

{0.0: 2248, 1.0: 94, -1.0: 82}

{0.0: 2210, 1.0: 110, -1.0: 104}

{0.0: 2189, 1.0: 125, -1.0: 110}

{0.0: 2169, 1.0: 143, -1.0: 112}

{0.0: 2155, 1.0: 155, -1.0: 114}

{0.0: 2122, 1.0: 179, -1.0: 123}

{0.0: 2101, 1.0: 193, -1.0: 130}

{0.0: 2079, 1.0: 207, -1.0: 138}

{0.0: 2062, 1.0: 217, -1.0: 145}

1 Creating 10 consumers
{0.0: 2189, 1.0: 125, -1.0: 110}

{0.0: 2169, 1.0: 143, -1.0: 112}

{0.0: 2210, 1.0: 110, -1.0: 104}
Iter-0: 12.42/6.13 | Iter-1: 13.62/7.15 | Iter-2: 12.95/6.64 | Iter-3: 12.72/6.41 | Iter-4: 12.48/6.17 | 
{0.0: 2232, 1.0: 98, -1.0: 94}
Iter-0: 12.76/6.18 | Iter-1: 13.7/7.08 | Iter-2: 12.96/6.59 | Iter-3: 12.73/6.36 | Iter-4: 12.49/6.11 | 
{0.0: 2155, 1.0: 155, -1.0: 114}
Iter-0: 12.34/6.01 | Iter-1: 13.56/7.01 | Iter-2: 12.97/6.6 | Iter-3: 12.78/6.42 | Iter-4: 12.46/6.12 | 
{0.0: 2062, 1.0: 217, -1.0: 145}
Iter-0: 12.14/5.91 | Iter-1: 13.02/6.67 | Iter-2: 12.48/6.31 | Iter-3: 12.33/6.14 | Iter-4: 11.96/5.86 | 
{0.0: 2122, 1.0: 179, -1.0: 123}
Iter-0: 12.27/5.98 | Iter-1: 13.49/6.98 | Iter-2: 12.9/6.57 | Iter-3: 12.72/6.39 | Iter-4: 12.42/6.11 | 
{0.0: 2101, 1.0: 193, -1.0: 130}
Iter-0: 12.4/6.01 | Iter-1: 13.63/6.78 | Iter-2: 13.06/6.43 | Iter-3: 12.89/6.24 | Iter-4: 12.48/5.97 | 
{0.0: 2248, 1.0: 94, -1.0: 82}
Iter-0: 13.62/6.89 | Iter-1: 14.7/7.96 | Iter-2: 13.91/7.33 | Iter-3: 13.64/7.04 | Iter-4: 13.22/6.78 | 
{0.0: 2079, 1.0: 207, -1.0: 138}
Iter-0: 12.32/5.91 | Iter-1: 13.94/6.94 | Iter-2: 13.29/6.54 | Iter-3: 13.08/6.36 | Iter-4: 12.59/6.07 | 
prob_mse: 0.273914191419, running time: 95.4050290585
5.0 ~~~~~~~~~~~~~~~~~~~~~~~~~~~~~~~~~~~~~~~~~~~~~~~~~~~~~~~~~~~~~~~`
dataset: facebook method: Adv-CSL, #attack_edge:10000,T:10,test_ratio: 0.3,gamma:0.09
/network/rit/lab/ceashpc/adil/data/adv_csl/Jan2/random_pgd/facebook/facebook-attackedges-10000-T-10-testratio-0.3-swap_ratio-0.01-gamma-0.09-realization-1-data-X.pkl
#Rule:372936 Nodes:8078 Edges:372936
0 Creating 10 consumers
{0.0: 2248, 1.0: 94, -1.0: 82}

{0.0: 2232, 1.0: 98, -1.0: 94}

{0.0: 2210, 1.0: 110, -1.0: 104}

{0.0: 2189, 1.0: 125, -1.0: 110}

{0.0: 2169, 1.0: 143, -1.0: 112}

{0.0: 2101, 1.0: 193, -1.0: 130}

{0.0: 2122, 1.0: 179, -1.0: 123}

{0.0: 2155, 1.0: 155, -1.0: 114}

{0.0: 2079, 1.0: 207, -1.0: 138}

{0.0: 2062, 1.0: 217, -1.0: 145}

1 Creating 10 consumers
{0.0: 2189, 1.0: 125, -1.0: 110}

{0.0: 2169, 1.0: 143, -1.0: 112}

{0.0: 2248, 1.0: 94, -1.0: 82}
Iter-0: 12.75/6.27 | Iter-1: 13.45/7.16 | Iter-2: 13.06/6.54 | Iter-3: 12.7/6.38 | Iter-4: 12.42/6.08 | 
{0.0: 2122, 1.0: 179, -1.0: 123}
Iter-0: 12.27/5.96 | Iter-1: 12.91/6.75 | Iter-2: 12.65/6.3 | Iter-3: 12.44/6.26 | Iter-4: 12.1/5.92 | 
{0.0: 2210, 1.0: 110, -1.0: 104}
Iter-0: 12.71/6.12 | Iter-1: 13.75/7.14 | Iter-2: 13.5/6.63 | Iter-3: 13.12/6.51 | Iter-4: 12.72/6.16 | 
{0.0: 2232, 1.0: 98, -1.0: 94}
Iter-0: 12.78/6.2 | Iter-1: 13.88/7.26 | Iter-2: 13.68/6.79 | Iter-3: 13.31/6.67 | Iter-4: 12.84/6.28 | 
{0.0: 2155, 1.0: 155, -1.0: 114}
Iter-0: 12.32/6.01 | Iter-1: 12.94/6.78 | Iter-2: 12.7/6.34 | Iter-3: 15.48/8.24 | Iter-4: 12.08/5.93 | 
{0.0: 2062, 1.0: 217, -1.0: 145}
Iter-0: 12.23/5.88 | Iter-1: 13.22/6.8 | Iter-2: 13.03/6.4 | Iter-3: 12.76/6.37 | Iter-4: 12.32/5.97 | 
{0.0: 2101, 1.0: 193, -1.0: 130}
Iter-0: 12.59/6.02 | Iter-1: 13.57/6.96 | Iter-2: 13.39/6.55 | Iter-3: 13.09/6.5 | Iter-4: 12.59/6.11 | 
{0.0: 2079, 1.0: 207, -1.0: 138}
Iter-0: 13.02/6.6 | Iter-1: 13.77/7.46 | Iter-2: 13.48/6.97 | Iter-3: 13.25/6.94 | Iter-4: 12.66/6.56 | 
prob_mse: 0.273501650165, running time: 96.8395049572
6.0 ~~~~~~~~~~~~~~~~~~~~~~~~~~~~~~~~~~~~~~~~~~~~~~~~~~~~~~~~~~~~~~~`
dataset: facebook method: Adv-CSL, #attack_edge:10000,T:10,test_ratio: 0.3,gamma:0.2
/network/rit/lab/ceashpc/adil/data/adv_csl/Jan2/random_pgd/facebook/facebook-attackedges-10000-T-10-testratio-0.3-swap_ratio-0.01-gamma-0.2-realization-1-data-X.pkl
#Rule:372936 Nodes:8078 Edges:372936
0 Creating 10 consumers
{0.0: 2248, 1.0: 94, -1.0: 82}

{0.0: 2210, 1.0: 110, -1.0: 104}

{0.0: 2189, 1.0: 125, -1.0: 110}

{0.0: 2232, 1.0: 98, -1.0: 94}

{0.0: 2155, 1.0: 155, -1.0: 114}

{0.0: 2169, 1.0: 143, -1.0: 112}

{0.0: 2122, 1.0: 179, -1.0: 123}

{0.0: 2079, 1.0: 207, -1.0: 138}

{0.0: 2101, 1.0: 193, -1.0: 130}

{0.0: 2062, 1.0: 217, -1.0: 145}

1 Creating 10 consumers
{0.0: 2189, 1.0: 125, -1.0: 110}

{0.0: 2169, 1.0: 143, -1.0: 112}

{0.0: 2248, 1.0: 94, -1.0: 82}
Iter-0: 12.61/6.3 | Iter-1: 13.02/6.85 | Iter-2: 12.85/6.68 | Iter-3: 12.71/6.55 | Iter-4: 12.31/6.15 | 
{0.0: 2232, 1.0: 98, -1.0: 94}
Iter-0: 12.53/6.24 | Iter-1: 13.21/6.89 | Iter-2: 13.17/6.84 | Iter-3: 13.01/6.71 | Iter-4: 12.62/6.29 | 
{0.0: 2122, 1.0: 179, -1.0: 123}
Iter-0: 12.29/6.0 | Iter-1: 12.67/6.48 | Iter-2: 12.5/6.38 | Iter-3: 12.44/6.31 | Iter-4: 12.04/5.9 | 
{0.0: 2062, 1.0: 217, -1.0: 145}
Iter-0: 12.3/5.99 | Iter-1: 12.6/6.38 | Iter-2: 12.54/6.3 | Iter-3: 12.46/6.23 | Iter-4: 12.1/5.85 | 
{0.0: 2155, 1.0: 155, -1.0: 114}
Iter-0: 12.67/6.13 | Iter-1: 13.31/6.75 | Iter-2: 13.23/6.67 | Iter-3: 13.12/6.58 | Iter-4: 12.62/6.17 | 
{0.0: 2079, 1.0: 207, -1.0: 138}
Iter-0: 12.36/5.96 | Iter-1: 13.09/6.61 | Iter-2: 13.0/6.54 | Iter-3: 12.93/6.47 | Iter-4: 12.56/6.06 | 
{0.0: 2210, 1.0: 110, -1.0: 104}
Iter-0: 13.3/6.84 | Iter-1: 13.83/7.44 | Iter-2: 13.7/7.31 | Iter-3: 13.56/7.19 | Iter-4: 13.05/6.71 | 
{0.0: 2101, 1.0: 193, -1.0: 130}
Iter-0: 12.45/6.0 | Iter-1: 13.49/6.65 | Iter-2: 13.35/6.52 | Iter-3: 13.26/6.46 | Iter-4: 12.65/6.08 | 
prob_mse: 0.264081710671, running time: 94.7331290245
7.0 ~~~~~~~~~~~~~~~~~~~~~~~~~~~~~~~~~~~~~~~~~~~~~~~~~~~~~~~~~~~~~~~`
dataset: facebook method: Adv-CSL, #attack_edge:10000,T:10,test_ratio: 0.3,gamma:0.3
/network/rit/lab/ceashpc/adil/data/adv_csl/Jan2/random_pgd/facebook/facebook-attackedges-10000-T-10-testratio-0.3-swap_ratio-0.01-gamma-0.3-realization-1-data-X.pkl
#Rule:372936 Nodes:8078 Edges:372936
0 Creating 10 consumers
{0.0: 2248, 1.0: 94, -1.0: 82}

{0.0: 2210, 1.0: 110, -1.0: 104}

{0.0: 2232, 1.0: 98, -1.0: 94}

{0.0: 2189, 1.0: 125, -1.0: 110}

{0.0: 2155, 1.0: 155, -1.0: 114}

{0.0: 2169, 1.0: 143, -1.0: 112}

{0.0: 2122, 1.0: 179, -1.0: 123}

{0.0: 2101, 1.0: 193, -1.0: 130}

{0.0: 2079, 1.0: 207, -1.0: 138}

{0.0: 2062, 1.0: 217, -1.0: 145}

1 Creating 10 consumers
{0.0: 2189, 1.0: 125, -1.0: 110}

{0.0: 2169, 1.0: 143, -1.0: 112}

{0.0: 2248, 1.0: 94, -1.0: 82}
Iter-0: 12.49/6.18 | Iter-1: 12.98/6.61 | Iter-2: 13.26/6.89 | Iter-3: 12.71/6.35 | Iter-4: 12.77/6.4 | 
{0.0: 2232, 1.0: 98, -1.0: 94}
Iter-0: 12.78/6.15 | Iter-1: 12.74/6.41 | Iter-2: 12.9/6.56 | Iter-3: 12.54/6.18 | Iter-4: 12.49/6.13 | 
{0.0: 2210, 1.0: 110, -1.0: 104}
Iter-0: 12.61/6.06 | Iter-1: 12.63/6.23 | Iter-2: 12.94/6.49 | Iter-3: 12.85/6.38 | Iter-4: 12.54/6.03 | 
{0.0: 2155, 1.0: 155, -1.0: 114}
Iter-0: 12.36/5.99 | Iter-1: 12.4/6.17 | Iter-2: 12.64/6.36 | Iter-3: 12.33/6.05 | Iter-4: 12.31/6.0 | 
{0.0: 2122, 1.0: 179, -1.0: 123}
Iter-0: 12.28/5.92 | Iter-1: 12.3/6.08 | Iter-2: 12.57/6.28 | Iter-3: 12.25/5.97 | Iter-4: 12.26/5.94 | 
{0.0: 2101, 1.0: 193, -1.0: 130}
Iter-0: 12.27/5.91 | Iter-1: 12.71/6.28 | Iter-2: 12.86/6.44 | Iter-3: 12.46/6.06 | Iter-4: 12.34/6.11 | 
{0.0: 2079, 1.0: 207, -1.0: 138}
Iter-0: 12.23/5.87 | Iter-1: 16.54/6.39 | Iter-2: 13.42/7.01 | Iter-3: 12.49/6.04 | Iter-4: 12.03/6.01 | 
{0.0: 2062, 1.0: 217, -1.0: 145}
Iter-0: 13.21/6.48 | Iter-1: 13.65/6.86 | Iter-2: 13.9/7.09 | Iter-3: 13.53/6.67 | Iter-4: 12.53/6.48 | 
prob_mse: 0.249848542354, running time: 97.9185891151
8.0 ~~~~~~~~~~~~~~~~~~~~~~~~~~~~~~~~~~~~~~~~~~~~~~~~~~~~~~~~~~~~~~~`
dataset: facebook method: Adv-CSL, #attack_edge:10000,T:10,test_ratio: 0.3,gamma:0.4
/network/rit/lab/ceashpc/adil/data/adv_csl/Jan2/random_pgd/facebook/facebook-attackedges-10000-T-10-testratio-0.3-swap_ratio-0.01-gamma-0.4-realization-1-data-X.pkl
#Rule:372936 Nodes:8078 Edges:372936
0 Creating 10 consumers
{0.0: 2248, 1.0: 94, -1.0: 82}

{0.0: 2210, 1.0: 110, -1.0: 104}

{0.0: 2232, 1.0: 98, -1.0: 94}

{0.0: 2169, 1.0: 143, -1.0: 112}

{0.0: 2189, 1.0: 125, -1.0: 110}

{0.0: 2155, 1.0: 155, -1.0: 114}

{0.0: 2122, 1.0: 179, -1.0: 123}

{0.0: 2101, 1.0: 193, -1.0: 130}

{0.0: 2079, 1.0: 207, -1.0: 138}

{0.0: 2062, 1.0: 217, -1.0: 145}

1 Creating 10 consumers
{0.0: 2189, 1.0: 125, -1.0: 110}

{0.0: 2169, 1.0: 143, -1.0: 112}

{0.0: 2232, 1.0: 98, -1.0: 94}
Iter-0: 12.46/6.18 | Iter-1: 13.1/6.8 | Iter-2: 12.99/6.53 | Iter-3: 12.53/6.26 | Iter-4: 12.56/6.27 | 
{0.0: 2122, 1.0: 179, -1.0: 123}
Iter-0: 12.25/5.97 | Iter-1: 12.53/6.22 | Iter-2: 12.77/6.25 | Iter-3: 12.35/6.05 | Iter-4: 12.36/6.06 | 
{0.0: 2079, 1.0: 207, -1.0: 138}
Iter-0: 12.21/5.93 | Iter-1: 12.16/6.0 | Iter-2: 12.43/6.06 | Iter-3: 12.12/5.92 | Iter-4: 12.18/5.92 | 
{0.0: 2155, 1.0: 155, -1.0: 114}
Iter-0: 12.28/6.0 | Iter-1: 12.72/6.17 | Iter-2: 13.03/6.15 | Iter-3: 12.6/5.99 | Iter-4: 12.63/6.0 | 
{0.0: 2062, 1.0: 217, -1.0: 145}
Iter-0: 12.2/5.86 | Iter-1: 12.09/5.9 | Iter-2: 12.39/5.96 | Iter-3: 12.1/5.83 | Iter-4: 12.08/5.82 | 
{0.0: 2210, 1.0: 110, -1.0: 104}
Iter-0: 12.89/6.13 | Iter-1: 13.25/6.44 | Iter-2: 13.59/6.51 | Iter-3: 13.03/6.23 | Iter-4: 13.03/6.24 | 
{0.0: 2248, 1.0: 94, -1.0: 82}
Iter-0: 13.38/6.89 | Iter-1: 13.53/7.18 | Iter-2: 13.79/7.18 | Iter-3: 13.27/6.86 | Iter-4: 13.25/6.86 | 
{0.0: 2101, 1.0: 193, -1.0: 130}
Iter-0: 12.44/6.01 | Iter-1: 13.04/6.31 | Iter-2: 13.31/6.3 | Iter-3: 12.83/6.13 | Iter-4: 12.71/6.15 | 
prob_mse: 0.244657315732, running time: 94.240637064
9.0 ~~~~~~~~~~~~~~~~~~~~~~~~~~~~~~~~~~~~~~~~~~~~~~~~~~~~~~~~~~~~~~~`
dataset: facebook method: Adv-CSL, #attack_edge:10000,T:10,test_ratio: 0.3,gamma:0.5
/network/rit/lab/ceashpc/adil/data/adv_csl/Jan2/random_pgd/facebook/facebook-attackedges-10000-T-10-testratio-0.3-swap_ratio-0.01-gamma-0.5-realization-1-data-X.pkl
#Rule:372936 Nodes:8078 Edges:372936
0 Creating 10 consumers
{0.0: 1204, 1.0: 9, -1.0: 1211}

{0.0: 1189, 1.0: 9, -1.0: 1226}

{0.0: 1199, 1.0: 9, -1.0: 1216}

{0.0: 1192, 1.0: 9, -1.0: 1223}

{0.0: 1212, 1.0: 9, -1.0: 1203}

{0.0: 1219, 1.0: 9, -1.0: 1196}

{0.0: 1234, 1.0: 9, -1.0: 1181}

{0.0: 1238, 1.0: 9, -1.0: 1177}

{0.0: 1241, 1.0: 10, -1.0: 1173}

{0.0: 1243, 1.0: 10, -1.0: 1171}

1 Creating 10 consumers
{0.0: 1204, 1.0: 9, -1.0: 1211}

{0.0: 1192, 1.0: 9, -1.0: 1223}

{0.0: 1189, 1.0: 9, -1.0: 1226}

{0.0: 1212, 1.0: 9, -1.0: 1203}

{0.0: 1199, 1.0: 9, -1.0: 1216}

{0.0: 1219, 1.0: 9, -1.0: 1196}

{0.0: 1234, 1.0: 9, -1.0: 1181}

{0.0: 1238, 1.0: 9, -1.0: 1177}

{0.0: 1243, 1.0: 10, -1.0: 1171}
Iter-0: 12.24/6.0 | Iter-1: 11.87/5.83 | Iter-2: 11.24/5.51 | Iter-3: 11.22/5.51 | Iter-4: 11.28/5.59 | 
{0.0: 1241, 1.0: 10, -1.0: 1173}
Iter-0: 12.29/5.99 | Iter-1: 11.9/5.73 | Iter-2: 11.46/5.51 | Iter-3: 11.48/5.52 | Iter-4: 11.54/5.58 | 
prob_mse: 0.408581628163, running time: 89.7935171127
10.0 ~~~~~~~~~~~~~~~~~~~~~~~~~~~~~~~~~~~~~~~~~~~~~~~~~~~~~~~~~~~~~~~`
dataset: facebook method: Adv-CSL, #attack_edge:10000,T:10,test_ratio: 0.3,gamma:0.0
/network/rit/lab/ceashpc/adil/data/adv_csl/Jan2/random_pgd/facebook/facebook-attackedges-10000-T-10-testratio-0.3-swap_ratio-0.01-gamma-0.0-realization-2-data-X.pkl
#Rule:372936 Nodes:8078 Edges:372936
0 Creating 10 consumers
{0.0: 2246, 1.0: 94, -1.0: 84}

{0.0: 2210, 1.0: 112, -1.0: 102}

{0.0: 2190, 1.0: 122, -1.0: 112}

{0.0: 2229, 1.0: 104, -1.0: 91}

{0.0: 2176, 1.0: 125, -1.0: 123}

{0.0: 2158, 1.0: 136, -1.0: 130}

{0.0: 2139, 1.0: 143, -1.0: 142}

{0.0: 2117, 1.0: 155, -1.0: 152}

{0.0: 2086, 1.0: 168, -1.0: 170}

{0.0: 2105, 1.0: 159, -1.0: 160}

1 Creating 10 consumers
{0.0: 2190, 1.0: 122, -1.0: 112}

{0.0: 2158, 1.0: 136, -1.0: 130}

{0.0: 2176, 1.0: 125, -1.0: 123}

{0.0: 2210, 1.0: 112, -1.0: 102}
Iter-0: 10.05/3.44 | Iter-1: 11.67/5.43 | Iter-2: 10.98/4.3 | 
{0.0: 2229, 1.0: 104, -1.0: 91}
Iter-0: 10.22/3.45 | Iter-1: 12.21/5.47 | Iter-2: 10.81/4.35 | 
{0.0: 2246, 1.0: 94, -1.0: 84}
Iter-0: 10.09/3.47 | Iter-1: 11.93/5.56 | Iter-2: 10.77/4.2 | Iter-3: 11.53/4.82 | Iter-4: 11.0/4.9 | 
{0.0: 2139, 1.0: 143, -1.0: 142}
Iter-0: 9.98/3.44 | Iter-1: 11.69/5.46 | Iter-2: 10.77/4.21 | Iter-3: 11.36/4.69 | Iter-4: 11.22/4.79 | 
{0.0: 2117, 1.0: 155, -1.0: 152}
Iter-0: 10.11/3.5 | Iter-1: 11.96/5.34 | Iter-2: 11.11/4.61 | Iter-3: 11.21/4.72 | Iter-4: 10.65/4.67 | 
{0.0: 2105, 1.0: 159, -1.0: 160}
Iter-0: 10.14/3.44 | Iter-1: 11.99/5.27 | Iter-2: 10.44/4.15 | Iter-3: 11.06/4.6 | Iter-4: 11.38/4.88 | 
{0.0: 2086, 1.0: 168, -1.0: 170}
Iter-0: 10.08/3.43 | Iter-1: 11.65/5.29 | Iter-2: 10.71/4.15 | Iter-3: 11.08/4.6 | Iter-4: 11.12/4.73 | 
prob_mse: 0.0974447194719, running time: 83.5275650024
11.0 ~~~~~~~~~~~~~~~~~~~~~~~~~~~~~~~~~~~~~~~~~~~~~~~~~~~~~~~~~~~~~~~`
dataset: facebook method: Adv-CSL, #attack_edge:10000,T:10,test_ratio: 0.3,gamma:0.01
/network/rit/lab/ceashpc/adil/data/adv_csl/Jan2/random_pgd/facebook/facebook-attackedges-10000-T-10-testratio-0.3-swap_ratio-0.01-gamma-0.01-realization-2-data-X.pkl
#Rule:372936 Nodes:8078 Edges:372936
0 Creating 10 consumers
{0.0: 2246, 1.0: 94, -1.0: 84}

{0.0: 2229, 1.0: 104, -1.0: 91}

{0.0: 2190, 1.0: 122, -1.0: 112}

{0.0: 2210, 1.0: 112, -1.0: 102}

{0.0: 2176, 1.0: 125, -1.0: 123}

{0.0: 2158, 1.0: 136, -1.0: 130}

{0.0: 2139, 1.0: 143, -1.0: 142}

{0.0: 2105, 1.0: 159, -1.0: 160}

{0.0: 2086, 1.0: 168, -1.0: 170}

{0.0: 2117, 1.0: 155, -1.0: 152}

1 Creating 10 consumers
{0.0: 2190, 1.0: 122, -1.0: 112}

{0.0: 2176, 1.0: 125, -1.0: 123}

{0.0: 2158, 1.0: 136, -1.0: 130}

{0.0: 2246, 1.0: 94, -1.0: 84}
Iter-0: 13.05/6.24 | Iter-1: 13.23/6.79 | Iter-2: 12.73/6.19 | Iter-3: 12.21/5.85 | Iter-4: 12.02/5.53 | 
{0.0: 2229, 1.0: 104, -1.0: 91}
Iter-0: 12.6/6.1 | Iter-1: 13.48/6.78 | Iter-2: 12.91/6.15 | Iter-3: 12.45/5.84 | Iter-4: 12.26/5.51 | 
{0.0: 2139, 1.0: 143, -1.0: 142}
Iter-0: 12.55/5.99 | Iter-1: 12.8/6.5 | Iter-2: 12.43/6.09 | Iter-3: 11.87/5.69 | Iter-4: 12.08/5.54 | 
{0.0: 2117, 1.0: 155, -1.0: 152}
Iter-0: 12.41/5.89 | Iter-1: 12.79/6.48 | Iter-2: 12.39/6.06 | Iter-3: 12.11/5.61 | Iter-4: 11.97/5.42 | 
{0.0: 2105, 1.0: 159, -1.0: 160}
Iter-0: 12.42/5.92 | Iter-1: 12.85/6.4 | Iter-2: 12.58/5.94 | Iter-3: 12.22/5.7 | Iter-4: 11.87/5.44 | 
{0.0: 2086, 1.0: 168, -1.0: 170}
Iter-0: 12.53/5.89 | Iter-1: 13.03/6.47 | Iter-2: 12.51/5.9 | Iter-3: 12.22/5.69 | Iter-4: 11.74/5.49 | 
{0.0: 2210, 1.0: 112, -1.0: 102}
Iter-0: 13.99/6.8 | Iter-1: 14.11/7.44 | Iter-2: 13.48/6.67 | Iter-3: 13.18/6.44 | Iter-4: 12.56/6.14 | 
prob_mse: 0.248920654565, running time: 94.0548758507
12.0 ~~~~~~~~~~~~~~~~~~~~~~~~~~~~~~~~~~~~~~~~~~~~~~~~~~~~~~~~~~~~~~~`
dataset: facebook method: Adv-CSL, #attack_edge:10000,T:10,test_ratio: 0.3,gamma:0.03
/network/rit/lab/ceashpc/adil/data/adv_csl/Jan2/random_pgd/facebook/facebook-attackedges-10000-T-10-testratio-0.3-swap_ratio-0.01-gamma-0.03-realization-2-data-X.pkl
#Rule:372936 Nodes:8078 Edges:372936
0 Creating 10 consumers
{0.0: 2210, 1.0: 112, -1.0: 102}

{0.0: 2229, 1.0: 104, -1.0: 91}

{0.0: 2246, 1.0: 94, -1.0: 84}

{0.0: 2190, 1.0: 122, -1.0: 112}

{0.0: 2176, 1.0: 125, -1.0: 123}

{0.0: 2158, 1.0: 136, -1.0: 130}

{0.0: 2139, 1.0: 143, -1.0: 142}

{0.0: 2117, 1.0: 155, -1.0: 152}

{0.0: 2105, 1.0: 159, -1.0: 160}

{0.0: 2086, 1.0: 168, -1.0: 170}

1 Creating 10 consumers
{0.0: 2190, 1.0: 122, -1.0: 112}

{0.0: 2176, 1.0: 125, -1.0: 123}

{0.0: 2158, 1.0: 136, -1.0: 130}

{0.0: 2210, 1.0: 112, -1.0: 102}
Iter-0: 12.47/6.14 | Iter-1: 13.42/6.92 | Iter-2: 12.68/6.41 | Iter-3: 12.4/5.94 | Iter-4: 12.28/5.77 | 
{0.0: 2246, 1.0: 94, -1.0: 84}
Iter-0: 12.65/6.27 | Iter-1: 13.41/7.1 | Iter-2: 13.09/6.5 | Iter-3: 12.64/6.01 | Iter-4: 12.57/6.02 | 
{0.0: 2117, 1.0: 155, -1.0: 152}
Iter-0: 12.27/5.91 | Iter-1: 13.09/6.76 | Iter-2: 12.53/6.22 | Iter-3: 12.06/5.78 | Iter-4: 12.05/5.66 | 
{0.0: 2139, 1.0: 143, -1.0: 142}
Iter-0: 12.28/5.98 | Iter-1: 13.38/6.71 | Iter-2: 13.04/6.32 | Iter-3: 12.24/5.87 | Iter-4: 12.47/5.86 | 
{0.0: 2229, 1.0: 104, -1.0: 91}
Iter-0: 13.78/6.82 | Iter-1: 14.7/7.77 | Iter-2: 13.55/7.06 | Iter-3: 12.54/5.94 | Iter-4: 12.15/5.75 | 
{0.0: 2105, 1.0: 159, -1.0: 160}
Iter-0: 12.39/5.91 | Iter-1: 13.18/6.66 | Iter-2: 12.84/6.23 | Iter-3: 13.01/6.47 | Iter-4: 12.19/5.83 | 
{0.0: 2086, 1.0: 168, -1.0: 170}
Iter-0: 12.2/5.87 | Iter-1: 12.97/6.69 | Iter-2: 12.92/6.22 | Iter-3: 12.9/6.11 | Iter-4: 12.28/5.79 | 
prob_mse: 0.246101540154, running time: 94.015196085
13.0 ~~~~~~~~~~~~~~~~~~~~~~~~~~~~~~~~~~~~~~~~~~~~~~~~~~~~~~~~~~~~~~~`
dataset: facebook method: Adv-CSL, #attack_edge:10000,T:10,test_ratio: 0.3,gamma:0.05
/network/rit/lab/ceashpc/adil/data/adv_csl/Jan2/random_pgd/facebook/facebook-attackedges-10000-T-10-testratio-0.3-swap_ratio-0.01-gamma-0.05-realization-2-data-X.pkl
#Rule:372936 Nodes:8078 Edges:372936
0 Creating 10 consumers
{0.0: 2229, 1.0: 104, -1.0: 91}

{0.0: 2210, 1.0: 112, -1.0: 102}

{0.0: 2246, 1.0: 94, -1.0: 84}

{0.0: 2190, 1.0: 122, -1.0: 112}

{0.0: 2176, 1.0: 125, -1.0: 123}

{0.0: 2158, 1.0: 136, -1.0: 130}

{0.0: 2139, 1.0: 143, -1.0: 142}

{0.0: 2105, 1.0: 159, -1.0: 160}

{0.0: 2117, 1.0: 155, -1.0: 152}

{0.0: 2086, 1.0: 168, -1.0: 170}

1 Creating 10 consumers
{0.0: 2190, 1.0: 122, -1.0: 112}

{0.0: 2158, 1.0: 136, -1.0: 130}

{0.0: 2176, 1.0: 125, -1.0: 123}

{0.0: 2229, 1.0: 104, -1.0: 91}
Iter-0: 12.44/6.12 | Iter-1: 13.46/7.18 | Iter-2: 13.33/6.58 | Iter-3: 12.81/6.15 | Iter-4: 12.35/5.89 | 
{0.0: 2246, 1.0: 94, -1.0: 84}
Iter-0: 12.55/6.25 | Iter-1: 13.33/7.08 | Iter-2: 13.66/6.74 | Iter-3: 12.74/6.1 | Iter-4: 12.76/5.95 | 
{0.0: 2210, 1.0: 112, -1.0: 102}
Iter-0: 12.77/6.18 | Iter-1: 13.33/7.02 | Iter-2: 13.22/6.55 | Iter-3: 12.59/6.12 | Iter-4: 12.28/5.91 | 
{0.0: 2139, 1.0: 143, -1.0: 142}
Iter-0: 12.34/5.98 | Iter-1: 12.83/6.71 | Iter-2: 12.64/6.39 | Iter-3: 12.49/6.05 | Iter-4: 12.57/5.86 | 
{0.0: 2086, 1.0: 168, -1.0: 170}
Iter-0: 12.24/5.88 | Iter-1: 13.11/6.74 | Iter-2: 12.82/6.38 | Iter-3: 12.27/6.0 | Iter-4: 12.66/6.26 | 
{0.0: 2117, 1.0: 155, -1.0: 152}
Iter-0: 13.39/6.59 | Iter-1: 13.94/7.42 | Iter-2: 12.89/6.34 | Iter-3: 12.83/6.12 | Iter-4: 12.05/5.82 | 
{0.0: 2105, 1.0: 159, -1.0: 160}
Iter-0: 12.55/5.93 | Iter-1: 13.29/6.79 | Iter-2: 13.71/7.03 | Iter-3: 12.81/6.29 | Iter-4: 12.2/5.99 | 
prob_mse: 0.24414180418, running time: 95.2975399494
14.0 ~~~~~~~~~~~~~~~~~~~~~~~~~~~~~~~~~~~~~~~~~~~~~~~~~~~~~~~~~~~~~~~`
dataset: facebook method: Adv-CSL, #attack_edge:10000,T:10,test_ratio: 0.3,gamma:0.07
/network/rit/lab/ceashpc/adil/data/adv_csl/Jan2/random_pgd/facebook/facebook-attackedges-10000-T-10-testratio-0.3-swap_ratio-0.01-gamma-0.07-realization-2-data-X.pkl
#Rule:372936 Nodes:8078 Edges:372936
0 Creating 10 consumers
{0.0: 2246, 1.0: 94, -1.0: 84}

{0.0: 2210, 1.0: 112, -1.0: 102}

{0.0: 2229, 1.0: 104, -1.0: 91}

{0.0: 2190, 1.0: 122, -1.0: 112}

{0.0: 2176, 1.0: 125, -1.0: 123}

{0.0: 2158, 1.0: 136, -1.0: 130}

{0.0: 2139, 1.0: 143, -1.0: 142}

{0.0: 2117, 1.0: 155, -1.0: 152}

{0.0: 2105, 1.0: 159, -1.0: 160}

{0.0: 2086, 1.0: 168, -1.0: 170}

1 Creating 10 consumers
{0.0: 2190, 1.0: 122, -1.0: 112}

{0.0: 2176, 1.0: 125, -1.0: 123}

{0.0: 2158, 1.0: 136, -1.0: 130}

{0.0: 2246, 1.0: 94, -1.0: 84}
Iter-0: 12.86/6.17 | Iter-1: 13.5/7.09 | Iter-2: 13.04/6.57 | Iter-3: 12.87/6.36 | Iter-4: 12.57/6.01 | 
{0.0: 2229, 1.0: 104, -1.0: 91}
Iter-0: 12.37/6.04 | Iter-1: 13.84/7.1 | Iter-2: 13.08/6.47 | Iter-3: 12.5/6.19 | Iter-4: 13.0/6.25 | 
{0.0: 2210, 1.0: 112, -1.0: 102}
Iter-0: 12.87/6.12 | Iter-1: 13.72/7.13 | Iter-2: 13.1/6.55 | Iter-3: 12.49/6.19 | Iter-4: 12.3/5.94 | 
{0.0: 2139, 1.0: 143, -1.0: 142}
Iter-0: 12.25/5.93 | Iter-1: 13.39/6.73 | Iter-2: 12.8/6.39 | Iter-3: 12.3/6.06 | Iter-4: 12.24/5.75 | 
{0.0: 2117, 1.0: 155, -1.0: 152}
Iter-0: 12.2/5.87 | Iter-1: 12.92/6.69 | Iter-2: 12.89/6.49 | Iter-3: 12.9/6.25 | Iter-4: 12.03/5.84 | 
{0.0: 2086, 1.0: 168, -1.0: 170}
Iter-0: 12.22/5.83 | Iter-1: 13.02/6.66 | Iter-2: 12.63/6.29 | Iter-3: 12.43/6.12 | Iter-4: 11.91/5.67 | 
{0.0: 2105, 1.0: 159, -1.0: 160}
Iter-0: 13.02/6.58 | Iter-1: 13.52/7.09 | Iter-2: 12.77/6.53 | Iter-3: 12.48/6.11 | Iter-4: 12.33/5.89 | 
prob_mse: 0.241597717272, running time: 94.7210261822
15.0 ~~~~~~~~~~~~~~~~~~~~~~~~~~~~~~~~~~~~~~~~~~~~~~~~~~~~~~~~~~~~~~~`
dataset: facebook method: Adv-CSL, #attack_edge:10000,T:10,test_ratio: 0.3,gamma:0.09
/network/rit/lab/ceashpc/adil/data/adv_csl/Jan2/random_pgd/facebook/facebook-attackedges-10000-T-10-testratio-0.3-swap_ratio-0.01-gamma-0.09-realization-2-data-X.pkl
#Rule:372936 Nodes:8078 Edges:372936
0 Creating 10 consumers
{0.0: 2229, 1.0: 104, -1.0: 91}

{0.0: 2246, 1.0: 94, -1.0: 84}

{0.0: 2210, 1.0: 112, -1.0: 102}

{0.0: 2176, 1.0: 125, -1.0: 123}

{0.0: 2190, 1.0: 122, -1.0: 112}

{0.0: 2158, 1.0: 136, -1.0: 130}

{0.0: 2139, 1.0: 143, -1.0: 142}

{0.0: 2117, 1.0: 155, -1.0: 152}

{0.0: 2105, 1.0: 159, -1.0: 160}

{0.0: 2086, 1.0: 168, -1.0: 170}

1 Creating 10 consumers
{0.0: 2190, 1.0: 122, -1.0: 112}

{0.0: 2176, 1.0: 125, -1.0: 123}

{0.0: 2158, 1.0: 136, -1.0: 130}

{0.0: 2246, 1.0: 94, -1.0: 84}
Iter-0: 12.5/6.24 | Iter-1: 14.02/7.25 | Iter-2: 13.32/6.69 | Iter-3: 12.8/6.38 | Iter-4: 12.75/6.12 | 
{0.0: 2210, 1.0: 112, -1.0: 102}
Iter-0: 12.45/6.13 | Iter-1: 13.91/7.09 | Iter-2: 13.34/6.66 | Iter-3: 12.55/6.31 | Iter-4: 12.23/6.01 | 
{0.0: 2229, 1.0: 104, -1.0: 91}
Iter-0: 12.46/6.16 | Iter-1: 13.87/7.2 | Iter-2: 12.99/6.53 | Iter-3: 13.45/6.89 | Iter-4: 12.45/5.98 | 
{0.0: 2105, 1.0: 159, -1.0: 160}
Iter-0: 12.32/5.94 | Iter-1: 13.4/6.74 | Iter-2: 12.59/6.31 | Iter-3: 12.63/6.24 | Iter-4: 12.51/5.94 | 
{0.0: 2086, 1.0: 168, -1.0: 170}
Iter-0: 12.31/5.87 | Iter-1: 13.68/6.75 | Iter-2: 12.65/6.37 | Iter-3: 12.57/6.24 | Iter-4: 12.03/5.85 | 
{0.0: 2139, 1.0: 143, -1.0: 142}
Iter-0: 13.22/6.68 | Iter-1: 13.76/6.88 | Iter-2: 13.03/6.47 | Iter-3: 12.9/6.38 | Iter-4: 12.45/5.9 | 
{0.0: 2117, 1.0: 155, -1.0: 152}
Iter-0: 12.55/6.17 | Iter-1: 14.14/7.18 | Iter-2: 12.88/6.31 | Iter-3: 12.76/6.18 | Iter-4: 13.06/6.51 | 
prob_mse: 0.240738338834, running time: 95.5264220238
16.0 ~~~~~~~~~~~~~~~~~~~~~~~~~~~~~~~~~~~~~~~~~~~~~~~~~~~~~~~~~~~~~~~`
dataset: facebook method: Adv-CSL, #attack_edge:10000,T:10,test_ratio: 0.3,gamma:0.2
/network/rit/lab/ceashpc/adil/data/adv_csl/Jan2/random_pgd/facebook/facebook-attackedges-10000-T-10-testratio-0.3-swap_ratio-0.01-gamma-0.2-realization-2-data-X.pkl
#Rule:372936 Nodes:8078 Edges:372936
0 Creating 10 consumers
{0.0: 2246, 1.0: 94, -1.0: 84}

{0.0: 2210, 1.0: 112, -1.0: 102}

{0.0: 2176, 1.0: 125, -1.0: 123}

{0.0: 2229, 1.0: 104, -1.0: 91}

{0.0: 2190, 1.0: 122, -1.0: 112}

{0.0: 2158, 1.0: 136, -1.0: 130}

{0.0: 2139, 1.0: 143, -1.0: 142}

{0.0: 2117, 1.0: 155, -1.0: 152}

{0.0: 2105, 1.0: 159, -1.0: 160}

{0.0: 2086, 1.0: 168, -1.0: 170}

1 Creating 10 consumers
{0.0: 2190, 1.0: 122, -1.0: 112}

{0.0: 2176, 1.0: 125, -1.0: 123}

{0.0: 2158, 1.0: 136, -1.0: 130}

{0.0: 2229, 1.0: 104, -1.0: 91}
Iter-0: 12.51/6.21 | Iter-1: 13.27/6.85 | Iter-2: 13.38/6.73 | Iter-3: 12.78/6.54 | Iter-4: 12.79/6.13 | 
{0.0: 2210, 1.0: 112, -1.0: 102}
Iter-0: 12.45/6.1 | Iter-1: 13.0/6.64 | Iter-2: 13.01/6.5 | Iter-3: 13.21/6.62 | Iter-4: 12.6/6.08 | 
{0.0: 2246, 1.0: 94, -1.0: 84}
Iter-0: 13.43/6.9 | Iter-1: 14.1/7.53 | Iter-2: 13.67/7.14 | Iter-3: 13.05/6.59 | Iter-4: 12.51/6.24 | 
{0.0: 2105, 1.0: 159, -1.0: 160}
Iter-0: 12.25/5.94 | Iter-1: 13.1/6.58 | Iter-2: 12.84/6.29 | Iter-3: 12.87/6.3 | Iter-4: 12.0/5.87 | 
{0.0: 2086, 1.0: 168, -1.0: 170}
Iter-0: 12.19/5.87 | Iter-1: 12.92/6.4 | Iter-2: 12.83/6.25 | Iter-3: 12.46/6.2 | Iter-4: 12.09/5.87 | 
{0.0: 2117, 1.0: 155, -1.0: 152}
Iter-0: 12.18/5.9 | Iter-1: 13.39/6.49 | Iter-2: 13.18/6.61 | Iter-3: 12.97/6.3 | Iter-4: 12.52/5.95 | 
{0.0: 2139, 1.0: 143, -1.0: 142}
Iter-0: 12.53/6.01 | Iter-1: 13.14/6.44 | Iter-2: 12.88/6.37 | Iter-3: 13.72/7.05 | Iter-4: 12.62/6.22 | 
prob_mse: 0.234825, running time: 94.5858139992
17.0 ~~~~~~~~~~~~~~~~~~~~~~~~~~~~~~~~~~~~~~~~~~~~~~~~~~~~~~~~~~~~~~~`
dataset: facebook method: Adv-CSL, #attack_edge:10000,T:10,test_ratio: 0.3,gamma:0.3
/network/rit/lab/ceashpc/adil/data/adv_csl/Jan2/random_pgd/facebook/facebook-attackedges-10000-T-10-testratio-0.3-swap_ratio-0.01-gamma-0.3-realization-2-data-X.pkl
#Rule:372936 Nodes:8078 Edges:372936
0 Creating 10 consumers
{0.0: 2229, 1.0: 104, -1.0: 91}

{0.0: 2190, 1.0: 122, -1.0: 112}

{0.0: 2246, 1.0: 94, -1.0: 84}

{0.0: 2210, 1.0: 112, -1.0: 102}

{0.0: 2176, 1.0: 125, -1.0: 123}

{0.0: 2158, 1.0: 136, -1.0: 130}

{0.0: 2139, 1.0: 143, -1.0: 142}

{0.0: 2105, 1.0: 159, -1.0: 160}

{0.0: 2086, 1.0: 168, -1.0: 170}

{0.0: 2117, 1.0: 155, -1.0: 152}

1 Creating 10 consumers
{0.0: 2190, 1.0: 122, -1.0: 112}

{0.0: 2176, 1.0: 125, -1.0: 123}

{0.0: 2158, 1.0: 136, -1.0: 130}

{0.0: 2246, 1.0: 94, -1.0: 84}
Iter-0: 12.76/6.26 | Iter-1: 13.05/6.58 | Iter-2: 13.14/6.76 | Iter-3: 12.79/6.18 | Iter-4: 12.6/6.24 | 
{0.0: 2229, 1.0: 104, -1.0: 91}
Iter-0: 12.43/6.1 | Iter-1: 12.49/6.28 | Iter-2: 13.3/6.66 | Iter-3: 13.14/6.15 | Iter-4: 12.83/6.17 | 
{0.0: 2210, 1.0: 112, -1.0: 102}
Iter-0: 13.69/6.9 | Iter-1: 13.03/6.58 | Iter-2: 13.07/6.56 | Iter-3: 12.84/6.14 | Iter-4: 12.64/6.19 | 
{0.0: 2117, 1.0: 155, -1.0: 152}
Iter-0: 12.21/5.91 | Iter-1: 12.42/6.03 | Iter-2: 13.3/6.29 | Iter-3: 12.89/5.93 | Iter-4: 12.36/6.0 | 
{0.0: 2086, 1.0: 168, -1.0: 170}
Iter-0: 12.26/5.93 | Iter-1: 12.4/6.11 | Iter-2: 12.89/6.62 | Iter-3: 12.56/5.97 | Iter-4: 12.42/5.99 | 
{0.0: 2139, 1.0: 143, -1.0: 142}
Iter-0: 12.32/5.99 | Iter-1: 13.7/6.75 | Iter-2: 13.34/6.48 | Iter-3: 12.9/6.38 | Iter-4: 12.59/5.98 | 
{0.0: 2105, 1.0: 159, -1.0: 160}
Iter-0: 12.36/5.97 | Iter-1: 12.5/6.18 | Iter-2: 12.69/6.36 | Iter-3: 13.3/6.14 | Iter-4: 13.1/6.6 | 
prob_mse: 0.220832810781, running time: 95.2282781601
18.0 ~~~~~~~~~~~~~~~~~~~~~~~~~~~~~~~~~~~~~~~~~~~~~~~~~~~~~~~~~~~~~~~`
dataset: facebook method: Adv-CSL, #attack_edge:10000,T:10,test_ratio: 0.3,gamma:0.4
/network/rit/lab/ceashpc/adil/data/adv_csl/Jan2/random_pgd/facebook/facebook-attackedges-10000-T-10-testratio-0.3-swap_ratio-0.01-gamma-0.4-realization-2-data-X.pkl
#Rule:372936 Nodes:8078 Edges:372936
0 Creating 10 consumers
{0.0: 2229, 1.0: 104, -1.0: 91}

{0.0: 2246, 1.0: 94, -1.0: 84}

{0.0: 2190, 1.0: 122, -1.0: 112}

{0.0: 2210, 1.0: 112, -1.0: 102}

{0.0: 2176, 1.0: 125, -1.0: 123}

{0.0: 2139, 1.0: 143, -1.0: 142}

{0.0: 2158, 1.0: 136, -1.0: 130}

{0.0: 2117, 1.0: 155, -1.0: 152}

{0.0: 2105, 1.0: 159, -1.0: 160}

{0.0: 2086, 1.0: 168, -1.0: 170}

1 Creating 10 consumers
{0.0: 2190, 1.0: 122, -1.0: 112}

{0.0: 2158, 1.0: 136, -1.0: 130}

{0.0: 2176, 1.0: 125, -1.0: 123}

{0.0: 2246, 1.0: 94, -1.0: 84}
Iter-0: 12.76/6.37 | Iter-1: 12.86/6.61 | Iter-2: 12.59/6.42 | Iter-3: 13.45/6.89 | Iter-4: 12.71/6.25 | 
{0.0: 2210, 1.0: 112, -1.0: 102}
Iter-0: 12.45/6.17 | Iter-1: 12.46/6.29 | Iter-2: 12.98/6.37 | Iter-3: 13.07/6.19 | Iter-4: 13.04/6.35 | 
{0.0: 2139, 1.0: 143, -1.0: 142}
Iter-0: 12.35/6.01 | Iter-1: 12.49/6.16 | Iter-2: 12.87/6.18 | Iter-3: 12.48/5.98 | Iter-4: 12.27/6.02 | 
{0.0: 2229, 1.0: 104, -1.0: 91}
Iter-0: 12.89/6.13 | Iter-1: 12.97/6.38 | Iter-2: 13.56/6.87 | Iter-3: 13.13/6.19 | Iter-4: 13.28/6.62 | 
{0.0: 2117, 1.0: 155, -1.0: 152}
Iter-0: 12.2/5.9 | Iter-1: 12.37/6.06 | Iter-2: 12.85/6.2 | Iter-3: 12.77/5.88 | Iter-4: 12.23/5.97 | 
{0.0: 2105, 1.0: 159, -1.0: 160}
Iter-0: 12.26/5.95 | Iter-1: 12.34/6.07 | Iter-2: 12.58/6.16 | Iter-3: 12.39/5.94 | Iter-4: 12.16/5.94 | 
{0.0: 2086, 1.0: 168, -1.0: 170}
Iter-0: 12.19/5.89 | Iter-1: 12.48/6.06 | Iter-2: 12.75/6.12 | Iter-3: 12.28/5.85 | Iter-4: 12.4/5.95 | 
prob_mse: 0.217154152915, running time: 93.2702040672
19.0 ~~~~~~~~~~~~~~~~~~~~~~~~~~~~~~~~~~~~~~~~~~~~~~~~~~~~~~~~~~~~~~~`
dataset: facebook method: Adv-CSL, #attack_edge:10000,T:10,test_ratio: 0.3,gamma:0.5
/network/rit/lab/ceashpc/adil/data/adv_csl/Jan2/random_pgd/facebook/facebook-attackedges-10000-T-10-testratio-0.3-swap_ratio-0.01-gamma-0.5-realization-2-data-X.pkl
#Rule:372936 Nodes:8078 Edges:372936
0 Creating 10 consumers
{0.0: 1201, 1.0: 9, -1.0: 1214}

{0.0: 1198, 1.0: 9, -1.0: 1217}

{0.0: 1203, 1.0: 9, -1.0: 1212}

{0.0: 1191, 1.0: 9, -1.0: 1224}

{0.0: 1192, 1.0: 9, -1.0: 1223}

{0.0: 1199, 1.0: 9, -1.0: 1216}

{0.0: 1187, 1.0: 9, -1.0: 1228}

{0.0: 1187, 1.0: 9, -1.0: 1228}

{0.0: 1184, 1.0: 9, -1.0: 1231}

{0.0: 1183, 1.0: 9, -1.0: 1232}

1 Creating 10 consumers
{0.0: 1201, 1.0: 9, -1.0: 1214}

{0.0: 1203, 1.0: 9, -1.0: 1212}

{0.0: 1198, 1.0: 9, -1.0: 1217}

{0.0: 1199, 1.0: 9, -1.0: 1216}

{0.0: 1191, 1.0: 9, -1.0: 1224}

{0.0: 1192, 1.0: 9, -1.0: 1223}

{0.0: 1187, 1.0: 9, -1.0: 1228}

{0.0: 1187, 1.0: 9, -1.0: 1228}

{0.0: 1184, 1.0: 9, -1.0: 1231}

{0.0: 1183, 1.0: 9, -1.0: 1232}
Iter-0: 12.31/5.98 | Iter-1: 11.73/5.75 | Iter-2: 11.49/5.53 | Iter-3: 11.83/5.53 | Iter-4: 11.71/5.71 | 
prob_mse: 0.419511331133, running time: 90.3605918884
