

--------------------------------------------------
--------------------------------------------------

-------------------Mon, 21 Jan 2019 05:21:52 PM EST---------------------

0 ~~~~~~~~~~~~~~~~~~~~~~~~~~~~~~~~~~~~~~~~~~~~~~~~~~~~~~~~~~~~~~~`
dataset: facebook method: Adv-CSL, #attack_edge:10000,T:10,test_ratio: 0.3,gamma:0.0
/network/rit/lab/ceashpc/adil/data/adv_csl/Jan2/random_noise/facebook/facebook-attackedges-10000-T-10-testratio-0.3-swap_ratio-0.01-gamma-0.0-realization-7-data-X.pkl
#Rule:372936 Nodes:8078 Edges:372936
0 Creating 10 consumers
{0.0: 2257, 1.0: 109, -1.0: 58}

{0.0: 2240, 1.0: 117, -1.0: 67}

{0.0: 2227, 1.0: 124, -1.0: 73}

{0.0: 2204, 1.0: 132, -1.0: 88}

{0.0: 2152, 1.0: 164, -1.0: 108}

{0.0: 2177, 1.0: 146, -1.0: 101}

{0.0: 2117, 1.0: 177, -1.0: 130}

{0.0: 2081, 1.0: 190, -1.0: 153}

{0.0: 2097, 1.0: 183, -1.0: 144}

{0.0: 2058, 1.0: 203, -1.0: 163}

1 Creating 10 consumers
{0.0: 2204, 1.0: 132, -1.0: 88}

{0.0: 2177, 1.0: 146, -1.0: 101}

{0.0: 2152, 1.0: 164, -1.0: 108}

{0.0: 2117, 1.0: 177, -1.0: 130}

{0.0: 2240, 1.0: 117, -1.0: 67}
Iter-0: 9.99/3.46 | Iter-1: 11.53/5.37 | Iter-2: 10.22/4.04 | 
{0.0: 2227, 1.0: 124, -1.0: 73}
Iter-0: 9.75/3.47 | Iter-1: 11.85/5.6 | Iter-2: 10.36/4.17 | 
{0.0: 2257, 1.0: 109, -1.0: 58}
Iter-0: 10.56/3.85 | Iter-1: 12.32/5.97 | Iter-2: 10.9/4.54 | 
{0.0: 2081, 1.0: 190, -1.0: 153}
Iter-0: 9.75/3.44 | Iter-1: 11.17/5.14 | Iter-2: 10.08/4.05 | 
{0.0: 2097, 1.0: 183, -1.0: 144}
Iter-0: 9.79/3.45 | Iter-1: 11.76/5.47 | Iter-2: 10.41/4.14 | 
{0.0: 2058, 1.0: 203, -1.0: 163}
Iter-0: 9.84/3.45 | Iter-1: 11.73/5.39 | Iter-2: 10.46/4.11 | 
prob_mse: 0.0901924367437, running time: 69.9662179947
1.0 ~~~~~~~~~~~~~~~~~~~~~~~~~~~~~~~~~~~~~~~~~~~~~~~~~~~~~~~~~~~~~~~`
dataset: facebook method: Adv-CSL, #attack_edge:10000,T:10,test_ratio: 0.3,gamma:0.01
/network/rit/lab/ceashpc/adil/data/adv_csl/Jan2/random_noise/facebook/facebook-attackedges-10000-T-10-testratio-0.3-swap_ratio-0.01-gamma-0.01-realization-7-data-X.pkl
#Rule:372936 Nodes:8078 Edges:372936
0 Creating 10 consumers
{0.0: 2240, 1.0: 117, -1.0: 67}

{0.0: 2227, 1.0: 124, -1.0: 73}

{0.0: 2257, 1.0: 109, -1.0: 58}

{0.0: 2204, 1.0: 132, -1.0: 88}

{0.0: 2152, 1.0: 164, -1.0: 108}

{0.0: 2177, 1.0: 146, -1.0: 101}

{0.0: 2117, 1.0: 177, -1.0: 130}

{0.0: 2097, 1.0: 183, -1.0: 144}

{0.0: 2081, 1.0: 190, -1.0: 153}

{0.0: 2058, 1.0: 203, -1.0: 163}

1 Creating 10 consumers
{0.0: 2204, 1.0: 132, -1.0: 88}

{0.0: 2177, 1.0: 146, -1.0: 101}

{0.0: 2152, 1.0: 164, -1.0: 108}

{0.0: 2117, 1.0: 177, -1.0: 130}

{0.0: 2257, 1.0: 109, -1.0: 58}
Iter-0: 13.18/6.94 | Iter-1: 12.09/6.16 | Iter-2: 11.6/5.69 | Iter-3: 11.65/5.64 | Iter-4: 11.49/5.55 | 
{0.0: 2240, 1.0: 117, -1.0: 67}
Iter-0: 13.2/6.87 | Iter-1: 12.64/6.14 | Iter-2: 12.23/5.93 | Iter-3: 12.81/6.53 | Iter-4: 12.05/5.82 | 
{0.0: 2227, 1.0: 124, -1.0: 73}
Iter-0: 13.26/6.91 | Iter-1: 12.6/6.24 | Iter-2: 12.34/6.01 | Iter-3: 12.16/5.84 | Iter-4: 12.18/5.9 | 
{0.0: 2058, 1.0: 203, -1.0: 163}
Iter-0: 12.91/6.56 | Iter-1: 11.81/5.71 | Iter-2: 11.65/5.51 | Iter-3: 11.57/5.52 | Iter-4: 11.43/5.41 | 
{0.0: 2081, 1.0: 190, -1.0: 153}
Iter-0: 13.18/6.66 | Iter-1: 12.57/6.07 | Iter-2: 12.31/5.84 | Iter-3: 12.13/5.69 | Iter-4: 11.88/5.75 | 
{0.0: 2097, 1.0: 183, -1.0: 144}
Iter-0: 13.9/7.41 | Iter-1: 12.61/6.4 | Iter-2: 12.44/6.18 | Iter-3: 12.29/6.12 | Iter-4: 12.3/5.97 | 
prob_mse: 0.186833113311, running time: 93.2974569798
2.0 ~~~~~~~~~~~~~~~~~~~~~~~~~~~~~~~~~~~~~~~~~~~~~~~~~~~~~~~~~~~~~~~`
dataset: facebook method: Adv-CSL, #attack_edge:10000,T:10,test_ratio: 0.3,gamma:0.03
/network/rit/lab/ceashpc/adil/data/adv_csl/Jan2/random_noise/facebook/facebook-attackedges-10000-T-10-testratio-0.3-swap_ratio-0.01-gamma-0.03-realization-7-data-X.pkl
#Rule:372936 Nodes:8078 Edges:372936
0 Creating 10 consumers
{0.0: 2257, 1.0: 109, -1.0: 58}

{0.0: 2227, 1.0: 124, -1.0: 73}

{0.0: 2240, 1.0: 117, -1.0: 67}

{0.0: 2204, 1.0: 132, -1.0: 88}

{0.0: 2177, 1.0: 146, -1.0: 101}

{0.0: 2152, 1.0: 164, -1.0: 108}

{0.0: 2117, 1.0: 177, -1.0: 130}

{0.0: 2097, 1.0: 183, -1.0: 144}

{0.0: 2081, 1.0: 190, -1.0: 153}

{0.0: 2058, 1.0: 203, -1.0: 163}

1 Creating 10 consumers
{0.0: 2204, 1.0: 132, -1.0: 88}

{0.0: 2152, 1.0: 164, -1.0: 108}

{0.0: 2177, 1.0: 146, -1.0: 101}

{0.0: 2117, 1.0: 177, -1.0: 130}

{0.0: 2257, 1.0: 109, -1.0: 58}
Iter-0: 13.1/6.87 | Iter-1: 12.74/6.46 | Iter-2: 12.02/6.1 | Iter-3: 11.67/5.75 | Iter-4: 11.64/5.72 | 
{0.0: 2097, 1.0: 183, -1.0: 144}
Iter-0: 12.83/6.53 | Iter-1: 12.3/6.09 | Iter-2: 11.77/5.74 | Iter-3: 11.72/5.58 | Iter-4: 11.68/5.64 | 
{0.0: 2227, 1.0: 124, -1.0: 73}
Iter-0: 13.35/6.83 | Iter-1: 12.93/6.35 | Iter-2: 12.31/5.99 | Iter-3: 12.2/5.77 | Iter-4: 12.14/5.83 | 
{0.0: 2240, 1.0: 117, -1.0: 67}
Iter-0: 14.37/7.64 | Iter-1: 12.97/6.53 | Iter-2: 12.29/6.05 | Iter-3: 12.22/5.87 | Iter-4: 12.18/5.93 | 
{0.0: 2081, 1.0: 190, -1.0: 153}
Iter-0: 13.07/6.63 | Iter-1: 12.7/6.21 | Iter-2: 11.9/5.78 | Iter-3: 11.66/5.58 | Iter-4: 11.61/5.59 | 
{0.0: 2058, 1.0: 203, -1.0: 163}
Iter-0: 12.93/6.48 | Iter-1: 13.7/6.81 | Iter-2: 12.75/6.26 | Iter-3: 12.56/6.1 | Iter-4: 12.28/6.03 | 
prob_mse: 0.18669559956, running time: 95.278908968
3.0 ~~~~~~~~~~~~~~~~~~~~~~~~~~~~~~~~~~~~~~~~~~~~~~~~~~~~~~~~~~~~~~~`
dataset: facebook method: Adv-CSL, #attack_edge:10000,T:10,test_ratio: 0.3,gamma:0.05
/network/rit/lab/ceashpc/adil/data/adv_csl/Jan2/random_noise/facebook/facebook-attackedges-10000-T-10-testratio-0.3-swap_ratio-0.01-gamma-0.05-realization-7-data-X.pkl
#Rule:372936 Nodes:8078 Edges:372936
0 Creating 10 consumers
{0.0: 2234, 1.0: 121, -1.0: 69}

{0.0: 2190, 1.0: 148, -1.0: 86}

{0.0: 2256, 1.0: 109, -1.0: 59}

{0.0: 2216, 1.0: 137, -1.0: 71}

{0.0: 2165, 1.0: 159, -1.0: 100}

{0.0: 2144, 1.0: 172, -1.0: 108}

{0.0: 2121, 1.0: 186, -1.0: 117}

{0.0: 2102, 1.0: 193, -1.0: 129}

{0.0: 2097, 1.0: 196, -1.0: 131}

{0.0: 2073, 1.0: 212, -1.0: 139}

1 Creating 10 consumers
{0.0: 2216, 1.0: 137, -1.0: 71}

{0.0: 2190, 1.0: 148, -1.0: 86}

{0.0: 2165, 1.0: 159, -1.0: 100}

{0.0: 2144, 1.0: 172, -1.0: 108}

{0.0: 2234, 1.0: 121, -1.0: 69}
Iter-0: 13.47/6.76 | Iter-1: 12.83/6.58 | Iter-2: 12.58/6.11 | Iter-3: 12.57/6.21 | Iter-4: 12.38/6.02 | 
{0.0: 2121, 1.0: 186, -1.0: 117}
Iter-0: 12.94/6.52 | Iter-1: 12.45/6.33 | Iter-2: 12.27/5.88 | Iter-3: 12.23/6.04 | Iter-4: 12.2/5.92 | 
{0.0: 2097, 1.0: 196, -1.0: 131}
Iter-0: 12.77/6.4 | Iter-1: 12.75/6.4 | Iter-2: 12.45/5.94 | Iter-3: 12.21/5.92 | Iter-4: 11.99/5.82 | 
{0.0: 2102, 1.0: 193, -1.0: 129}
Iter-0: 12.75/6.41 | Iter-1: 12.78/6.25 | Iter-2: 12.67/5.78 | Iter-3: 12.47/5.91 | Iter-4: 12.64/5.92 | 
{0.0: 2073, 1.0: 212, -1.0: 139}
Iter-0: 12.85/6.39 | Iter-1: 12.77/6.36 | Iter-2: 12.42/5.89 | Iter-3: 12.19/5.88 | Iter-4: 11.88/5.8 | 
{0.0: 2256, 1.0: 109, -1.0: 59}
Iter-0: 13.44/7.07 | Iter-1: 14.22/7.3 | Iter-2: 14.29/7.16 | Iter-3: 13.83/6.9 | Iter-4: 13.24/6.74 | 
prob_mse: 0.189206215622, running time: 94.1716630459
4.0 ~~~~~~~~~~~~~~~~~~~~~~~~~~~~~~~~~~~~~~~~~~~~~~~~~~~~~~~~~~~~~~~`
dataset: facebook method: Adv-CSL, #attack_edge:10000,T:10,test_ratio: 0.3,gamma:0.07
/network/rit/lab/ceashpc/adil/data/adv_csl/Jan2/random_noise/facebook/facebook-attackedges-10000-T-10-testratio-0.3-swap_ratio-0.01-gamma-0.07-realization-7-data-X.pkl
#Rule:372936 Nodes:8078 Edges:372936
0 Creating 10 consumers
{0.0: 2256, 1.0: 109, -1.0: 59}

{0.0: 2216, 1.0: 137, -1.0: 71}

{0.0: 2234, 1.0: 121, -1.0: 69}

{0.0: 2190, 1.0: 148, -1.0: 86}

{0.0: 2165, 1.0: 159, -1.0: 100}

{0.0: 2144, 1.0: 172, -1.0: 108}

{0.0: 2121, 1.0: 186, -1.0: 117}

{0.0: 2102, 1.0: 193, -1.0: 129}

{0.0: 2097, 1.0: 196, -1.0: 131}

{0.0: 2073, 1.0: 212, -1.0: 139}

1 Creating 10 consumers
{0.0: 2190, 1.0: 148, -1.0: 86}

{0.0: 2165, 1.0: 159, -1.0: 100}

{0.0: 2216, 1.0: 137, -1.0: 71}

{0.0: 2144, 1.0: 172, -1.0: 108}

{0.0: 2256, 1.0: 109, -1.0: 59}
Iter-0: 13.24/6.84 | Iter-1: 13.3/6.82 | Iter-2: 12.94/6.27 | Iter-3: 12.75/6.22 | Iter-4: 12.74/6.2 | 
{0.0: 2234, 1.0: 121, -1.0: 69}
Iter-0: 13.0/6.65 | Iter-1: 13.55/6.82 | Iter-2: 13.49/6.53 | Iter-3: 13.11/6.37 | Iter-4: 13.16/6.41 | 
{0.0: 2102, 1.0: 193, -1.0: 129}
Iter-0: 13.08/6.44 | Iter-1: 12.54/6.29 | Iter-2: 12.27/5.82 | Iter-3: 12.24/5.88 | Iter-4: 12.27/5.88 | 
{0.0: 2121, 1.0: 186, -1.0: 117}
Iter-0: 12.85/6.48 | Iter-1: 12.94/6.59 | Iter-2: 12.72/6.22 | Iter-3: 12.49/6.15 | Iter-4: 12.63/6.24 | 
{0.0: 2073, 1.0: 212, -1.0: 139}
Iter-0: 12.95/6.39 | Iter-1: 12.96/6.47 | Iter-2: 12.78/6.09 | Iter-3: 12.5/6.06 | Iter-4: 12.57/6.18 | 
{0.0: 2097, 1.0: 196, -1.0: 131}
Iter-0: 12.92/6.41 | Iter-1: 13.68/6.99 | Iter-2: 13.46/6.47 | Iter-3: 13.25/6.53 | Iter-4: 13.18/6.64 | 
prob_mse: 0.189103080308, running time: 97.3330130577
5.0 ~~~~~~~~~~~~~~~~~~~~~~~~~~~~~~~~~~~~~~~~~~~~~~~~~~~~~~~~~~~~~~~`
dataset: facebook method: Adv-CSL, #attack_edge:10000,T:10,test_ratio: 0.3,gamma:0.09
/network/rit/lab/ceashpc/adil/data/adv_csl/Jan2/random_noise/facebook/facebook-attackedges-10000-T-10-testratio-0.3-swap_ratio-0.01-gamma-0.09-realization-7-data-X.pkl
#Rule:372936 Nodes:8078 Edges:372936
0 Creating 10 consumers
{0.0: 2256, 1.0: 109, -1.0: 59}

{0.0: 2234, 1.0: 121, -1.0: 69}

{0.0: 2216, 1.0: 137, -1.0: 71}

{0.0: 2190, 1.0: 148, -1.0: 86}

{0.0: 2144, 1.0: 172, -1.0: 108}

{0.0: 2165, 1.0: 159, -1.0: 100}

{0.0: 2121, 1.0: 186, -1.0: 117}

{0.0: 2097, 1.0: 196, -1.0: 131}

{0.0: 2073, 1.0: 212, -1.0: 139}

{0.0: 2102, 1.0: 193, -1.0: 129}

1 Creating 10 consumers
{0.0: 2216, 1.0: 137, -1.0: 71}

{0.0: 2165, 1.0: 159, -1.0: 100}

{0.0: 2144, 1.0: 172, -1.0: 108}

{0.0: 2190, 1.0: 148, -1.0: 86}

{0.0: 2234, 1.0: 121, -1.0: 69}
Iter-0: 13.42/6.76 | Iter-1: 13.18/6.69 | Iter-2: 12.81/6.37 | Iter-3: 12.7/6.26 | Iter-4: 12.73/6.28 | 
{0.0: 2102, 1.0: 193, -1.0: 129}
Iter-0: 12.81/6.41 | Iter-1: 12.65/6.38 | Iter-2: 12.19/5.96 | Iter-3: 12.21/6.02 | Iter-4: 12.23/6.04 | 
{0.0: 2256, 1.0: 109, -1.0: 59}
Iter-0: 13.19/6.78 | Iter-1: 13.52/6.81 | Iter-2: 13.19/6.49 | Iter-3: 13.08/6.38 | Iter-4: 13.08/6.38 | 
{0.0: 2073, 1.0: 212, -1.0: 139}
Iter-0: 12.91/6.37 | Iter-1: 12.74/6.4 | Iter-2: 12.29/5.94 | Iter-3: 12.25/5.95 | Iter-4: 12.3/6.01 | 
{0.0: 2121, 1.0: 186, -1.0: 117}
Iter-0: 13.36/6.53 | Iter-1: 13.09/6.57 | Iter-2: 12.74/6.22 | Iter-3: 12.75/6.23 | Iter-4: 12.65/6.24 | 
{0.0: 2097, 1.0: 196, -1.0: 131}
Iter-0: 12.97/6.36 | Iter-1: 12.97/6.42 | Iter-2: 12.6/6.05 | Iter-3: 12.62/6.07 | Iter-4: 12.5/6.08 | 
prob_mse: 0.188484185919, running time: 94.2423729897
6.0 ~~~~~~~~~~~~~~~~~~~~~~~~~~~~~~~~~~~~~~~~~~~~~~~~~~~~~~~~~~~~~~~`
dataset: facebook method: Adv-CSL, #attack_edge:10000,T:10,test_ratio: 0.3,gamma:0.2
/network/rit/lab/ceashpc/adil/data/adv_csl/Jan2/random_noise/facebook/facebook-attackedges-10000-T-10-testratio-0.3-swap_ratio-0.01-gamma-0.2-realization-7-data-X.pkl
#Rule:372936 Nodes:8078 Edges:372936
0 Creating 10 consumers
{0.0: 2236, 1.0: 122, -1.0: 66}

{0.0: 2212, 1.0: 128, -1.0: 84}

{0.0: 2201, 1.0: 139, -1.0: 84}

{0.0: 2178, 1.0: 148, -1.0: 98}

{0.0: 2154, 1.0: 159, -1.0: 111}

{0.0: 2138, 1.0: 171, -1.0: 115}

{0.0: 2125, 1.0: 180, -1.0: 119}

{0.0: 2085, 1.0: 194, -1.0: 145}

{0.0: 2075, 1.0: 193, -1.0: 156}

{0.0: 2108, 1.0: 188, -1.0: 128}

1 Creating 10 consumers
{0.0: 2138, 1.0: 171, -1.0: 115}

{0.0: 2125, 1.0: 180, -1.0: 119}

{0.0: 2236, 1.0: 122, -1.0: 66}
Iter-0: 13.4/7.02 | Iter-1: 13.43/7.15 | Iter-2: 13.03/6.74 | Iter-3: 13.08/6.76 | Iter-4: 12.98/6.73 | 
{0.0: 2154, 1.0: 159, -1.0: 111}
Iter-0: 12.98/6.7 | Iter-1: 13.1/6.86 | Iter-2: 12.69/6.55 | Iter-3: 12.58/6.41 | Iter-4: 12.68/6.39 | 
{0.0: 2201, 1.0: 139, -1.0: 84}
Iter-0: 13.31/6.85 | Iter-1: 13.39/7.01 | Iter-2: 13.03/6.6 | Iter-3: 13.06/6.62 | Iter-4: 13.01/6.61 | 
{0.0: 2178, 1.0: 148, -1.0: 98}
Iter-0: 13.51/7.04 | Iter-1: 13.27/6.89 | Iter-2: 12.92/6.52 | Iter-3: 13.0/6.54 | Iter-4: 12.97/6.51 | 
{0.0: 2212, 1.0: 128, -1.0: 84}
Iter-0: 13.67/6.96 | Iter-1: 13.68/7.06 | Iter-2: 13.3/6.65 | Iter-3: 13.34/6.67 | Iter-4: 13.32/6.65 | 
{0.0: 2108, 1.0: 188, -1.0: 128}
Iter-0: 12.85/6.52 | Iter-1: 13.0/6.73 | Iter-2: 12.56/6.35 | Iter-3: 12.45/6.23 | Iter-4: 12.63/6.29 | 
{0.0: 2085, 1.0: 194, -1.0: 145}
Iter-0: 12.83/6.5 | Iter-1: 12.98/6.7 | Iter-2: 12.54/6.31 | Iter-3: 12.43/6.21 | Iter-4: 12.59/6.28 | 
{0.0: 2075, 1.0: 193, -1.0: 156}
Iter-0: 12.79/6.46 | Iter-1: 12.95/6.66 | Iter-2: 12.49/6.26 | Iter-3: 12.4/6.18 | Iter-4: 12.6/6.28 | 
prob_mse: 0.21911570407, running time: 94.4960870743
7.0 ~~~~~~~~~~~~~~~~~~~~~~~~~~~~~~~~~~~~~~~~~~~~~~~~~~~~~~~~~~~~~~~`
dataset: facebook method: Adv-CSL, #attack_edge:10000,T:10,test_ratio: 0.3,gamma:0.3
/network/rit/lab/ceashpc/adil/data/adv_csl/Jan2/random_noise/facebook/facebook-attackedges-10000-T-10-testratio-0.3-swap_ratio-0.01-gamma-0.3-realization-7-data-X.pkl
#Rule:372936 Nodes:8078 Edges:372936
0 Creating 10 consumers
{0.0: 2201, 1.0: 139, -1.0: 84}

{0.0: 2212, 1.0: 128, -1.0: 84}

{0.0: 2236, 1.0: 122, -1.0: 66}

{0.0: 2178, 1.0: 148, -1.0: 98}

{0.0: 2154, 1.0: 159, -1.0: 111}

{0.0: 2138, 1.0: 171, -1.0: 115}

{0.0: 2125, 1.0: 180, -1.0: 119}

{0.0: 2108, 1.0: 188, -1.0: 128}

{0.0: 2085, 1.0: 194, -1.0: 145}

{0.0: 2075, 1.0: 193, -1.0: 156}

1 Creating 10 consumers
{0.0: 2138, 1.0: 171, -1.0: 115}

{0.0: 2125, 1.0: 180, -1.0: 119}

{0.0: 2236, 1.0: 122, -1.0: 66}
Iter-0: 13.17/6.96 | Iter-1: 13.45/7.33 | Iter-2: 12.88/6.73 | Iter-3: 12.85/6.72 | Iter-4: 12.93/6.78 | 
{0.0: 2178, 1.0: 148, -1.0: 98}
Iter-0: 13.1/6.77 | Iter-1: 13.21/7.12 | Iter-2: 12.66/6.56 | Iter-3: 12.66/6.55 | Iter-4: 12.73/6.62 | 
{0.0: 2212, 1.0: 128, -1.0: 84}
Iter-0: 13.12/6.9 | Iter-1: 13.6/7.32 | Iter-2: 13.09/6.84 | Iter-3: 13.19/6.9 | Iter-4: 13.15/6.88 | 
{0.0: 2154, 1.0: 159, -1.0: 111}
Iter-0: 12.91/6.7 | Iter-1: 13.43/7.14 | Iter-2: 12.9/6.64 | Iter-3: 13.05/6.73 | Iter-4: 12.98/6.72 | 
{0.0: 2201, 1.0: 139, -1.0: 84}
Iter-0: 13.28/6.84 | Iter-1: 13.81/7.28 | Iter-2: 13.28/6.77 | Iter-3: 13.41/6.86 | Iter-4: 13.35/6.85 | 
{0.0: 2085, 1.0: 194, -1.0: 145}
Iter-0: 12.68/6.48 | Iter-1: 13.21/6.95 | Iter-2: 12.66/6.43 | Iter-3: 12.83/6.54 | Iter-4: 12.71/6.55 | 
{0.0: 2108, 1.0: 188, -1.0: 128}
Iter-0: 12.88/6.57 | Iter-1: 13.43/6.94 | Iter-2: 12.86/6.37 | Iter-3: 12.96/6.43 | Iter-4: 12.91/6.51 | 
{0.0: 2075, 1.0: 193, -1.0: 156}
Iter-0: 12.99/6.48 | Iter-1: 13.07/6.82 | Iter-2: 12.52/6.27 | Iter-3: 12.71/6.34 | Iter-4: 12.68/6.42 | 
prob_mse: 0.212205390539, running time: 94.4533829689
8.0 ~~~~~~~~~~~~~~~~~~~~~~~~~~~~~~~~~~~~~~~~~~~~~~~~~~~~~~~~~~~~~~~`
dataset: facebook method: Adv-CSL, #attack_edge:10000,T:10,test_ratio: 0.3,gamma:0.4
/network/rit/lab/ceashpc/adil/data/adv_csl/Jan2/random_noise/facebook/facebook-attackedges-10000-T-10-testratio-0.3-swap_ratio-0.01-gamma-0.4-realization-7-data-X.pkl
#Rule:372936 Nodes:8078 Edges:372936
0 Creating 10 consumers
{0.0: 2236, 1.0: 122, -1.0: 66}

{0.0: 2201, 1.0: 139, -1.0: 84}

{0.0: 2178, 1.0: 148, -1.0: 98}

{0.0: 2212, 1.0: 128, -1.0: 84}

{0.0: 2154, 1.0: 159, -1.0: 111}

{0.0: 2138, 1.0: 171, -1.0: 115}

{0.0: 2125, 1.0: 180, -1.0: 119}

{0.0: 2108, 1.0: 188, -1.0: 128}

{0.0: 2085, 1.0: 194, -1.0: 145}

{0.0: 2075, 1.0: 193, -1.0: 156}

1 Creating 10 consumers
{0.0: 2138, 1.0: 171, -1.0: 115}

{0.0: 2125, 1.0: 180, -1.0: 119}

{0.0: 2236, 1.0: 122, -1.0: 66}
Iter-0: 13.2/6.94 | Iter-1: 13.49/7.4 | Iter-2: 12.74/6.6 | Iter-3: 12.91/6.83 | Iter-4: 12.78/6.7 | 
{0.0: 2178, 1.0: 148, -1.0: 98}
Iter-0: 13.39/6.84 | Iter-1: 13.58/7.26 | Iter-2: 12.86/6.51 | Iter-3: 13.05/6.74 | Iter-4: 13.08/6.66 | 
{0.0: 2075, 1.0: 193, -1.0: 156}
Iter-0: 12.68/6.52 | Iter-1: 12.96/6.88 | Iter-2: 12.27/6.18 | Iter-3: 12.44/6.39 | Iter-4: 12.47/6.38 | 
{0.0: 2201, 1.0: 139, -1.0: 84}
Iter-0: 13.58/6.91 | Iter-1: 13.8/7.52 | Iter-2: 13.11/6.79 | Iter-3: 13.29/6.98 | Iter-4: 13.6/7.27 | 
{0.0: 2154, 1.0: 159, -1.0: 111}
Iter-0: 13.23/6.78 | Iter-1: 13.8/7.33 | Iter-2: 13.12/6.64 | Iter-3: 13.34/6.81 | Iter-4: 13.22/6.78 | 
{0.0: 2108, 1.0: 188, -1.0: 128}
Iter-0: 12.92/6.61 | Iter-1: 13.52/7.18 | Iter-2: 12.77/6.46 | Iter-3: 12.96/6.65 | Iter-4: 12.91/6.66 | 
{0.0: 2085, 1.0: 194, -1.0: 145}
Iter-0: 12.89/6.58 | Iter-1: 13.49/7.16 | Iter-2: 12.83/6.46 | Iter-3: 13.0/6.64 | Iter-4: 12.93/6.64 | 
{0.0: 2212, 1.0: 128, -1.0: 84}
Iter-0: 14.44/7.73 | Iter-1: 14.68/8.19 | Iter-2: 13.91/7.36 | Iter-3: 13.99/7.54 | Iter-4: 13.79/7.48 | 
prob_mse: 0.207701815182, running time: 97.686414957
9.0 ~~~~~~~~~~~~~~~~~~~~~~~~~~~~~~~~~~~~~~~~~~~~~~~~~~~~~~~~~~~~~~~`
dataset: facebook method: Adv-CSL, #attack_edge:10000,T:10,test_ratio: 0.3,gamma:0.5
/network/rit/lab/ceashpc/adil/data/adv_csl/Jan2/random_noise/facebook/facebook-attackedges-10000-T-10-testratio-0.3-swap_ratio-0.01-gamma-0.5-realization-7-data-X.pkl
#Rule:372936 Nodes:8078 Edges:372936
0 Creating 10 consumers
{0.0: 2236, 1.0: 122, -1.0: 66}

{0.0: 2212, 1.0: 128, -1.0: 84}

{0.0: 2201, 1.0: 139, -1.0: 84}

{0.0: 2178, 1.0: 148, -1.0: 98}

{0.0: 2138, 1.0: 171, -1.0: 115}

{0.0: 2154, 1.0: 159, -1.0: 111}

{0.0: 2108, 1.0: 188, -1.0: 128}

{0.0: 2125, 1.0: 180, -1.0: 119}

{0.0: 2085, 1.0: 194, -1.0: 145}

{0.0: 2075, 1.0: 193, -1.0: 156}

1 Creating 10 consumers
{0.0: 2138, 1.0: 171, -1.0: 115}

{0.0: 2125, 1.0: 180, -1.0: 119}

{0.0: 2212, 1.0: 128, -1.0: 84}
Iter-0: 13.07/6.85 | Iter-1: 13.47/7.42 | Iter-2: 12.57/6.46 | Iter-3: 12.77/6.67 | Iter-4: 12.72/6.64 | 
{0.0: 2154, 1.0: 159, -1.0: 111}
Iter-0: 12.96/6.72 | Iter-1: 13.35/7.25 | Iter-2: 12.45/6.35 | Iter-3: 12.68/6.58 | Iter-4: 12.69/6.58 | 
{0.0: 2201, 1.0: 139, -1.0: 84}
Iter-0: 13.12/6.82 | Iter-1: 13.87/7.53 | Iter-2: 13.04/6.66 | Iter-3: 13.29/6.88 | Iter-4: 13.17/6.88 | 
{0.0: 2178, 1.0: 148, -1.0: 98}
Iter-0: 13.07/6.79 | Iter-1: 13.92/7.35 | Iter-2: 13.02/6.43 | Iter-3: 13.17/6.65 | Iter-4: 13.15/6.65 | 
{0.0: 2108, 1.0: 188, -1.0: 128}
Iter-0: 12.82/6.55 | Iter-1: 13.58/7.27 | Iter-2: 12.72/6.41 | Iter-3: 13.04/6.66 | Iter-4: 12.88/6.65 | 
{0.0: 2085, 1.0: 194, -1.0: 145}
Iter-0: 12.75/6.5 | Iter-1: 13.56/7.22 | Iter-2: 12.81/6.46 | Iter-3: 12.99/6.63 | Iter-4: 12.85/6.6 | 
{0.0: 2236, 1.0: 122, -1.0: 66}
Iter-0: 14.42/7.55 | Iter-1: 15.01/8.28 | Iter-2: 13.97/7.27 | Iter-3: 14.17/7.49 | Iter-4: 13.97/7.47 | 
{0.0: 2075, 1.0: 193, -1.0: 156}
Iter-0: 14.69/7.83 | Iter-1: 16.08/9.17 | Iter-2: 13.94/7.51 | Iter-3: 13.09/6.65 | Iter-4: 13.29/7.48 | 
prob_mse: 0.204435863586, running time: 102.851917982
10.0 ~~~~~~~~~~~~~~~~~~~~~~~~~~~~~~~~~~~~~~~~~~~~~~~~~~~~~~~~~~~~~~~`
dataset: facebook method: Adv-CSL, #attack_edge:10000,T:10,test_ratio: 0.3,gamma:0.0
/network/rit/lab/ceashpc/adil/data/adv_csl/Jan2/random_noise/facebook/facebook-attackedges-10000-T-10-testratio-0.3-swap_ratio-0.01-gamma-0.0-realization-8-data-X.pkl
#Rule:372936 Nodes:8078 Edges:372936
0 Creating 10 consumers
{0.0: 2257, 1.0: 109, -1.0: 58}

{0.0: 2240, 1.0: 117, -1.0: 67}

{0.0: 2204, 1.0: 132, -1.0: 88}

{0.0: 2177, 1.0: 146, -1.0: 101}

{0.0: 2227, 1.0: 124, -1.0: 73}

{0.0: 2152, 1.0: 164, -1.0: 108}

{0.0: 2117, 1.0: 177, -1.0: 130}

{0.0: 2097, 1.0: 183, -1.0: 144}

{0.0: 2081, 1.0: 190, -1.0: 153}

{0.0: 2058, 1.0: 203, -1.0: 163}

1 Creating 10 consumers
{0.0: 2204, 1.0: 132, -1.0: 88}

{0.0: 2177, 1.0: 146, -1.0: 101}

{0.0: 2152, 1.0: 164, -1.0: 108}

{0.0: 2117, 1.0: 177, -1.0: 130}

{0.0: 2240, 1.0: 117, -1.0: 67}
Iter-0: 10.32/3.45 | Iter-1: 11.54/5.43 | Iter-2: 9.98/3.98 | 
{0.0: 2257, 1.0: 109, -1.0: 58}
Iter-0: 10.14/3.48 | Iter-1: 12.22/5.78 | Iter-2: 10.76/4.43 | 
{0.0: 2227, 1.0: 124, -1.0: 73}
Iter-0: 10.11/3.47 | Iter-1: 11.85/5.55 | Iter-2: 10.51/4.19 | 
{0.0: 2081, 1.0: 190, -1.0: 153}
Iter-0: 9.84/3.43 | Iter-1: 11.08/5.19 | Iter-2: 9.81/3.94 | 
{0.0: 2058, 1.0: 203, -1.0: 163}
Iter-0: 10.03/3.43 | Iter-1: 11.7/5.35 | Iter-2: 10.5/4.13 | 
{0.0: 2097, 1.0: 183, -1.0: 144}
Iter-0: 10.49/3.79 | Iter-1: 11.99/5.42 | Iter-2: 10.74/4.15 | 
prob_mse: 0.0901924367437, running time: 71.7839558125
11.0 ~~~~~~~~~~~~~~~~~~~~~~~~~~~~~~~~~~~~~~~~~~~~~~~~~~~~~~~~~~~~~~~`
dataset: facebook method: Adv-CSL, #attack_edge:10000,T:10,test_ratio: 0.3,gamma:0.01
/network/rit/lab/ceashpc/adil/data/adv_csl/Jan2/random_noise/facebook/facebook-attackedges-10000-T-10-testratio-0.3-swap_ratio-0.01-gamma-0.01-realization-8-data-X.pkl
#Rule:372936 Nodes:8078 Edges:372936
0 Creating 10 consumers
{0.0: 2257, 1.0: 109, -1.0: 58}

{0.0: 2204, 1.0: 132, -1.0: 88}

{0.0: 2227, 1.0: 124, -1.0: 73}

{0.0: 2177, 1.0: 146, -1.0: 101}

{0.0: 2240, 1.0: 117, -1.0: 67}

{0.0: 2152, 1.0: 164, -1.0: 108}

{0.0: 2117, 1.0: 177, -1.0: 130}

{0.0: 2097, 1.0: 183, -1.0: 144}

{0.0: 2081, 1.0: 190, -1.0: 153}

{0.0: 2058, 1.0: 203, -1.0: 163}

1 Creating 10 consumers
{0.0: 2204, 1.0: 132, -1.0: 88}

{0.0: 2152, 1.0: 164, -1.0: 108}

{0.0: 2177, 1.0: 146, -1.0: 101}

{0.0: 2117, 1.0: 177, -1.0: 130}

{0.0: 2227, 1.0: 124, -1.0: 73}
Iter-0: 13.06/6.84 | Iter-1: 12.01/5.98 | Iter-2: 11.72/5.67 | Iter-3: 11.56/5.54 | Iter-4: 11.49/5.57 | 
{0.0: 2240, 1.0: 117, -1.0: 67}
Iter-0: 13.01/6.86 | Iter-1: 12.31/6.18 | Iter-2: 12.07/5.96 | Iter-3: 11.94/5.84 | Iter-4: 11.96/5.8 | 
{0.0: 2081, 1.0: 190, -1.0: 153}
Iter-0: 12.78/6.55 | Iter-1: 11.59/5.66 | Iter-2: 11.47/5.49 | Iter-3: 11.33/5.44 | Iter-4: 11.31/5.41 | 
{0.0: 2257, 1.0: 109, -1.0: 58}
Iter-0: 13.34/6.95 | Iter-1: 12.77/6.23 | Iter-2: 12.56/6.02 | Iter-3: 12.36/5.87 | Iter-4: 12.33/5.85 | 
{0.0: 2058, 1.0: 203, -1.0: 163}
Iter-0: 12.78/6.53 | Iter-1: 11.68/5.66 | Iter-2: 11.54/5.5 | Iter-3: 11.45/5.48 | Iter-4: 11.37/5.39 | 
{0.0: 2097, 1.0: 183, -1.0: 144}
Iter-0: 12.85/6.61 | Iter-1: 12.14/5.99 | Iter-2: 11.99/5.81 | Iter-3: 11.85/5.69 | Iter-4: 11.83/5.68 | 
prob_mse: 0.186833113311, running time: 90.4636290073
12.0 ~~~~~~~~~~~~~~~~~~~~~~~~~~~~~~~~~~~~~~~~~~~~~~~~~~~~~~~~~~~~~~~`
dataset: facebook method: Adv-CSL, #attack_edge:10000,T:10,test_ratio: 0.3,gamma:0.03
/network/rit/lab/ceashpc/adil/data/adv_csl/Jan2/random_noise/facebook/facebook-attackedges-10000-T-10-testratio-0.3-swap_ratio-0.01-gamma-0.03-realization-8-data-X.pkl
#Rule:372936 Nodes:8078 Edges:372936
0 Creating 10 consumers
{0.0: 2240, 1.0: 117, -1.0: 67}

{0.0: 2227, 1.0: 124, -1.0: 73}

{0.0: 2257, 1.0: 109, -1.0: 58}

{0.0: 2204, 1.0: 132, -1.0: 88}

{0.0: 2177, 1.0: 146, -1.0: 101}

{0.0: 2117, 1.0: 177, -1.0: 130}

{0.0: 2097, 1.0: 183, -1.0: 144}

{0.0: 2152, 1.0: 164, -1.0: 108}

{0.0: 2081, 1.0: 190, -1.0: 153}

{0.0: 2058, 1.0: 203, -1.0: 163}

1 Creating 10 consumers
{0.0: 2204, 1.0: 132, -1.0: 88}

{0.0: 2177, 1.0: 146, -1.0: 101}

{0.0: 2152, 1.0: 164, -1.0: 108}

{0.0: 2117, 1.0: 177, -1.0: 130}

{0.0: 2097, 1.0: 183, -1.0: 144}
Iter-0: 12.89/6.65 | Iter-1: 11.91/6.04 | Iter-2: 11.68/5.74 | Iter-3: 11.53/5.61 | Iter-4: 11.51/5.62 | 
{0.0: 2081, 1.0: 190, -1.0: 153}
Iter-0: 12.84/6.62 | Iter-1: 11.86/5.96 | Iter-2: 11.67/5.71 | Iter-3: 11.48/5.55 | Iter-4: 11.51/5.57 | 
{0.0: 2240, 1.0: 117, -1.0: 67}
Iter-0: 13.32/6.84 | Iter-1: 12.91/6.45 | Iter-2: 12.54/6.13 | Iter-3: 12.43/6.03 | Iter-4: 12.39/5.99 | 
{0.0: 2227, 1.0: 124, -1.0: 73}
Iter-0: 13.25/6.84 | Iter-1: 12.94/6.49 | Iter-2: 12.54/6.17 | Iter-3: 12.44/6.07 | Iter-4: 12.41/6.03 | 
{0.0: 2257, 1.0: 109, -1.0: 58}
Iter-0: 13.41/6.93 | Iter-1: 13.02/6.76 | Iter-2: 12.87/6.55 | Iter-3: 12.68/6.35 | Iter-4: 12.7/6.35 | 
{0.0: 2058, 1.0: 203, -1.0: 163}
Iter-0: 12.77/6.53 | Iter-1: 12.46/6.24 | Iter-2: 12.13/5.91 | Iter-3: 12.04/5.82 | Iter-4: 11.93/5.81 | 
prob_mse: 0.18669559956, running time: 92.6729159355
13.0 ~~~~~~~~~~~~~~~~~~~~~~~~~~~~~~~~~~~~~~~~~~~~~~~~~~~~~~~~~~~~~~~`
dataset: facebook method: Adv-CSL, #attack_edge:10000,T:10,test_ratio: 0.3,gamma:0.05
/network/rit/lab/ceashpc/adil/data/adv_csl/Jan2/random_noise/facebook/facebook-attackedges-10000-T-10-testratio-0.3-swap_ratio-0.01-gamma-0.05-realization-8-data-X.pkl
#Rule:372936 Nodes:8078 Edges:372936
0 Creating 10 consumers
{0.0: 2216, 1.0: 137, -1.0: 71}

{0.0: 2234, 1.0: 121, -1.0: 69}

{0.0: 2256, 1.0: 109, -1.0: 59}

{0.0: 2190, 1.0: 148, -1.0: 86}

{0.0: 2144, 1.0: 172, -1.0: 108}

{0.0: 2165, 1.0: 159, -1.0: 100}

{0.0: 2121, 1.0: 186, -1.0: 117}

{0.0: 2102, 1.0: 193, -1.0: 129}

{0.0: 2097, 1.0: 196, -1.0: 131}

{0.0: 2073, 1.0: 212, -1.0: 139}

1 Creating 10 consumers
{0.0: 2190, 1.0: 148, -1.0: 86}

{0.0: 2216, 1.0: 137, -1.0: 71}

{0.0: 2144, 1.0: 172, -1.0: 108}

{0.0: 2165, 1.0: 159, -1.0: 100}

{0.0: 2256, 1.0: 109, -1.0: 59}
Iter-0: 13.46/6.9 | Iter-1: 13.1/6.78 | Iter-2: 12.68/6.33 | Iter-3: 12.55/6.2 | Iter-4: 12.5/6.18 | 
{0.0: 2234, 1.0: 121, -1.0: 69}
Iter-0: 13.58/6.79 | Iter-1: 13.13/6.61 | Iter-2: 12.75/6.2 | Iter-3: 12.66/6.07 | Iter-4: 12.74/6.09 | 
{0.0: 2102, 1.0: 193, -1.0: 129}
Iter-0: 13.06/6.49 | Iter-1: 12.56/6.23 | Iter-2: 12.13/5.81 | Iter-3: 12.19/5.82 | Iter-4: 12.3/5.85 | 
{0.0: 2121, 1.0: 186, -1.0: 117}
Iter-0: 13.28/6.61 | Iter-1: 12.74/6.47 | Iter-2: 12.31/6.05 | Iter-3: 12.39/6.13 | Iter-4: 12.25/6.06 | 
{0.0: 2097, 1.0: 196, -1.0: 131}
Iter-0: 12.8/6.42 | Iter-1: 12.57/6.29 | Iter-2: 12.14/5.87 | Iter-3: 12.23/5.96 | Iter-4: 12.17/5.9 | 
{0.0: 2073, 1.0: 212, -1.0: 139}
Iter-0: 13.06/6.44 | Iter-1: 12.93/6.36 | Iter-2: 12.47/5.9 | Iter-3: 12.52/5.99 | Iter-4: 12.27/5.95 | 
prob_mse: 0.189206215622, running time: 93.8803441525
14.0 ~~~~~~~~~~~~~~~~~~~~~~~~~~~~~~~~~~~~~~~~~~~~~~~~~~~~~~~~~~~~~~~`
dataset: facebook method: Adv-CSL, #attack_edge:10000,T:10,test_ratio: 0.3,gamma:0.07
/network/rit/lab/ceashpc/adil/data/adv_csl/Jan2/random_noise/facebook/facebook-attackedges-10000-T-10-testratio-0.3-swap_ratio-0.01-gamma-0.07-realization-8-data-X.pkl
#Rule:372936 Nodes:8078 Edges:372936
0 Creating 10 consumers
{0.0: 2256, 1.0: 109, -1.0: 59}

{0.0: 2216, 1.0: 137, -1.0: 71}

{0.0: 2234, 1.0: 121, -1.0: 69}

{0.0: 2190, 1.0: 148, -1.0: 86}

{0.0: 2165, 1.0: 159, -1.0: 100}

{0.0: 2144, 1.0: 172, -1.0: 108}

{0.0: 2121, 1.0: 186, -1.0: 117}

{0.0: 2102, 1.0: 193, -1.0: 129}

{0.0: 2097, 1.0: 196, -1.0: 131}

{0.0: 2073, 1.0: 212, -1.0: 139}

1 Creating 10 consumers
{0.0: 2190, 1.0: 148, -1.0: 86}

{0.0: 2216, 1.0: 137, -1.0: 71}

{0.0: 2165, 1.0: 159, -1.0: 100}

{0.0: 2144, 1.0: 172, -1.0: 108}

{0.0: 2102, 1.0: 193, -1.0: 129}
Iter-0: 12.79/6.43 | Iter-1: 12.19/6.16 | Iter-2: 12.01/5.8 | Iter-3: 11.94/5.79 | Iter-4: 11.88/5.86 | 
{0.0: 2121, 1.0: 186, -1.0: 117}
Iter-0: 13.05/6.49 | Iter-1: 12.31/6.25 | Iter-2: 12.14/5.87 | Iter-3: 12.06/5.87 | Iter-4: 12.02/5.94 | 
{0.0: 2234, 1.0: 121, -1.0: 69}
Iter-0: 13.18/6.8 | Iter-1: 13.15/6.84 | Iter-2: 13.1/6.46 | Iter-3: 12.68/6.34 | Iter-4: 12.69/6.38 | 
{0.0: 2256, 1.0: 109, -1.0: 59}
Iter-0: 13.51/6.76 | Iter-1: 13.53/6.87 | Iter-2: 13.4/6.52 | Iter-3: 13.06/6.39 | Iter-4: 13.07/6.42 | 
{0.0: 2097, 1.0: 196, -1.0: 131}
Iter-0: 12.81/6.4 | Iter-1: 12.83/6.5 | Iter-2: 12.58/6.05 | Iter-3: 12.46/6.12 | Iter-4: 12.36/6.14 | 
{0.0: 2073, 1.0: 212, -1.0: 139}
Iter-0: 12.87/6.33 | Iter-1: 13.28/6.76 | Iter-2: 13.06/6.32 | Iter-3: 13.01/6.43 | Iter-4: 12.73/6.42 | 
prob_mse: 0.189103080308, running time: 96.3358490467
15.0 ~~~~~~~~~~~~~~~~~~~~~~~~~~~~~~~~~~~~~~~~~~~~~~~~~~~~~~~~~~~~~~~`
dataset: facebook method: Adv-CSL, #attack_edge:10000,T:10,test_ratio: 0.3,gamma:0.09
/network/rit/lab/ceashpc/adil/data/adv_csl/Jan2/random_noise/facebook/facebook-attackedges-10000-T-10-testratio-0.3-swap_ratio-0.01-gamma-0.09-realization-8-data-X.pkl
#Rule:372936 Nodes:8078 Edges:372936
0 Creating 10 consumers
{0.0: 2256, 1.0: 109, -1.0: 59}

{0.0: 2234, 1.0: 121, -1.0: 69}

{0.0: 2216, 1.0: 137, -1.0: 71}

{0.0: 2190, 1.0: 148, -1.0: 86}

{0.0: 2165, 1.0: 159, -1.0: 100}

{0.0: 2144, 1.0: 172, -1.0: 108}

{0.0: 2121, 1.0: 186, -1.0: 117}

{0.0: 2102, 1.0: 193, -1.0: 129}

{0.0: 2097, 1.0: 196, -1.0: 131}

{0.0: 2073, 1.0: 212, -1.0: 139}

1 Creating 10 consumers
{0.0: 2216, 1.0: 137, -1.0: 71}

{0.0: 2190, 1.0: 148, -1.0: 86}

{0.0: 2144, 1.0: 172, -1.0: 108}

{0.0: 2165, 1.0: 159, -1.0: 100}

{0.0: 2256, 1.0: 109, -1.0: 59}
Iter-0: 13.13/6.78 | Iter-1: 13.34/6.89 | Iter-2: 12.84/6.58 | Iter-3: 12.74/6.45 | Iter-4: 12.86/6.55 | 
{0.0: 2121, 1.0: 186, -1.0: 117}
Iter-0: 13.12/6.53 | Iter-1: 12.71/6.34 | Iter-2: 12.24/6.11 | Iter-3: 12.22/6.06 | Iter-4: 12.39/6.12 | 
{0.0: 2073, 1.0: 212, -1.0: 139}
Iter-0: 12.55/6.32 | Iter-1: 12.48/6.2 | Iter-2: 12.0/5.91 | Iter-3: 12.0/5.88 | Iter-4: 12.29/5.97 | 
{0.0: 2097, 1.0: 196, -1.0: 131}
Iter-0: 12.66/6.39 | Iter-1: 12.61/6.25 | Iter-2: 12.16/6.0 | Iter-3: 12.13/5.95 | Iter-4: 12.33/6.03 | 
{0.0: 2234, 1.0: 121, -1.0: 69}
Iter-0: 13.44/6.75 | Iter-1: 13.61/6.8 | Iter-2: 13.11/6.57 | Iter-3: 13.04/6.42 | Iter-4: 13.11/6.52 | 
{0.0: 2102, 1.0: 193, -1.0: 129}
Iter-0: 12.81/6.42 | Iter-1: 13.0/6.51 | Iter-2: 12.42/6.17 | Iter-3: 12.51/6.16 | Iter-4: 12.55/6.25 | 
prob_mse: 0.188484185919, running time: 93.1783900261
16.0 ~~~~~~~~~~~~~~~~~~~~~~~~~~~~~~~~~~~~~~~~~~~~~~~~~~~~~~~~~~~~~~~`
dataset: facebook method: Adv-CSL, #attack_edge:10000,T:10,test_ratio: 0.3,gamma:0.2
/network/rit/lab/ceashpc/adil/data/adv_csl/Jan2/random_noise/facebook/facebook-attackedges-10000-T-10-testratio-0.3-swap_ratio-0.01-gamma-0.2-realization-8-data-X.pkl
#Rule:372936 Nodes:8078 Edges:372936
0 Creating 10 consumers
{0.0: 2212, 1.0: 128, -1.0: 84}

{0.0: 2201, 1.0: 139, -1.0: 84}

{0.0: 2236, 1.0: 122, -1.0: 66}

{0.0: 2154, 1.0: 159, -1.0: 111}

{0.0: 2178, 1.0: 148, -1.0: 98}

{0.0: 2138, 1.0: 171, -1.0: 115}

{0.0: 2125, 1.0: 180, -1.0: 119}

{0.0: 2108, 1.0: 188, -1.0: 128}

{0.0: 2085, 1.0: 194, -1.0: 145}

{0.0: 2075, 1.0: 193, -1.0: 156}

1 Creating 10 consumers
{0.0: 2125, 1.0: 180, -1.0: 119}

{0.0: 2138, 1.0: 171, -1.0: 115}

{0.0: 2201, 1.0: 139, -1.0: 84}
Iter-0: 13.01/6.85 | Iter-1: 13.14/6.94 | Iter-2: 12.56/6.53 | Iter-3: 12.54/6.52 | Iter-4: 12.61/6.56 | 
{0.0: 2085, 1.0: 194, -1.0: 145}
Iter-0: 12.8/6.56 | Iter-1: 12.87/6.64 | Iter-2: 12.34/6.26 | Iter-3: 12.34/6.28 | Iter-4: 12.49/6.42 | 
{0.0: 2236, 1.0: 122, -1.0: 66}
Iter-0: 13.31/6.95 | Iter-1: 13.78/7.16 | Iter-2: 13.31/6.91 | Iter-3: 13.25/6.85 | Iter-4: 13.25/6.85 | 
{0.0: 2154, 1.0: 159, -1.0: 111}
Iter-0: 12.93/6.7 | Iter-1: 13.38/6.93 | Iter-2: 12.9/6.63 | Iter-3: 12.9/6.62 | Iter-4: 12.83/6.62 | 
{0.0: 2075, 1.0: 193, -1.0: 156}
Iter-0: 12.7/6.5 | Iter-1: 13.25/6.79 | Iter-2: 12.67/6.41 | Iter-3: 12.69/6.44 | Iter-4: 12.58/6.48 | 
{0.0: 2108, 1.0: 188, -1.0: 128}
Iter-0: 13.03/6.58 | Iter-1: 13.67/6.89 | Iter-2: 13.06/6.52 | Iter-3: 13.06/6.54 | Iter-4: 12.87/6.56 | 
{0.0: 2212, 1.0: 128, -1.0: 84}
Iter-0: 13.15/6.91 | Iter-1: 13.27/6.99 | Iter-2: 12.69/6.6 | Iter-3: 12.65/6.55 | Iter-4: 17.53/9.77 | 
{0.0: 2178, 1.0: 148, -1.0: 98}
Iter-0: 13.01/6.79 | Iter-1: 14.17/7.3 | Iter-2: 13.83/7.19 | Iter-3: 13.79/7.18 | Iter-4: 13.77/7.29 | 
prob_mse: 0.21911570407, running time: 96.3742051125
17.0 ~~~~~~~~~~~~~~~~~~~~~~~~~~~~~~~~~~~~~~~~~~~~~~~~~~~~~~~~~~~~~~~`
dataset: facebook method: Adv-CSL, #attack_edge:10000,T:10,test_ratio: 0.3,gamma:0.3
/network/rit/lab/ceashpc/adil/data/adv_csl/Jan2/random_noise/facebook/facebook-attackedges-10000-T-10-testratio-0.3-swap_ratio-0.01-gamma-0.3-realization-8-data-X.pkl
#Rule:372936 Nodes:8078 Edges:372936
0 Creating 10 consumers
{0.0: 2236, 1.0: 122, -1.0: 66}

{0.0: 2201, 1.0: 139, -1.0: 84}

{0.0: 2178, 1.0: 148, -1.0: 98}

{0.0: 2212, 1.0: 128, -1.0: 84}

{0.0: 2154, 1.0: 159, -1.0: 111}

{0.0: 2138, 1.0: 171, -1.0: 115}

{0.0: 2125, 1.0: 180, -1.0: 119}

{0.0: 2085, 1.0: 194, -1.0: 145}

{0.0: 2108, 1.0: 188, -1.0: 128}

{0.0: 2075, 1.0: 193, -1.0: 156}

1 Creating 10 consumers
{0.0: 2138, 1.0: 171, -1.0: 115}

{0.0: 2125, 1.0: 180, -1.0: 119}

{0.0: 2212, 1.0: 128, -1.0: 84}
Iter-0: 13.14/6.94 | Iter-1: 13.24/7.19 | Iter-2: 12.73/6.63 | Iter-3: 12.7/6.68 | Iter-4: 12.79/6.76 | 
{0.0: 2236, 1.0: 122, -1.0: 66}
Iter-0: 13.81/7.13 | Iter-1: 13.74/7.23 | Iter-2: 13.19/6.66 | Iter-3: 13.23/6.7 | Iter-4: 13.32/6.79 | 
{0.0: 2201, 1.0: 139, -1.0: 84}
Iter-0: 13.47/6.92 | Iter-1: 13.57/7.15 | Iter-2: 13.0/6.6 | Iter-3: 13.06/6.67 | Iter-4: 13.2/6.75 | 
{0.0: 2108, 1.0: 188, -1.0: 128}
Iter-0: 12.87/6.6 | Iter-1: 13.28/6.99 | Iter-2: 12.76/6.45 | Iter-3: 12.84/6.53 | Iter-4: 12.88/6.6 | 
{0.0: 2085, 1.0: 194, -1.0: 145}
Iter-0: 12.85/6.59 | Iter-1: 13.28/6.99 | Iter-2: 12.75/6.45 | Iter-3: 12.85/6.52 | Iter-4: 13.0/6.59 | 
{0.0: 2154, 1.0: 159, -1.0: 111}
Iter-0: 13.49/6.87 | Iter-1: 14.15/7.47 | Iter-2: 13.47/6.67 | Iter-3: 13.5/6.74 | Iter-4: 13.16/6.78 | 
{0.0: 2075, 1.0: 193, -1.0: 156}
Iter-0: 12.88/6.51 | Iter-1: 13.34/6.95 | Iter-2: 12.85/6.43 | Iter-3: 12.99/6.51 | Iter-4: 12.97/6.58 | 
{0.0: 2178, 1.0: 148, -1.0: 98}
Iter-0: 14.08/7.55 | Iter-1: 14.11/7.76 | Iter-2: 13.54/7.2 | Iter-3: 13.68/7.27 | Iter-4: 13.73/7.31 | 
prob_mse: 0.212205390539, running time: 96.7965669632
18.0 ~~~~~~~~~~~~~~~~~~~~~~~~~~~~~~~~~~~~~~~~~~~~~~~~~~~~~~~~~~~~~~~`
dataset: facebook method: Adv-CSL, #attack_edge:10000,T:10,test_ratio: 0.3,gamma:0.4
/network/rit/lab/ceashpc/adil/data/adv_csl/Jan2/random_noise/facebook/facebook-attackedges-10000-T-10-testratio-0.3-swap_ratio-0.01-gamma-0.4-realization-8-data-X.pkl
#Rule:372936 Nodes:8078 Edges:372936
0 Creating 10 consumers
{0.0: 2212, 1.0: 128, -1.0: 84}

{0.0: 2236, 1.0: 122, -1.0: 66}

{0.0: 2201, 1.0: 139, -1.0: 84}

{0.0: 2178, 1.0: 148, -1.0: 98}

{0.0: 2154, 1.0: 159, -1.0: 111}

{0.0: 2138, 1.0: 171, -1.0: 115}

{0.0: 2125, 1.0: 180, -1.0: 119}

{0.0: 2108, 1.0: 188, -1.0: 128}

{0.0: 2085, 1.0: 194, -1.0: 145}

{0.0: 2075, 1.0: 193, -1.0: 156}

1 Creating 10 consumers
{0.0: 2138, 1.0: 171, -1.0: 115}

{0.0: 2125, 1.0: 180, -1.0: 119}

{0.0: 2212, 1.0: 128, -1.0: 84}
Iter-0: 12.98/6.85 | Iter-1: 13.56/7.34 | Iter-2: 12.71/6.68 | Iter-3: 12.79/6.74 | Iter-4: 12.74/6.72 | 
{0.0: 2236, 1.0: 122, -1.0: 66}
Iter-0: 13.1/6.95 | Iter-1: 13.96/7.55 | Iter-2: 13.07/6.87 | Iter-3: 13.25/7.01 | Iter-4: 13.17/6.96 | 
{0.0: 2178, 1.0: 148, -1.0: 98}
Iter-0: 13.13/6.81 | Iter-1: 13.71/7.26 | Iter-2: 12.83/6.59 | Iter-3: 12.95/6.7 | Iter-4: 12.94/6.69 | 
{0.0: 2201, 1.0: 139, -1.0: 84}
Iter-0: 13.26/6.87 | Iter-1: 13.99/7.33 | Iter-2: 12.94/6.64 | Iter-3: 13.07/6.75 | Iter-4: 13.04/6.73 | 
{0.0: 2154, 1.0: 159, -1.0: 111}
Iter-0: 12.86/6.72 | Iter-1: 13.72/7.32 | Iter-2: 12.81/6.63 | Iter-3: 13.0/6.77 | Iter-4: 13.06/6.76 | 
{0.0: 2085, 1.0: 194, -1.0: 145}
Iter-0: 12.77/6.55 | Iter-1: 13.37/6.99 | Iter-2: 12.47/6.32 | Iter-3: 12.61/6.47 | Iter-4: 12.67/6.49 | 
{0.0: 2108, 1.0: 188, -1.0: 128}
Iter-0: 12.79/6.56 | Iter-1: 13.67/7.2 | Iter-2: 12.71/6.47 | Iter-3: 12.94/6.66 | Iter-4: 12.92/6.65 | 
{0.0: 2075, 1.0: 193, -1.0: 156}
Iter-0: 12.8/6.49 | Iter-1: 13.67/7.09 | Iter-2: 12.71/6.37 | Iter-3: 12.94/6.57 | Iter-4: 12.69/6.56 | 
prob_mse: 0.207701815182, running time: 97.2336938381
19.0 ~~~~~~~~~~~~~~~~~~~~~~~~~~~~~~~~~~~~~~~~~~~~~~~~~~~~~~~~~~~~~~~`
dataset: facebook method: Adv-CSL, #attack_edge:10000,T:10,test_ratio: 0.3,gamma:0.5
/network/rit/lab/ceashpc/adil/data/adv_csl/Jan2/random_noise/facebook/facebook-attackedges-10000-T-10-testratio-0.3-swap_ratio-0.01-gamma-0.5-realization-8-data-X.pkl
#Rule:372936 Nodes:8078 Edges:372936
0 Creating 10 consumers
{0.0: 2236, 1.0: 122, -1.0: 66}

{0.0: 2212, 1.0: 128, -1.0: 84}

{0.0: 2178, 1.0: 148, -1.0: 98}

{0.0: 2154, 1.0: 159, -1.0: 111}

{0.0: 2201, 1.0: 139, -1.0: 84}

{0.0: 2138, 1.0: 171, -1.0: 115}

{0.0: 2125, 1.0: 180, -1.0: 119}

{0.0: 2108, 1.0: 188, -1.0: 128}

{0.0: 2085, 1.0: 194, -1.0: 145}

{0.0: 2075, 1.0: 193, -1.0: 156}

1 Creating 10 consumers
{0.0: 2138, 1.0: 171, -1.0: 115}

{0.0: 2125, 1.0: 180, -1.0: 119}

{0.0: 2178, 1.0: 148, -1.0: 98}
Iter-0: 12.97/6.78 | Iter-1: 13.47/7.28 | Iter-2: 12.49/6.47 | Iter-3: 12.67/6.64 | Iter-4: 12.63/6.61 | 
{0.0: 2236, 1.0: 122, -1.0: 66}
Iter-0: 13.35/7.08 | Iter-1: 14.04/7.6 | Iter-2: 12.87/6.7 | Iter-3: 13.08/6.87 | Iter-4: 13.03/6.86 | 
{0.0: 2154, 1.0: 159, -1.0: 111}
Iter-0: 12.93/6.7 | Iter-1: 13.41/7.18 | Iter-2: 12.43/6.38 | Iter-3: 12.63/6.57 | Iter-4: 12.6/6.53 | 
{0.0: 2108, 1.0: 188, -1.0: 128}
Iter-0: 12.77/6.57 | Iter-1: 13.3/7.02 | Iter-2: 12.28/6.22 | Iter-3: 12.53/6.47 | Iter-4: 12.46/6.43 | 
{0.0: 2085, 1.0: 194, -1.0: 145}
Iter-0: 12.74/6.56 | Iter-1: 13.5/7.15 | Iter-2: 12.32/6.26 | Iter-3: 12.68/6.56 | Iter-4: 12.72/6.48 | 
{0.0: 2212, 1.0: 128, -1.0: 84}
Iter-0: 13.77/7.21 | Iter-1: 14.38/7.61 | Iter-2: 13.15/6.7 | Iter-3: 13.45/6.93 | Iter-4: 13.38/6.86 | 
{0.0: 2075, 1.0: 193, -1.0: 156}
Iter-0: 12.89/6.5 | Iter-1: 13.67/7.09 | Iter-2: 12.48/6.2 | Iter-3: 12.81/6.51 | Iter-4: 12.58/6.45 | 
{0.0: 2201, 1.0: 139, -1.0: 84}
Iter-0: 14.4/7.55 | Iter-1: 15.07/8.12 | Iter-2: 13.83/7.2 | Iter-3: 14.07/7.44 | Iter-4: 13.56/7.39 | 
prob_mse: 0.204435863586, running time: 97.4430608749
20.0 ~~~~~~~~~~~~~~~~~~~~~~~~~~~~~~~~~~~~~~~~~~~~~~~~~~~~~~~~~~~~~~~`
dataset: facebook method: Adv-CSL, #attack_edge:10000,T:10,test_ratio: 0.3,gamma:0.0
/network/rit/lab/ceashpc/adil/data/adv_csl/Jan2/random_noise/facebook/facebook-attackedges-10000-T-10-testratio-0.3-swap_ratio-0.01-gamma-0.0-realization-9-data-X.pkl
#Rule:372936 Nodes:8078 Edges:372936
0 Creating 10 consumers
{0.0: 2257, 1.0: 109, -1.0: 58}

{0.0: 2227, 1.0: 124, -1.0: 73}

{0.0: 2240, 1.0: 117, -1.0: 67}

{0.0: 2204, 1.0: 132, -1.0: 88}

{0.0: 2177, 1.0: 146, -1.0: 101}

{0.0: 2152, 1.0: 164, -1.0: 108}

{0.0: 2117, 1.0: 177, -1.0: 130}

{0.0: 2097, 1.0: 183, -1.0: 144}

{0.0: 2081, 1.0: 190, -1.0: 153}

{0.0: 2058, 1.0: 203, -1.0: 163}

1 Creating 10 consumers
{0.0: 2204, 1.0: 132, -1.0: 88}

{0.0: 2177, 1.0: 146, -1.0: 101}

{0.0: 2152, 1.0: 164, -1.0: 108}

{0.0: 2117, 1.0: 177, -1.0: 130}

{0.0: 2227, 1.0: 124, -1.0: 73}
Iter-0: 9.77/3.45 | Iter-1: 11.65/5.52 | Iter-2: 10.25/4.03 | 
{0.0: 2240, 1.0: 117, -1.0: 67}
Iter-0: 10.14/3.45 | Iter-1: 12.0/5.52 | Iter-2: 10.61/4.02 | 
{0.0: 2257, 1.0: 109, -1.0: 58}
Iter-0: 10.44/3.69 | Iter-1: 12.64/6.09 | Iter-2: 11.43/4.65 | 
{0.0: 2097, 1.0: 183, -1.0: 144}
Iter-0: 9.63/3.43 | Iter-1: 11.37/5.29 | Iter-2: 10.44/4.17 | 
{0.0: 2081, 1.0: 190, -1.0: 153}
Iter-0: 9.7/3.43 | Iter-1: 11.35/5.32 | Iter-2: 10.2/3.95 | 
{0.0: 2058, 1.0: 203, -1.0: 163}
Iter-0: 9.62/3.42 | Iter-1: 11.42/5.26 | Iter-2: 10.41/4.11 | 
prob_mse: 0.0901924367437, running time: 70.8741250038
21.0 ~~~~~~~~~~~~~~~~~~~~~~~~~~~~~~~~~~~~~~~~~~~~~~~~~~~~~~~~~~~~~~~`
dataset: facebook method: Adv-CSL, #attack_edge:10000,T:10,test_ratio: 0.3,gamma:0.01
/network/rit/lab/ceashpc/adil/data/adv_csl/Jan2/random_noise/facebook/facebook-attackedges-10000-T-10-testratio-0.3-swap_ratio-0.01-gamma-0.01-realization-9-data-X.pkl
#Rule:372936 Nodes:8078 Edges:372936
0 Creating 10 consumers
{0.0: 2257, 1.0: 109, -1.0: 58}

{0.0: 2240, 1.0: 117, -1.0: 67}

{0.0: 2227, 1.0: 124, -1.0: 73}

{0.0: 2204, 1.0: 132, -1.0: 88}

{0.0: 2177, 1.0: 146, -1.0: 101}

{0.0: 2152, 1.0: 164, -1.0: 108}

{0.0: 2117, 1.0: 177, -1.0: 130}

{0.0: 2097, 1.0: 183, -1.0: 144}

{0.0: 2081, 1.0: 190, -1.0: 153}

{0.0: 2058, 1.0: 203, -1.0: 163}

1 Creating 10 consumers
{0.0: 2204, 1.0: 132, -1.0: 88}

{0.0: 2177, 1.0: 146, -1.0: 101}

{0.0: 2152, 1.0: 164, -1.0: 108}

{0.0: 2117, 1.0: 177, -1.0: 130}

{0.0: 2240, 1.0: 117, -1.0: 67}
Iter-0: 12.96/6.75 | Iter-1: 12.19/6.07 | Iter-2: 11.95/5.84 | Iter-3: 11.81/5.72 | Iter-4: 11.77/5.7 | 
{0.0: 2227, 1.0: 124, -1.0: 73}
Iter-0: 14.41/7.52 | Iter-1: 12.22/6.02 | Iter-2: 11.84/5.77 | Iter-3: 11.62/5.53 | Iter-4: 11.66/5.54 | 
{0.0: 2257, 1.0: 109, -1.0: 58}
Iter-0: 13.17/6.91 | Iter-1: 12.72/6.14 | Iter-2: 12.44/5.89 | Iter-3: 12.28/5.76 | Iter-4: 12.27/5.75 | 
{0.0: 2058, 1.0: 203, -1.0: 163}
Iter-0: 12.73/6.45 | Iter-1: 11.89/5.79 | Iter-2: 11.53/5.51 | Iter-3: 11.43/5.38 | Iter-4: 11.52/5.38 | 
{0.0: 2097, 1.0: 183, -1.0: 144}
Iter-0: 12.9/6.54 | Iter-1: 12.01/5.86 | Iter-2: 11.64/5.58 | Iter-3: 11.79/5.71 | Iter-4: 11.72/5.45 | 
{0.0: 2081, 1.0: 190, -1.0: 153}
Iter-0: 12.79/6.51 | Iter-1: 11.97/5.81 | Iter-2: 11.82/5.65 | Iter-3: 11.7/5.54 | Iter-4: 11.63/5.53 | 
prob_mse: 0.186833113311, running time: 90.669244051
22.0 ~~~~~~~~~~~~~~~~~~~~~~~~~~~~~~~~~~~~~~~~~~~~~~~~~~~~~~~~~~~~~~~`
dataset: facebook method: Adv-CSL, #attack_edge:10000,T:10,test_ratio: 0.3,gamma:0.03
