

--------------------------------------------------
--------------------------------------------------

-------------------Mon, 21 Jan 2019 05:19:37 PM EST---------------------

0 ~~~~~~~~~~~~~~~~~~~~~~~~~~~~~~~~~~~~~~~~~~~~~~~~~~~~~~~~~~~~~~~`
dataset: facebook method: Adv-CSL, #attack_edge:10000,T:10,test_ratio: 0.3,gamma:0.0
/network/rit/lab/ceashpc/adil/data/adv_csl/Jan2/random_noise/facebook/facebook-attackedges-10000-T-10-testratio-0.3-swap_ratio-0.01-gamma-0.0-realization-0-data-X.pkl
#Rule:372936 Nodes:8078 Edges:372936
0 Creating 10 consumers
{0.0: 2264, 1.0: 90, -1.0: 70}

{0.0: 2244, 1.0: 95, -1.0: 85}

{0.0: 2225, 1.0: 105, -1.0: 94}

{0.0: 2202, 1.0: 117, -1.0: 105}

{0.0: 2127, 1.0: 158, -1.0: 139}

{0.0: 2152, 1.0: 143, -1.0: 129}

{0.0: 2173, 1.0: 132, -1.0: 119}

{0.0: 2100, 1.0: 175, -1.0: 149}

{0.0: 2075, 1.0: 192, -1.0: 157}

{0.0: 2064, 1.0: 201, -1.0: 159}

1 Creating 10 consumers
{0.0: 2244, 1.0: 95, -1.0: 85}

{0.0: 2225, 1.0: 105, -1.0: 94}

{0.0: 2202, 1.0: 117, -1.0: 105}

{0.0: 2173, 1.0: 132, -1.0: 119}

{0.0: 2152, 1.0: 143, -1.0: 129}

{0.0: 2264, 1.0: 90, -1.0: 70}
Iter-0: 9.9/3.47 | 
{0.0: 2127, 1.0: 158, -1.0: 139}
Iter-0: 9.93/3.49 | Iter-1: 11.54/5.39 | 
{0.0: 2075, 1.0: 192, -1.0: 157}
Iter-0: 9.85/3.45 | Iter-1: 11.54/5.28 | 
{0.0: 2100, 1.0: 175, -1.0: 149}
Iter-0: 9.9/3.46 | Iter-1: 11.88/5.33 | 
{0.0: 2064, 1.0: 201, -1.0: 159}
Iter-0: 10.12/3.44 | Iter-1: 11.58/5.2 | 
prob_mse: 0.0888167216722, running time: 60.4423129559
1.0 ~~~~~~~~~~~~~~~~~~~~~~~~~~~~~~~~~~~~~~~~~~~~~~~~~~~~~~~~~~~~~~~`
dataset: facebook method: Adv-CSL, #attack_edge:10000,T:10,test_ratio: 0.3,gamma:0.01
/network/rit/lab/ceashpc/adil/data/adv_csl/Jan2/random_noise/facebook/facebook-attackedges-10000-T-10-testratio-0.3-swap_ratio-0.01-gamma-0.01-realization-0-data-X.pkl
#Rule:372936 Nodes:8078 Edges:372936
0 Creating 10 consumers
{0.0: 2264, 1.0: 90, -1.0: 70}

{0.0: 2244, 1.0: 95, -1.0: 85}

{0.0: 2202, 1.0: 117, -1.0: 105}

{0.0: 2225, 1.0: 105, -1.0: 94}

{0.0: 2173, 1.0: 132, -1.0: 119}

{0.0: 2127, 1.0: 158, -1.0: 139}

{0.0: 2152, 1.0: 143, -1.0: 129}

{0.0: 2075, 1.0: 192, -1.0: 157}

{0.0: 2100, 1.0: 175, -1.0: 149}

{0.0: 2064, 1.0: 201, -1.0: 159}

1 Creating 10 consumers
{0.0: 2225, 1.0: 105, -1.0: 94}

{0.0: 2202, 1.0: 117, -1.0: 105}

{0.0: 2173, 1.0: 132, -1.0: 119}

{0.0: 2244, 1.0: 95, -1.0: 85}

{0.0: 2152, 1.0: 143, -1.0: 129}

{0.0: 2264, 1.0: 90, -1.0: 70}
Iter-0: 13.26/6.92 | Iter-1: 12.65/6.2 | Iter-2: 12.17/5.87 | Iter-3: 12.38/6.01 | Iter-4: 12.2/5.84 | 
{0.0: 2127, 1.0: 158, -1.0: 139}
Iter-0: 12.96/6.69 | Iter-1: 12.48/6.08 | Iter-2: 12.06/5.72 | Iter-3: 12.18/5.86 | Iter-4: 12.03/5.74 | 
{0.0: 2100, 1.0: 175, -1.0: 149}
Iter-0: 12.87/6.57 | Iter-1: 12.47/6.02 | Iter-2: 11.89/5.66 | Iter-3: 12.06/5.79 | Iter-4: 12.06/5.7 | 
{0.0: 2075, 1.0: 192, -1.0: 157}
Iter-0: 12.78/6.5 | Iter-1: 12.41/5.96 | Iter-2: 11.87/5.59 | Iter-3: 12.04/5.74 | Iter-4: 12.24/5.65 | 
{0.0: 2064, 1.0: 201, -1.0: 159}
Iter-0: 12.72/6.47 | Iter-1: 12.34/5.93 | Iter-2: 12.8/6.18 | Iter-3: 12.43/5.74 | Iter-4: 12.47/5.66 | 
prob_mse: 0.169607865787, running time: 94.7882800102
2.0 ~~~~~~~~~~~~~~~~~~~~~~~~~~~~~~~~~~~~~~~~~~~~~~~~~~~~~~~~~~~~~~~`
dataset: facebook method: Adv-CSL, #attack_edge:10000,T:10,test_ratio: 0.3,gamma:0.03
/network/rit/lab/ceashpc/adil/data/adv_csl/Jan2/random_noise/facebook/facebook-attackedges-10000-T-10-testratio-0.3-swap_ratio-0.01-gamma-0.03-realization-0-data-X.pkl
#Rule:372936 Nodes:8078 Edges:372936
0 Creating 10 consumers
{0.0: 2264, 1.0: 90, -1.0: 70}

{0.0: 2244, 1.0: 95, -1.0: 85}

{0.0: 2225, 1.0: 105, -1.0: 94}

{0.0: 2202, 1.0: 117, -1.0: 105}

{0.0: 2152, 1.0: 143, -1.0: 129}

{0.0: 2173, 1.0: 132, -1.0: 119}

{0.0: 2127, 1.0: 158, -1.0: 139}

{0.0: 2100, 1.0: 175, -1.0: 149}

{0.0: 2075, 1.0: 192, -1.0: 157}

{0.0: 2064, 1.0: 201, -1.0: 159}

1 Creating 10 consumers
{0.0: 2244, 1.0: 95, -1.0: 85}

{0.0: 2225, 1.0: 105, -1.0: 94}

{0.0: 2202, 1.0: 117, -1.0: 105}

{0.0: 2173, 1.0: 132, -1.0: 119}

{0.0: 2152, 1.0: 143, -1.0: 129}

{0.0: 2264, 1.0: 90, -1.0: 70}
Iter-0: 13.45/6.95 | 
{0.0: 2127, 1.0: 158, -1.0: 139}
Iter-0: 12.9/6.64 | Iter-1: 13.15/6.35 | Iter-2: 12.8/5.94 | Iter-3: 12.69/5.93 | Iter-4: 12.49/5.9 | 
{0.0: 2100, 1.0: 175, -1.0: 149}
Iter-0: 13.32/6.62 | Iter-1: 12.6/6.33 | Iter-2: 12.71/5.91 | Iter-3: 12.62/5.89 | Iter-4: 12.51/5.88 | 
{0.0: 2064, 1.0: 201, -1.0: 159}
Iter-0: 12.75/6.51 | Iter-1: 12.59/6.23 | Iter-2: 12.55/5.87 | Iter-3: 12.37/5.85 | Iter-4: 12.69/5.81 | 
{0.0: 2075, 1.0: 192, -1.0: 157}
Iter-0: 12.74/6.52 | Iter-1: 12.46/6.25 | Iter-2: 12.46/5.83 | Iter-3: 12.94/6.47 | Iter-4: 13.33/6.47 | 
prob_mse: 0.152108745875, running time: 95.3535580635
3.0 ~~~~~~~~~~~~~~~~~~~~~~~~~~~~~~~~~~~~~~~~~~~~~~~~~~~~~~~~~~~~~~~`
dataset: facebook method: Adv-CSL, #attack_edge:10000,T:10,test_ratio: 0.3,gamma:0.05
/network/rit/lab/ceashpc/adil/data/adv_csl/Jan2/random_noise/facebook/facebook-attackedges-10000-T-10-testratio-0.3-swap_ratio-0.01-gamma-0.05-realization-0-data-X.pkl
#Rule:372936 Nodes:8078 Edges:372936
0 Creating 10 consumers
{0.0: 2264, 1.0: 90, -1.0: 70}

{0.0: 2244, 1.0: 95, -1.0: 85}

{0.0: 2225, 1.0: 105, -1.0: 94}

{0.0: 2202, 1.0: 117, -1.0: 105}

{0.0: 2173, 1.0: 132, -1.0: 119}

{0.0: 2152, 1.0: 143, -1.0: 129}

{0.0: 2127, 1.0: 158, -1.0: 139}

{0.0: 2100, 1.0: 175, -1.0: 149}

{0.0: 2064, 1.0: 201, -1.0: 159}

{0.0: 2075, 1.0: 192, -1.0: 157}

1 Creating 10 consumers
{0.0: 2244, 1.0: 95, -1.0: 85}

{0.0: 2225, 1.0: 105, -1.0: 94}

{0.0: 2173, 1.0: 132, -1.0: 119}

{0.0: 2202, 1.0: 117, -1.0: 105}

{0.0: 2152, 1.0: 143, -1.0: 129}

{0.0: 2264, 1.0: 90, -1.0: 70}
Iter-0: 14.71/8.05 | 
{0.0: 2100, 1.0: 175, -1.0: 149}
Iter-0: 13.29/6.65 | Iter-1: 12.71/6.43 | Iter-2: 12.99/6.03 | Iter-3: 12.71/6.18 | Iter-4: 12.67/6.29 | 
{0.0: 2127, 1.0: 158, -1.0: 139}
Iter-0: 13.01/6.75 | Iter-1: 12.83/6.65 | Iter-2: 13.33/6.2 | Iter-3: 13.14/6.11 | Iter-4: 12.93/6.25 | 
{0.0: 2075, 1.0: 192, -1.0: 157}
Iter-0: 13.01/6.57 | Iter-1: 12.54/6.37 | Iter-2: 12.95/5.96 | Iter-3: 13.0/5.98 | Iter-4: 12.76/6.29 | 
{0.0: 2064, 1.0: 201, -1.0: 159}
Iter-0: 13.32/6.5 | Iter-1: 13.97/7.13 | Iter-2: 13.8/6.86 | Iter-3: 13.78/6.63 | Iter-4: 13.68/6.65 | 
prob_mse: 0.151421177118, running time: 100.595175982
4.0 ~~~~~~~~~~~~~~~~~~~~~~~~~~~~~~~~~~~~~~~~~~~~~~~~~~~~~~~~~~~~~~~`
dataset: facebook method: Adv-CSL, #attack_edge:10000,T:10,test_ratio: 0.3,gamma:0.07
/network/rit/lab/ceashpc/adil/data/adv_csl/Jan2/random_noise/facebook/facebook-attackedges-10000-T-10-testratio-0.3-swap_ratio-0.01-gamma-0.07-realization-0-data-X.pkl
#Rule:372936 Nodes:8078 Edges:372936
0 Creating 10 consumers
{0.0: 2264, 1.0: 90, -1.0: 70}

{0.0: 2225, 1.0: 105, -1.0: 94}

{0.0: 2244, 1.0: 95, -1.0: 85}

{0.0: 2202, 1.0: 117, -1.0: 105}

{0.0: 2173, 1.0: 132, -1.0: 119}

{0.0: 2152, 1.0: 143, -1.0: 129}

{0.0: 2127, 1.0: 158, -1.0: 139}

{0.0: 2075, 1.0: 192, -1.0: 157}

{0.0: 2100, 1.0: 175, -1.0: 149}

{0.0: 2064, 1.0: 201, -1.0: 159}

1 Creating 10 consumers
{0.0: 2244, 1.0: 95, -1.0: 85}

{0.0: 2202, 1.0: 117, -1.0: 105}

{0.0: 2225, 1.0: 105, -1.0: 94}

{0.0: 2173, 1.0: 132, -1.0: 119}

{0.0: 2152, 1.0: 143, -1.0: 129}

{0.0: 2264, 1.0: 90, -1.0: 70}
Iter-0: 13.26/6.94 | 
{0.0: 2127, 1.0: 158, -1.0: 139}
Iter-0: 13.16/6.67 | Iter-1: 12.95/6.68 | Iter-2: 12.49/6.22 | Iter-3: 12.49/6.03 | Iter-4: 12.28/6.13 | 
{0.0: 2075, 1.0: 192, -1.0: 157}
Iter-0: 13.76/6.59 | Iter-1: 13.1/6.49 | Iter-2: 12.33/6.16 | Iter-3: 12.41/5.98 | Iter-4: 12.7/6.06 | 
{0.0: 2100, 1.0: 175, -1.0: 149}
Iter-0: 13.13/6.66 | Iter-1: 12.72/6.53 | Iter-2: 12.76/6.24 | Iter-3: 13.28/6.66 | Iter-4: 13.15/6.78 | 
{0.0: 2064, 1.0: 201, -1.0: 159}
Iter-0: 13.0/6.54 | Iter-1: 12.68/6.46 | Iter-2: 12.85/6.18 | Iter-3: 12.86/6.1 | Iter-4: 12.6/6.06 | 
prob_mse: 0.151283663366, running time: 97.0477130413
5.0 ~~~~~~~~~~~~~~~~~~~~~~~~~~~~~~~~~~~~~~~~~~~~~~~~~~~~~~~~~~~~~~~`
dataset: facebook method: Adv-CSL, #attack_edge:10000,T:10,test_ratio: 0.3,gamma:0.09
/network/rit/lab/ceashpc/adil/data/adv_csl/Jan2/random_noise/facebook/facebook-attackedges-10000-T-10-testratio-0.3-swap_ratio-0.01-gamma-0.09-realization-0-data-X.pkl
#Rule:372936 Nodes:8078 Edges:372936
0 Creating 10 consumers
{0.0: 2264, 1.0: 90, -1.0: 70}

{0.0: 2225, 1.0: 105, -1.0: 94}

{0.0: 2244, 1.0: 95, -1.0: 85}

{0.0: 2202, 1.0: 117, -1.0: 105}

{0.0: 2173, 1.0: 132, -1.0: 119}

{0.0: 2152, 1.0: 143, -1.0: 129}

{0.0: 2127, 1.0: 158, -1.0: 139}

{0.0: 2100, 1.0: 175, -1.0: 149}

{0.0: 2075, 1.0: 192, -1.0: 157}

{0.0: 2064, 1.0: 201, -1.0: 159}

1 Creating 10 consumers
{0.0: 2244, 1.0: 95, -1.0: 85}

{0.0: 2225, 1.0: 105, -1.0: 94}

{0.0: 2202, 1.0: 117, -1.0: 105}

{0.0: 2173, 1.0: 132, -1.0: 119}

{0.0: 2152, 1.0: 143, -1.0: 129}

{0.0: 2264, 1.0: 90, -1.0: 70}
Iter-0: 13.08/6.91 | 
{0.0: 2100, 1.0: 175, -1.0: 149}
Iter-0: 12.77/6.57 | Iter-1: 12.73/6.57 | Iter-2: 12.59/6.25 | Iter-3: 12.61/6.27 | Iter-4: 12.4/6.2 | 
{0.0: 2075, 1.0: 192, -1.0: 157}
Iter-0: 12.69/6.56 | Iter-1: 12.72/6.58 | Iter-2: 12.45/6.24 | Iter-3: 12.15/5.96 | Iter-4: 12.44/6.2 | 
{0.0: 2127, 1.0: 158, -1.0: 139}
Iter-0: 13.02/6.65 | Iter-1: 13.16/6.66 | Iter-2: 12.58/6.32 | Iter-3: 12.24/6.02 | Iter-4: 12.62/6.24 | 
{0.0: 2064, 1.0: 201, -1.0: 159}
Iter-0: 12.75/6.48 | Iter-1: 12.79/6.5 | Iter-2: 12.47/6.16 | Iter-3: 12.26/5.94 | Iter-4: 12.71/6.13 | 
prob_mse: 0.150767986799, running time: 95.2289540768
6.0 ~~~~~~~~~~~~~~~~~~~~~~~~~~~~~~~~~~~~~~~~~~~~~~~~~~~~~~~~~~~~~~~`
dataset: facebook method: Adv-CSL, #attack_edge:10000,T:10,test_ratio: 0.3,gamma:0.2
/network/rit/lab/ceashpc/adil/data/adv_csl/Jan2/random_noise/facebook/facebook-attackedges-10000-T-10-testratio-0.3-swap_ratio-0.01-gamma-0.2-realization-0-data-X.pkl
#Rule:372936 Nodes:8078 Edges:372936
0 Creating 10 consumers
{0.0: 2244, 1.0: 95, -1.0: 85}

{0.0: 2264, 1.0: 90, -1.0: 70}

{0.0: 2225, 1.0: 105, -1.0: 94}

{0.0: 2202, 1.0: 117, -1.0: 105}

{0.0: 2173, 1.0: 132, -1.0: 119}

{0.0: 2152, 1.0: 143, -1.0: 129}

{0.0: 2127, 1.0: 158, -1.0: 139}

{0.0: 2100, 1.0: 175, -1.0: 149}

{0.0: 2075, 1.0: 192, -1.0: 157}

{0.0: 2064, 1.0: 201, -1.0: 159}

1 Creating 10 consumers
{0.0: 2244, 1.0: 95, -1.0: 85}

{0.0: 2225, 1.0: 105, -1.0: 94}

{0.0: 2202, 1.0: 117, -1.0: 105}

{0.0: 2152, 1.0: 143, -1.0: 129}

{0.0: 2173, 1.0: 132, -1.0: 119}

{0.0: 2264, 1.0: 90, -1.0: 70}
Iter-0: 13.08/6.92 | 
{0.0: 2127, 1.0: 158, -1.0: 139}
Iter-0: 12.86/6.63 | Iter-1: 13.16/6.79 | Iter-2: 12.68/6.45 | Iter-3: 12.87/6.38 | Iter-4: 12.69/6.48 | 
{0.0: 2075, 1.0: 192, -1.0: 157}
Iter-0: 12.72/6.5 | Iter-1: 13.32/6.74 | Iter-2: 12.91/6.34 | Iter-3: 12.59/6.37 | Iter-4: 13.15/6.43 | 
{0.0: 2064, 1.0: 201, -1.0: 159}
Iter-0: 12.88/6.51 | Iter-1: 13.26/6.7 | Iter-2: 12.71/6.34 | Iter-3: 12.79/6.35 | Iter-4: 13.08/6.4 | 
{0.0: 2100, 1.0: 175, -1.0: 149}
Iter-0: 12.75/6.55 | Iter-1: 13.07/6.73 | Iter-2: 13.28/6.44 | Iter-3: 13.93/7.12 | Iter-4: 13.01/6.47 | 
prob_mse: 0.14867090209, running time: 96.3305990696
7.0 ~~~~~~~~~~~~~~~~~~~~~~~~~~~~~~~~~~~~~~~~~~~~~~~~~~~~~~~~~~~~~~~`
dataset: facebook method: Adv-CSL, #attack_edge:10000,T:10,test_ratio: 0.3,gamma:0.3
/network/rit/lab/ceashpc/adil/data/adv_csl/Jan2/random_noise/facebook/facebook-attackedges-10000-T-10-testratio-0.3-swap_ratio-0.01-gamma-0.3-realization-0-data-X.pkl
#Rule:372936 Nodes:8078 Edges:372936
0 Creating 10 consumers
{0.0: 2264, 1.0: 90, -1.0: 70}

{0.0: 2225, 1.0: 105, -1.0: 94}

{0.0: 2244, 1.0: 95, -1.0: 85}

{0.0: 2202, 1.0: 117, -1.0: 105}

{0.0: 2173, 1.0: 132, -1.0: 119}

{0.0: 2152, 1.0: 143, -1.0: 129}

{0.0: 2100, 1.0: 175, -1.0: 149}

{0.0: 2127, 1.0: 158, -1.0: 139}

{0.0: 2075, 1.0: 192, -1.0: 157}

{0.0: 2064, 1.0: 201, -1.0: 159}

1 Creating 10 consumers
{0.0: 2244, 1.0: 95, -1.0: 85}

{0.0: 2225, 1.0: 105, -1.0: 94}

{0.0: 2173, 1.0: 132, -1.0: 119}

{0.0: 2152, 1.0: 143, -1.0: 129}

{0.0: 2202, 1.0: 117, -1.0: 105}

{0.0: 2264, 1.0: 90, -1.0: 70}
Iter-0: 13.3/6.92 | 
{0.0: 2127, 1.0: 158, -1.0: 139}
Iter-0: 12.94/6.67 | Iter-1: 13.31/7.08 | Iter-2: 13.08/6.52 | Iter-3: 13.03/6.64 | Iter-4: 12.88/6.62 | 
{0.0: 2075, 1.0: 192, -1.0: 157}
Iter-0: 12.76/6.53 | Iter-1: 13.18/6.95 | Iter-2: 12.73/6.35 | Iter-3: 12.87/6.5 | Iter-4: 12.72/6.49 | 
{0.0: 2100, 1.0: 175, -1.0: 149}
Iter-0: 12.85/6.57 | Iter-1: 13.24/7.01 | Iter-2: 12.84/6.43 | Iter-3: 12.61/6.51 | Iter-4: 13.17/6.55 | 
{0.0: 2064, 1.0: 201, -1.0: 159}
Iter-0: 12.76/6.46 | Iter-1: 13.21/6.9 | Iter-2: 13.12/6.4 | Iter-3: 12.88/6.42 | Iter-4: 13.07/6.55 | 
prob_mse: 0.146092519252, running time: 97.2914710045
8.0 ~~~~~~~~~~~~~~~~~~~~~~~~~~~~~~~~~~~~~~~~~~~~~~~~~~~~~~~~~~~~~~~`
dataset: facebook method: Adv-CSL, #attack_edge:10000,T:10,test_ratio: 0.3,gamma:0.4
/network/rit/lab/ceashpc/adil/data/adv_csl/Jan2/random_noise/facebook/facebook-attackedges-10000-T-10-testratio-0.3-swap_ratio-0.01-gamma-0.4-realization-0-data-X.pkl
#Rule:372936 Nodes:8078 Edges:372936
0 Creating 10 consumers
{0.0: 2264, 1.0: 90, -1.0: 70}

{0.0: 2225, 1.0: 105, -1.0: 94}

{0.0: 2244, 1.0: 95, -1.0: 85}

{0.0: 2173, 1.0: 132, -1.0: 119}

{0.0: 2202, 1.0: 117, -1.0: 105}

{0.0: 2127, 1.0: 158, -1.0: 139}

{0.0: 2152, 1.0: 143, -1.0: 129}

{0.0: 2100, 1.0: 175, -1.0: 149}

{0.0: 2075, 1.0: 192, -1.0: 157}

{0.0: 2064, 1.0: 201, -1.0: 159}

1 Creating 10 consumers
{0.0: 2244, 1.0: 95, -1.0: 85}

{0.0: 2225, 1.0: 105, -1.0: 94}

{0.0: 2173, 1.0: 132, -1.0: 119}

{0.0: 2202, 1.0: 117, -1.0: 105}

{0.0: 2152, 1.0: 143, -1.0: 129}

{0.0: 2264, 1.0: 90, -1.0: 70}
Iter-0: 13.11/6.96 | 
{0.0: 2127, 1.0: 158, -1.0: 139}
Iter-0: 12.85/6.67 | Iter-1: 13.4/7.21 | Iter-2: 12.6/6.43 | Iter-3: 12.88/6.7 | Iter-4: 12.89/6.67 | 
{0.0: 2075, 1.0: 192, -1.0: 157}
Iter-0: 12.75/6.53 | Iter-1: 13.3/7.09 | Iter-2: 12.63/6.32 | Iter-3: 13.2/6.61 | Iter-4: 13.27/6.6 | 
{0.0: 2064, 1.0: 201, -1.0: 159}
Iter-0: 12.68/6.48 | Iter-1: 13.25/7.03 | Iter-2: 12.83/6.32 | Iter-3: 12.79/6.57 | Iter-4: 13.27/6.58 | 
{0.0: 2100, 1.0: 175, -1.0: 149}
Iter-0: 12.75/6.55 | Iter-1: 13.27/7.09 | Iter-2: 13.0/6.4 | Iter-3: 13.23/6.63 | Iter-4: 13.71/7.0 | 
prob_mse: 0.144304840484, running time: 96.2306768894
9.0 ~~~~~~~~~~~~~~~~~~~~~~~~~~~~~~~~~~~~~~~~~~~~~~~~~~~~~~~~~~~~~~~`
dataset: facebook method: Adv-CSL, #attack_edge:10000,T:10,test_ratio: 0.3,gamma:0.5
/network/rit/lab/ceashpc/adil/data/adv_csl/Jan2/random_noise/facebook/facebook-attackedges-10000-T-10-testratio-0.3-swap_ratio-0.01-gamma-0.5-realization-0-data-X.pkl
#Rule:372936 Nodes:8078 Edges:372936
0 Creating 10 consumers
{0.0: 2264, 1.0: 90, -1.0: 70}

{0.0: 2244, 1.0: 95, -1.0: 85}

{0.0: 2225, 1.0: 105, -1.0: 94}

{0.0: 2173, 1.0: 132, -1.0: 119}

{0.0: 2202, 1.0: 117, -1.0: 105}

{0.0: 2152, 1.0: 143, -1.0: 129}

{0.0: 2100, 1.0: 175, -1.0: 149}

{0.0: 2127, 1.0: 158, -1.0: 139}

{0.0: 2075, 1.0: 192, -1.0: 157}

{0.0: 2064, 1.0: 201, -1.0: 159}

1 Creating 10 consumers
{0.0: 2244, 1.0: 95, -1.0: 85}

{0.0: 2225, 1.0: 105, -1.0: 94}

{0.0: 2202, 1.0: 117, -1.0: 105}

{0.0: 2173, 1.0: 132, -1.0: 119}

{0.0: 2152, 1.0: 143, -1.0: 129}

{0.0: 2264, 1.0: 90, -1.0: 70}
Iter-0: 14.48/7.57 | 
{0.0: 2127, 1.0: 158, -1.0: 139}
Iter-0: 12.88/6.66 | Iter-1: 13.51/7.31 | Iter-2: 12.72/6.37 | Iter-3: 13.31/6.76 | Iter-4: 13.88/7.44 | 
{0.0: 2075, 1.0: 192, -1.0: 157}
Iter-0: 12.76/6.53 | Iter-1: 13.4/7.19 | Iter-2: 12.65/6.27 | Iter-3: 13.23/6.61 | Iter-4: 13.29/6.58 | 
{0.0: 2100, 1.0: 175, -1.0: 149}
Iter-0: 13.01/6.67 | Iter-1: 13.66/7.33 | Iter-2: 13.2/6.69 | Iter-3: 12.91/6.67 | Iter-4: 13.27/6.63 | 
{0.0: 2064, 1.0: 201, -1.0: 159}
Iter-0: 13.06/6.48 | Iter-1: 13.73/7.17 | Iter-2: 13.0/6.25 | Iter-3: 13.17/6.62 | Iter-4: 13.22/6.57 | 
prob_mse: 0.143032838284, running time: 98.459733963
10.0 ~~~~~~~~~~~~~~~~~~~~~~~~~~~~~~~~~~~~~~~~~~~~~~~~~~~~~~~~~~~~~~~`
dataset: facebook method: Adv-CSL, #attack_edge:10000,T:10,test_ratio: 0.3,gamma:0.0
/network/rit/lab/ceashpc/adil/data/adv_csl/Jan2/random_noise/facebook/facebook-attackedges-10000-T-10-testratio-0.3-swap_ratio-0.01-gamma-0.0-realization-1-data-X.pkl
#Rule:372936 Nodes:8078 Edges:372936
0 Creating 10 consumers
{0.0: 2257, 1.0: 109, -1.0: 58}

{0.0: 2240, 1.0: 117, -1.0: 67}

{0.0: 2204, 1.0: 132, -1.0: 88}

{0.0: 2227, 1.0: 124, -1.0: 73}

{0.0: 2177, 1.0: 146, -1.0: 101}

{0.0: 2152, 1.0: 164, -1.0: 108}

{0.0: 2117, 1.0: 177, -1.0: 130}

{0.0: 2097, 1.0: 183, -1.0: 144}

{0.0: 2081, 1.0: 190, -1.0: 153}

{0.0: 2058, 1.0: 203, -1.0: 163}

1 Creating 10 consumers
{0.0: 2204, 1.0: 132, -1.0: 88}

{0.0: 2177, 1.0: 146, -1.0: 101}

{0.0: 2152, 1.0: 164, -1.0: 108}

{0.0: 2117, 1.0: 177, -1.0: 130}

{0.0: 2257, 1.0: 109, -1.0: 58}
Iter-0: 9.71/3.44 | Iter-1: 11.75/5.51 | Iter-2: 10.45/4.2 | 
{0.0: 2227, 1.0: 124, -1.0: 73}
Iter-0: 9.71/3.42 | Iter-1: 11.96/5.49 | Iter-2: 10.9/4.2 | 
{0.0: 2240, 1.0: 117, -1.0: 67}
Iter-0: 9.73/3.43 | Iter-1: 12.33/5.53 | Iter-2: 10.96/4.23 | 
{0.0: 2097, 1.0: 183, -1.0: 144}
Iter-0: 9.69/3.41 | Iter-1: 11.66/5.39 | Iter-2: 10.93/4.16 | 
{0.0: 2081, 1.0: 190, -1.0: 153}
Iter-0: 10.2/3.75 | Iter-1: 12.44/5.67 | Iter-2: 10.8/4.21 | 
{0.0: 2058, 1.0: 203, -1.0: 163}
Iter-0: 9.73/3.4 | Iter-1: 11.8/5.38 | Iter-2: 10.9/4.14 | 
prob_mse: 0.0901924367437, running time: 73.7718307972
11.0 ~~~~~~~~~~~~~~~~~~~~~~~~~~~~~~~~~~~~~~~~~~~~~~~~~~~~~~~~~~~~~~~`
dataset: facebook method: Adv-CSL, #attack_edge:10000,T:10,test_ratio: 0.3,gamma:0.01
/network/rit/lab/ceashpc/adil/data/adv_csl/Jan2/random_noise/facebook/facebook-attackedges-10000-T-10-testratio-0.3-swap_ratio-0.01-gamma-0.01-realization-1-data-X.pkl
#Rule:372936 Nodes:8078 Edges:372936
0 Creating 10 consumers
{0.0: 2257, 1.0: 109, -1.0: 58}

{0.0: 2240, 1.0: 117, -1.0: 67}

{0.0: 2204, 1.0: 132, -1.0: 88}

{0.0: 2227, 1.0: 124, -1.0: 73}

{0.0: 2177, 1.0: 146, -1.0: 101}

{0.0: 2117, 1.0: 177, -1.0: 130}

{0.0: 2152, 1.0: 164, -1.0: 108}

{0.0: 2097, 1.0: 183, -1.0: 144}

{0.0: 2081, 1.0: 190, -1.0: 153}

{0.0: 2058, 1.0: 203, -1.0: 163}

1 Creating 10 consumers
{0.0: 2204, 1.0: 132, -1.0: 88}

{0.0: 2177, 1.0: 146, -1.0: 101}

{0.0: 2152, 1.0: 164, -1.0: 108}

{0.0: 2117, 1.0: 177, -1.0: 130}

{0.0: 2257, 1.0: 109, -1.0: 58}
Iter-0: 13.23/6.95 | Iter-1: 12.91/6.19 | Iter-2: 12.7/6.04 | Iter-3: 12.37/5.9 | Iter-4: 12.12/5.79 | 
{0.0: 2227, 1.0: 124, -1.0: 73}
Iter-0: 13.09/6.8 | Iter-1: 12.46/6.16 | Iter-2: 12.29/6.0 | Iter-3: 12.25/5.86 | Iter-4: 12.65/5.82 | 
{0.0: 2097, 1.0: 183, -1.0: 144}
Iter-0: 12.87/6.58 | Iter-1: 12.25/6.0 | Iter-2: 12.05/5.83 | Iter-3: 11.96/5.73 | Iter-4: 12.17/5.78 | 
{0.0: 2081, 1.0: 190, -1.0: 153}
Iter-0: 12.91/6.58 | Iter-1: 12.3/6.01 | Iter-2: 12.11/5.84 | Iter-3: 12.02/5.74 | Iter-4: 12.31/5.78 | 
{0.0: 2240, 1.0: 117, -1.0: 67}
Iter-0: 13.17/6.89 | Iter-1: 12.45/6.17 | Iter-2: 12.99/6.03 | Iter-3: 13.4/6.55 | Iter-4: 13.45/6.52 | 
{0.0: 2058, 1.0: 203, -1.0: 163}
Iter-0: 13.01/6.59 | Iter-1: 12.42/6.03 | Iter-2: 12.24/5.85 | Iter-3: 12.16/5.76 | Iter-4: 12.37/5.75 | 
prob_mse: 0.186833113311, running time: 95.0437788963
12.0 ~~~~~~~~~~~~~~~~~~~~~~~~~~~~~~~~~~~~~~~~~~~~~~~~~~~~~~~~~~~~~~~`
dataset: facebook method: Adv-CSL, #attack_edge:10000,T:10,test_ratio: 0.3,gamma:0.03
/network/rit/lab/ceashpc/adil/data/adv_csl/Jan2/random_noise/facebook/facebook-attackedges-10000-T-10-testratio-0.3-swap_ratio-0.01-gamma-0.03-realization-1-data-X.pkl
#Rule:372936 Nodes:8078 Edges:372936
0 Creating 10 consumers
{0.0: 2257, 1.0: 109, -1.0: 58}

{0.0: 2240, 1.0: 117, -1.0: 67}

{0.0: 2204, 1.0: 132, -1.0: 88}

{0.0: 2227, 1.0: 124, -1.0: 73}

{0.0: 2152, 1.0: 164, -1.0: 108}

{0.0: 2177, 1.0: 146, -1.0: 101}

{0.0: 2117, 1.0: 177, -1.0: 130}

{0.0: 2097, 1.0: 183, -1.0: 144}

{0.0: 2081, 1.0: 190, -1.0: 153}

{0.0: 2058, 1.0: 203, -1.0: 163}

1 Creating 10 consumers
{0.0: 2204, 1.0: 132, -1.0: 88}

{0.0: 2177, 1.0: 146, -1.0: 101}

{0.0: 2152, 1.0: 164, -1.0: 108}

{0.0: 2117, 1.0: 177, -1.0: 130}

{0.0: 2257, 1.0: 109, -1.0: 58}
Iter-0: 13.14/6.92 | Iter-1: 12.72/6.48 | Iter-2: 12.56/6.3 | Iter-3: 12.38/6.06 | Iter-4: 12.82/5.96 | 
{0.0: 2240, 1.0: 117, -1.0: 67}
Iter-0: 14.13/7.48 | Iter-1: 13.06/6.49 | Iter-2: 12.45/6.21 | Iter-3: 12.23/6.02 | Iter-4: 12.73/5.96 | 
{0.0: 2227, 1.0: 124, -1.0: 73}
Iter-0: 13.64/6.82 | Iter-1: 14.1/7.18 | Iter-2: 12.69/6.37 | Iter-3: 12.36/6.04 | Iter-4: 12.97/6.06 | 
{0.0: 2081, 1.0: 190, -1.0: 153}
Iter-0: 12.8/6.55 | Iter-1: 12.48/6.27 | Iter-2: 12.71/6.03 | Iter-3: 12.25/5.89 | Iter-4: 12.99/6.51 | 
{0.0: 2097, 1.0: 183, -1.0: 144}
Iter-0: 12.83/6.57 | Iter-1: 12.98/6.3 | Iter-2: 12.78/6.07 | Iter-3: 12.76/5.93 | Iter-4: 12.72/5.98 | 
{0.0: 2058, 1.0: 203, -1.0: 163}
Iter-0: 13.14/6.6 | Iter-1: 12.9/6.41 | Iter-2: 12.62/6.09 | Iter-3: 12.13/5.9 | Iter-4: 12.33/5.89 | 
prob_mse: 0.18669559956, running time: 96.0155339241
13.0 ~~~~~~~~~~~~~~~~~~~~~~~~~~~~~~~~~~~~~~~~~~~~~~~~~~~~~~~~~~~~~~~`
dataset: facebook method: Adv-CSL, #attack_edge:10000,T:10,test_ratio: 0.3,gamma:0.05
/network/rit/lab/ceashpc/adil/data/adv_csl/Jan2/random_noise/facebook/facebook-attackedges-10000-T-10-testratio-0.3-swap_ratio-0.01-gamma-0.05-realization-1-data-X.pkl
#Rule:372936 Nodes:8078 Edges:372936
0 Creating 10 consumers
{0.0: 2257, 1.0: 109, -1.0: 58}

{0.0: 2240, 1.0: 117, -1.0: 67}

{0.0: 2204, 1.0: 132, -1.0: 88}

{0.0: 2177, 1.0: 146, -1.0: 101}

{0.0: 2227, 1.0: 124, -1.0: 73}

{0.0: 2152, 1.0: 164, -1.0: 108}

{0.0: 2117, 1.0: 177, -1.0: 130}

{0.0: 2097, 1.0: 183, -1.0: 144}

{0.0: 2081, 1.0: 190, -1.0: 153}

{0.0: 2058, 1.0: 203, -1.0: 163}

1 Creating 10 consumers
{0.0: 2204, 1.0: 132, -1.0: 88}

{0.0: 2177, 1.0: 146, -1.0: 101}

{0.0: 2152, 1.0: 164, -1.0: 108}

{0.0: 2117, 1.0: 177, -1.0: 130}

{0.0: 2240, 1.0: 117, -1.0: 67}
Iter-0: 13.11/6.87 | Iter-1: 12.87/6.64 | Iter-2: 12.62/6.39 | Iter-3: 12.42/6.18 | Iter-4: 12.6/6.24 | 
{0.0: 2227, 1.0: 124, -1.0: 73}
Iter-0: 13.39/6.91 | Iter-1: 13.13/6.66 | Iter-2: 12.9/6.41 | Iter-3: 12.82/6.2 | Iter-4: 12.94/6.26 | 
{0.0: 2257, 1.0: 109, -1.0: 58}
Iter-0: 14.01/7.34 | Iter-1: 13.33/6.69 | Iter-2: 13.1/6.45 | Iter-3: 13.01/6.22 | Iter-4: 13.16/6.29 | 
{0.0: 2081, 1.0: 190, -1.0: 153}
Iter-0: 12.82/6.58 | Iter-1: 12.7/6.45 | Iter-2: 12.41/6.18 | Iter-3: 12.3/6.02 | Iter-4: 12.35/6.06 | 
{0.0: 2097, 1.0: 183, -1.0: 144}
Iter-0: 12.84/6.56 | Iter-1: 12.7/6.45 | Iter-2: 12.41/6.16 | Iter-3: 12.32/6.01 | Iter-4: 12.94/6.07 | 
{0.0: 2058, 1.0: 203, -1.0: 163}
Iter-0: 12.76/6.49 | Iter-1: 12.71/6.39 | Iter-2: 12.39/6.09 | Iter-3: 12.31/5.96 | Iter-4: 12.31/5.97 | 
prob_mse: 0.185664246425, running time: 94.7062878609
14.0 ~~~~~~~~~~~~~~~~~~~~~~~~~~~~~~~~~~~~~~~~~~~~~~~~~~~~~~~~~~~~~~~`
dataset: facebook method: Adv-CSL, #attack_edge:10000,T:10,test_ratio: 0.3,gamma:0.07
/network/rit/lab/ceashpc/adil/data/adv_csl/Jan2/random_noise/facebook/facebook-attackedges-10000-T-10-testratio-0.3-swap_ratio-0.01-gamma-0.07-realization-1-data-X.pkl
#Rule:372936 Nodes:8078 Edges:372936
0 Creating 10 consumers
{0.0: 2234, 1.0: 121, -1.0: 69}

{0.0: 2256, 1.0: 109, -1.0: 59}

{0.0: 2216, 1.0: 137, -1.0: 71}

{0.0: 2190, 1.0: 148, -1.0: 86}

{0.0: 2165, 1.0: 159, -1.0: 100}

{0.0: 2144, 1.0: 172, -1.0: 108}

{0.0: 2121, 1.0: 186, -1.0: 117}

{0.0: 2102, 1.0: 193, -1.0: 129}

{0.0: 2097, 1.0: 196, -1.0: 131}

{0.0: 2073, 1.0: 212, -1.0: 139}

1 Creating 10 consumers
{0.0: 2216, 1.0: 137, -1.0: 71}

{0.0: 2190, 1.0: 148, -1.0: 86}

{0.0: 2144, 1.0: 172, -1.0: 108}

{0.0: 2165, 1.0: 159, -1.0: 100}

{0.0: 2234, 1.0: 121, -1.0: 69}
Iter-0: 13.22/6.7 | Iter-1: 13.07/6.74 | Iter-2: 12.83/6.48 | Iter-3: 12.7/6.36 | Iter-4: 12.8/6.32 | 
{0.0: 2256, 1.0: 109, -1.0: 59}
Iter-0: 13.33/6.78 | Iter-1: 13.44/6.79 | Iter-2: 13.73/7.3 | Iter-3: 12.7/6.36 | Iter-4: 12.91/6.43 | 
{0.0: 2102, 1.0: 193, -1.0: 129}
Iter-0: 13.68/6.38 | Iter-1: 13.02/6.67 | Iter-2: 12.47/6.12 | Iter-3: 12.49/6.09 | Iter-4: 12.57/6.16 | 
{0.0: 2121, 1.0: 186, -1.0: 117}
Iter-0: 13.42/6.54 | Iter-1: 13.25/6.65 | Iter-2: 12.91/6.28 | Iter-3: 12.98/6.34 | Iter-4: 13.01/6.34 | 
{0.0: 2097, 1.0: 196, -1.0: 131}
Iter-0: 12.92/6.32 | Iter-1: 13.29/6.49 | Iter-2: 12.94/6.12 | Iter-3: 12.98/6.11 | Iter-4: 13.04/6.18 | 
{0.0: 2073, 1.0: 212, -1.0: 139}
Iter-0: 13.4/6.33 | Iter-1: 12.97/6.48 | Iter-2: 12.87/6.08 | Iter-3: 12.93/6.1 | Iter-4: 13.0/6.17 | 
prob_mse: 0.189103080308, running time: 97.7287700176
15.0 ~~~~~~~~~~~~~~~~~~~~~~~~~~~~~~~~~~~~~~~~~~~~~~~~~~~~~~~~~~~~~~~`
dataset: facebook method: Adv-CSL, #attack_edge:10000,T:10,test_ratio: 0.3,gamma:0.09
/network/rit/lab/ceashpc/adil/data/adv_csl/Jan2/random_noise/facebook/facebook-attackedges-10000-T-10-testratio-0.3-swap_ratio-0.01-gamma-0.09-realization-1-data-X.pkl
#Rule:372936 Nodes:8078 Edges:372936
0 Creating 10 consumers
{0.0: 2234, 1.0: 121, -1.0: 69}

{0.0: 2256, 1.0: 109, -1.0: 59}

{0.0: 2190, 1.0: 148, -1.0: 86}

{0.0: 2216, 1.0: 137, -1.0: 71}

{0.0: 2165, 1.0: 159, -1.0: 100}

{0.0: 2144, 1.0: 172, -1.0: 108}

{0.0: 2121, 1.0: 186, -1.0: 117}

{0.0: 2102, 1.0: 193, -1.0: 129}

{0.0: 2097, 1.0: 196, -1.0: 131}

{0.0: 2073, 1.0: 212, -1.0: 139}

1 Creating 10 consumers
{0.0: 2216, 1.0: 137, -1.0: 71}

{0.0: 2190, 1.0: 148, -1.0: 86}

{0.0: 2165, 1.0: 159, -1.0: 100}

{0.0: 2144, 1.0: 172, -1.0: 108}

{0.0: 2234, 1.0: 121, -1.0: 69}
Iter-0: 13.16/6.78 | Iter-1: 13.65/6.88 | Iter-2: 13.46/6.65 | Iter-3: 13.4/6.54 | Iter-4: 13.56/6.63 | 
{0.0: 2256, 1.0: 109, -1.0: 59}
Iter-0: 14.0/6.98 | Iter-1: 14.67/7.68 | Iter-2: 13.75/7.28 | Iter-3: 12.9/6.53 | Iter-4: 13.03/6.56 | 
{0.0: 2102, 1.0: 193, -1.0: 129}
Iter-0: 12.86/6.46 | Iter-1: 13.02/6.6 | Iter-2: 12.63/6.24 | Iter-3: 12.7/6.23 | Iter-4: 12.74/6.3 | 
{0.0: 2121, 1.0: 186, -1.0: 117}
Iter-0: 13.43/6.59 | Iter-1: 13.47/6.77 | Iter-2: 12.75/6.39 | Iter-3: 12.81/6.36 | Iter-4: 12.84/6.44 | 
{0.0: 2073, 1.0: 212, -1.0: 139}
Iter-0: 12.89/6.36 | Iter-1: 13.12/6.57 | Iter-2: 12.68/6.18 | Iter-3: 12.76/6.2 | Iter-4: 12.79/6.27 | 
{0.0: 2097, 1.0: 196, -1.0: 131}
Iter-0: 12.83/6.41 | Iter-1: 13.12/6.57 | Iter-2: 13.07/6.23 | Iter-3: 13.24/6.24 | Iter-4: 13.2/6.31 | 
prob_mse: 0.188484185919, running time: 98.0202610493
16.0 ~~~~~~~~~~~~~~~~~~~~~~~~~~~~~~~~~~~~~~~~~~~~~~~~~~~~~~~~~~~~~~~`
dataset: facebook method: Adv-CSL, #attack_edge:10000,T:10,test_ratio: 0.3,gamma:0.2
/network/rit/lab/ceashpc/adil/data/adv_csl/Jan2/random_noise/facebook/facebook-attackedges-10000-T-10-testratio-0.3-swap_ratio-0.01-gamma-0.2-realization-1-data-X.pkl
#Rule:372936 Nodes:8078 Edges:372936
0 Creating 10 consumers
{0.0: 2256, 1.0: 109, -1.0: 59}

{0.0: 2234, 1.0: 121, -1.0: 69}

{0.0: 2216, 1.0: 137, -1.0: 71}

{0.0: 2190, 1.0: 148, -1.0: 86}

{0.0: 2165, 1.0: 159, -1.0: 100}

{0.0: 2144, 1.0: 172, -1.0: 108}

{0.0: 2121, 1.0: 186, -1.0: 117}

{0.0: 2102, 1.0: 193, -1.0: 129}

{0.0: 2097, 1.0: 196, -1.0: 131}

{0.0: 2073, 1.0: 212, -1.0: 139}

1 Creating 10 consumers
{0.0: 2216, 1.0: 137, -1.0: 71}

{0.0: 2190, 1.0: 148, -1.0: 86}

{0.0: 2165, 1.0: 159, -1.0: 100}

{0.0: 2144, 1.0: 172, -1.0: 108}

{0.0: 2234, 1.0: 121, -1.0: 69}
Iter-0: 13.04/6.7 | Iter-1: 13.34/7.0 | Iter-2: 13.02/6.69 | Iter-3: 13.24/6.7 | Iter-4: 14.53/7.52 | 
{0.0: 2256, 1.0: 109, -1.0: 59}
Iter-0: 13.63/6.79 | Iter-1: 13.87/7.07 | Iter-2: 13.11/6.74 | Iter-3: 13.57/6.74 | Iter-4: 13.67/6.81 | 
{0.0: 2102, 1.0: 193, -1.0: 129}
Iter-0: 12.76/6.41 | Iter-1: 13.12/6.77 | Iter-2: 12.69/6.34 | Iter-3: 12.69/6.44 | Iter-4: 12.9/6.49 | 
{0.0: 2121, 1.0: 186, -1.0: 117}
Iter-0: 12.83/6.5 | Iter-1: 13.15/6.84 | Iter-2: 12.87/6.45 | Iter-3: 13.5/6.62 | Iter-4: 13.07/6.62 | 
{0.0: 2097, 1.0: 196, -1.0: 131}
Iter-0: 12.77/6.39 | Iter-1: 13.13/6.74 | Iter-2: 12.71/6.32 | Iter-3: 12.71/6.44 | Iter-4: 12.93/6.5 | 
{0.0: 2073, 1.0: 212, -1.0: 139}
Iter-0: 12.73/6.31 | Iter-1: 13.09/6.68 | Iter-2: 12.65/6.23 | Iter-3: 12.65/6.37 | Iter-4: 12.89/6.43 | 
prob_mse: 0.185493179318, running time: 97.8841741085
17.0 ~~~~~~~~~~~~~~~~~~~~~~~~~~~~~~~~~~~~~~~~~~~~~~~~~~~~~~~~~~~~~~~`
dataset: facebook method: Adv-CSL, #attack_edge:10000,T:10,test_ratio: 0.3,gamma:0.3
/network/rit/lab/ceashpc/adil/data/adv_csl/Jan2/random_noise/facebook/facebook-attackedges-10000-T-10-testratio-0.3-swap_ratio-0.01-gamma-0.3-realization-1-data-X.pkl
#Rule:372936 Nodes:8078 Edges:372936
0 Creating 10 consumers
{0.0: 2236, 1.0: 122, -1.0: 66}

{0.0: 2212, 1.0: 128, -1.0: 84}

{0.0: 2178, 1.0: 148, -1.0: 98}

{0.0: 2201, 1.0: 139, -1.0: 84}

{0.0: 2138, 1.0: 171, -1.0: 115}

{0.0: 2154, 1.0: 159, -1.0: 111}

{0.0: 2125, 1.0: 180, -1.0: 119}

{0.0: 2108, 1.0: 188, -1.0: 128}

{0.0: 2085, 1.0: 194, -1.0: 145}

{0.0: 2075, 1.0: 193, -1.0: 156}

1 Creating 10 consumers
{0.0: 2138, 1.0: 171, -1.0: 115}

{0.0: 2125, 1.0: 180, -1.0: 119}

{0.0: 2201, 1.0: 139, -1.0: 84}
Iter-0: 13.19/6.79 | Iter-1: 13.38/7.16 | Iter-2: 12.91/6.66 | Iter-3: 12.98/6.71 | Iter-4: 13.03/6.73 | 
{0.0: 2212, 1.0: 128, -1.0: 84}
Iter-0: 13.81/6.9 | Iter-1: 13.74/7.26 | Iter-2: 12.98/6.76 | Iter-3: 13.03/6.79 | Iter-4: 13.07/6.77 | 
{0.0: 2154, 1.0: 159, -1.0: 111}
Iter-0: 13.11/6.74 | Iter-1: 13.36/7.13 | Iter-2: 12.84/6.62 | Iter-3: 12.93/6.7 | Iter-4: 13.01/6.71 | 
{0.0: 2236, 1.0: 122, -1.0: 66}
Iter-0: 13.79/6.98 | Iter-1: 13.91/7.35 | Iter-2: 13.44/6.86 | Iter-3: 13.49/6.9 | Iter-4: 13.39/6.9 | 
{0.0: 2085, 1.0: 194, -1.0: 145}
Iter-0: 12.94/6.55 | Iter-1: 13.21/6.99 | Iter-2: 12.67/6.45 | Iter-3: 12.72/6.54 | Iter-4: 12.87/6.58 | 
{0.0: 2108, 1.0: 188, -1.0: 128}
Iter-0: 12.9/6.54 | Iter-1: 13.15/6.96 | Iter-2: 12.78/6.43 | Iter-3: 13.31/6.56 | Iter-4: 12.88/6.6 | 
{0.0: 2178, 1.0: 148, -1.0: 98}
Iter-0: 13.71/6.79 | Iter-1: 13.83/7.19 | Iter-2: 13.32/6.67 | Iter-3: 13.43/6.74 | Iter-4: 13.7/7.23 | 
{0.0: 2075, 1.0: 193, -1.0: 156}
Iter-0: 13.83/7.24 | Iter-1: 14.13/7.65 | Iter-2: 12.87/6.37 | Iter-3: 12.9/6.46 | Iter-4: 13.1/6.5 | 
prob_mse: 0.212205390539, running time: 98.455821991
18.0 ~~~~~~~~~~~~~~~~~~~~~~~~~~~~~~~~~~~~~~~~~~~~~~~~~~~~~~~~~~~~~~~`
dataset: facebook method: Adv-CSL, #attack_edge:10000,T:10,test_ratio: 0.3,gamma:0.4
/network/rit/lab/ceashpc/adil/data/adv_csl/Jan2/random_noise/facebook/facebook-attackedges-10000-T-10-testratio-0.3-swap_ratio-0.01-gamma-0.4-realization-1-data-X.pkl
#Rule:372936 Nodes:8078 Edges:372936
0 Creating 10 consumers
{0.0: 2236, 1.0: 122, -1.0: 66}

{0.0: 2201, 1.0: 139, -1.0: 84}

{0.0: 2212, 1.0: 128, -1.0: 84}

{0.0: 2178, 1.0: 148, -1.0: 98}

{0.0: 2154, 1.0: 159, -1.0: 111}

{0.0: 2138, 1.0: 171, -1.0: 115}

{0.0: 2125, 1.0: 180, -1.0: 119}

{0.0: 2108, 1.0: 188, -1.0: 128}

{0.0: 2085, 1.0: 194, -1.0: 145}

{0.0: 2075, 1.0: 193, -1.0: 156}

1 Creating 10 consumers
{0.0: 2138, 1.0: 171, -1.0: 115}

{0.0: 2125, 1.0: 180, -1.0: 119}

{0.0: 2212, 1.0: 128, -1.0: 84}
Iter-0: 13.35/6.91 | Iter-1: 13.92/7.44 | Iter-2: 13.42/6.74 | Iter-3: 13.38/6.89 | Iter-4: 13.52/6.84 | 
{0.0: 2178, 1.0: 148, -1.0: 98}
Iter-0: 13.07/6.82 | Iter-1: 13.6/7.33 | Iter-2: 13.09/6.64 | Iter-3: 13.12/6.8 | Iter-4: 13.48/6.79 | 
{0.0: 2236, 1.0: 122, -1.0: 66}
Iter-0: 13.34/6.93 | Iter-1: 14.21/7.5 | Iter-2: 13.75/6.8 | Iter-3: 13.65/6.94 | Iter-4: 13.62/6.89 | 
{0.0: 2201, 1.0: 139, -1.0: 84}
Iter-0: 13.1/6.87 | Iter-1: 13.83/7.4 | Iter-2: 13.67/6.71 | Iter-3: 13.49/6.91 | Iter-4: 14.15/7.61 | 
{0.0: 2154, 1.0: 159, -1.0: 111}
Iter-0: 13.26/6.69 | Iter-1: 13.81/7.24 | Iter-2: 13.29/6.55 | Iter-3: 13.68/7.29 | Iter-4: 13.21/6.7 | 
{0.0: 2085, 1.0: 194, -1.0: 145}
Iter-0: 12.7/6.5 | Iter-1: 13.44/7.05 | Iter-2: 13.3/6.37 | Iter-3: 12.9/6.55 | Iter-4: 12.92/6.61 | 
{0.0: 2075, 1.0: 193, -1.0: 156}
Iter-0: 12.71/6.49 | Iter-1: 13.26/7.02 | Iter-2: 12.73/6.32 | Iter-3: 13.01/6.5 | Iter-4: 13.02/6.64 | 
{0.0: 2108, 1.0: 188, -1.0: 128}
Iter-0: 12.8/6.57 | Iter-1: 13.85/7.15 | Iter-2: 13.39/6.45 | Iter-3: 13.0/6.62 | Iter-4: 13.28/6.64 | 
prob_mse: 0.207701815182, running time: 97.7538619041
19.0 ~~~~~~~~~~~~~~~~~~~~~~~~~~~~~~~~~~~~~~~~~~~~~~~~~~~~~~~~~~~~~~~`
dataset: facebook method: Adv-CSL, #attack_edge:10000,T:10,test_ratio: 0.3,gamma:0.5
/network/rit/lab/ceashpc/adil/data/adv_csl/Jan2/random_noise/facebook/facebook-attackedges-10000-T-10-testratio-0.3-swap_ratio-0.01-gamma-0.5-realization-1-data-X.pkl
#Rule:372936 Nodes:8078 Edges:372936
0 Creating 10 consumers
{0.0: 2236, 1.0: 122, -1.0: 66}

{0.0: 2212, 1.0: 128, -1.0: 84}

{0.0: 2201, 1.0: 139, -1.0: 84}

{0.0: 2178, 1.0: 148, -1.0: 98}

{0.0: 2154, 1.0: 159, -1.0: 111}

{0.0: 2138, 1.0: 171, -1.0: 115}

{0.0: 2125, 1.0: 180, -1.0: 119}

{0.0: 2108, 1.0: 188, -1.0: 128}

{0.0: 2085, 1.0: 194, -1.0: 145}

{0.0: 2075, 1.0: 193, -1.0: 156}

1 Creating 10 consumers
{0.0: 2138, 1.0: 171, -1.0: 115}

{0.0: 2125, 1.0: 180, -1.0: 119}

{0.0: 2201, 1.0: 139, -1.0: 84}
Iter-0: 13.1/6.87 | Iter-1: 13.76/7.5 | Iter-2: 13.12/6.68 | Iter-3: 13.17/6.9 | Iter-4: 13.2/6.86 | 
{0.0: 2212, 1.0: 128, -1.0: 84}
Iter-0: 13.06/6.81 | Iter-1: 13.72/7.46 | Iter-2: 13.46/6.64 | Iter-3: 13.49/6.89 | Iter-4: 13.2/6.84 | 
{0.0: 2236, 1.0: 122, -1.0: 66}
Iter-0: 13.62/7.07 | Iter-1: 14.16/7.64 | Iter-2: 13.37/6.76 | Iter-3: 13.41/6.95 | Iter-4: 13.52/6.93 | 
{0.0: 2178, 1.0: 148, -1.0: 98}
Iter-0: 12.99/6.81 | Iter-1: 13.73/7.42 | Iter-2: 13.52/6.63 | Iter-3: 13.45/6.86 | Iter-4: 13.13/6.81 | 
{0.0: 2108, 1.0: 188, -1.0: 128}
Iter-0: 12.78/6.53 | Iter-1: 13.41/7.19 | Iter-2: 12.81/6.38 | Iter-3: 12.88/6.63 | Iter-4: 13.05/6.58 | 
{0.0: 2085, 1.0: 194, -1.0: 145}
Iter-0: 12.79/6.54 | Iter-1: 13.5/7.23 | Iter-2: 12.86/6.4 | Iter-3: 13.05/6.65 | Iter-4: 13.51/6.63 | 
{0.0: 2075, 1.0: 193, -1.0: 156}
Iter-0: 12.78/6.47 | Iter-1: 13.42/7.1 | Iter-2: 12.79/6.28 | Iter-3: 12.89/6.56 | Iter-4: 12.84/6.52 | 
{0.0: 2154, 1.0: 159, -1.0: 111}
Iter-0: 14.26/7.5 | Iter-1: 14.98/8.2 | Iter-2: 14.34/7.29 | Iter-3: 14.28/7.53 | Iter-4: 14.01/7.5 | 
prob_mse: 0.204435863586, running time: 101.830276966
20.0 ~~~~~~~~~~~~~~~~~~~~~~~~~~~~~~~~~~~~~~~~~~~~~~~~~~~~~~~~~~~~~~~`
dataset: facebook method: Adv-CSL, #attack_edge:10000,T:10,test_ratio: 0.3,gamma:0.0
/network/rit/lab/ceashpc/adil/data/adv_csl/Jan2/random_noise/facebook/facebook-attackedges-10000-T-10-testratio-0.3-swap_ratio-0.01-gamma-0.0-realization-2-data-X.pkl
#Rule:372936 Nodes:8078 Edges:372936
0 Creating 10 consumers
{0.0: 2257, 1.0: 109, -1.0: 58}

{0.0: 2240, 1.0: 117, -1.0: 67}

{0.0: 2227, 1.0: 124, -1.0: 73}

{0.0: 2177, 1.0: 146, -1.0: 101}

{0.0: 2204, 1.0: 132, -1.0: 88}

{0.0: 2152, 1.0: 164, -1.0: 108}

{0.0: 2117, 1.0: 177, -1.0: 130}

{0.0: 2097, 1.0: 183, -1.0: 144}

{0.0: 2081, 1.0: 190, -1.0: 153}

{0.0: 2058, 1.0: 203, -1.0: 163}

1 Creating 10 consumers
{0.0: 2204, 1.0: 132, -1.0: 88}

{0.0: 2177, 1.0: 146, -1.0: 101}

{0.0: 2152, 1.0: 164, -1.0: 108}

{0.0: 2117, 1.0: 177, -1.0: 130}

{0.0: 2257, 1.0: 109, -1.0: 58}
Iter-0: 10.24/3.47 | Iter-1: 11.87/5.58 | Iter-2: 10.53/4.24 | 
{0.0: 2227, 1.0: 124, -1.0: 73}
Iter-0: 9.76/3.46 | Iter-1: 11.82/5.54 | Iter-2: 10.6/4.27 | 
{0.0: 2240, 1.0: 117, -1.0: 67}
Iter-0: 10.18/3.5 | Iter-1: 12.21/5.56 | Iter-2: 10.69/4.29 | 
{0.0: 2081, 1.0: 190, -1.0: 153}
Iter-0: 9.75/3.43 | Iter-1: 11.73/5.44 | Iter-2: 11.04/4.23 | 
{0.0: 2058, 1.0: 203, -1.0: 163}
Iter-0: 9.88/3.47 | Iter-1: 11.89/5.44 | Iter-2: 10.64/4.21 | 
{0.0: 2097, 1.0: 183, -1.0: 144}
Iter-0: 10.3/3.79 | Iter-1: 12.2/5.48 | Iter-2: 10.93/4.21 | 
prob_mse: 0.0901924367437, running time: 73.761095047
21.0 ~~~~~~~~~~~~~~~~~~~~~~~~~~~~~~~~~~~~~~~~~~~~~~~~~~~~~~~~~~~~~~~`
dataset: facebook method: Adv-CSL, #attack_edge:10000,T:10,test_ratio: 0.3,gamma:0.01
/network/rit/lab/ceashpc/adil/data/adv_csl/Jan2/random_noise/facebook/facebook-attackedges-10000-T-10-testratio-0.3-swap_ratio-0.01-gamma-0.01-realization-2-data-X.pkl
#Rule:372936 Nodes:8078 Edges:372936
0 Creating 10 consumers
{0.0: 2257, 1.0: 109, -1.0: 58}

{0.0: 2227, 1.0: 124, -1.0: 73}

{0.0: 2240, 1.0: 117, -1.0: 67}

{0.0: 2204, 1.0: 132, -1.0: 88}

{0.0: 2177, 1.0: 146, -1.0: 101}

{0.0: 2152, 1.0: 164, -1.0: 108}

{0.0: 2097, 1.0: 183, -1.0: 144}

{0.0: 2117, 1.0: 177, -1.0: 130}

{0.0: 2081, 1.0: 190, -1.0: 153}

{0.0: 2058, 1.0: 203, -1.0: 163}

1 Creating 10 consumers
{0.0: 2204, 1.0: 132, -1.0: 88}

{0.0: 2177, 1.0: 146, -1.0: 101}

{0.0: 2152, 1.0: 164, -1.0: 108}

{0.0: 2117, 1.0: 177, -1.0: 130}

{0.0: 2257, 1.0: 109, -1.0: 58}
Iter-0: 13.22/6.93 | Iter-1: 12.43/6.18 | Iter-2: 12.25/6.02 | Iter-3: 12.13/5.88 | Iter-4: 12.27/5.93 | 
{0.0: 2227, 1.0: 124, -1.0: 73}
Iter-0: 13.43/6.9 | Iter-1: 12.62/6.24 | Iter-2: 12.49/6.06 | Iter-3: 12.36/5.93 | Iter-4: 12.46/5.96 | 
{0.0: 2240, 1.0: 117, -1.0: 67}
Iter-0: 14.5/7.68 | Iter-1: 12.91/6.49 | Iter-2: 12.6/6.01 | Iter-3: 12.48/5.89 | Iter-4: 12.63/5.93 | 
{0.0: 2097, 1.0: 183, -1.0: 144}
Iter-0: 12.87/6.58 | Iter-1: 12.48/6.03 | Iter-2: 12.43/5.86 | Iter-3: 12.45/5.77 | Iter-4: 12.92/6.4 | 
{0.0: 2058, 1.0: 203, -1.0: 163}
Iter-0: 12.89/6.51 | Iter-1: 12.4/5.99 | Iter-2: 12.17/5.8 | Iter-3: 12.17/5.73 | Iter-4: 12.54/5.74 | 
{0.0: 2081, 1.0: 190, -1.0: 153}
Iter-0: 13.4/6.62 | Iter-1: 12.8/6.33 | Iter-2: 12.95/6.46 | Iter-3: 12.46/5.75 | Iter-4: 12.48/5.76 | 
prob_mse: 0.186833113311, running time: 95.7267448902
22.0 ~~~~~~~~~~~~~~~~~~~~~~~~~~~~~~~~~~~~~~~~~~~~~~~~~~~~~~~~~~~~~~~`
dataset: facebook method: Adv-CSL, #attack_edge:10000,T:10,test_ratio: 0.3,gamma:0.03
/network/rit/lab/ceashpc/adil/data/adv_csl/Jan2/random_noise/facebook/facebook-attackedges-10000-T-10-testratio-0.3-swap_ratio-0.01-gamma-0.03-realization-2-data-X.pkl
#Rule:372936 Nodes:8078 Edges:372936
0 Creating 10 consumers
{0.0: 2257, 1.0: 109, -1.0: 58}

{0.0: 2204, 1.0: 132, -1.0: 88}

{0.0: 2227, 1.0: 124, -1.0: 73}

{0.0: 2240, 1.0: 117, -1.0: 67}

{0.0: 2177, 1.0: 146, -1.0: 101}

{0.0: 2152, 1.0: 164, -1.0: 108}

{0.0: 2117, 1.0: 177, -1.0: 130}

{0.0: 2097, 1.0: 183, -1.0: 144}

{0.0: 2081, 1.0: 190, -1.0: 153}

{0.0: 2058, 1.0: 203, -1.0: 163}

1 Creating 10 consumers
{0.0: 2204, 1.0: 132, -1.0: 88}

{0.0: 2177, 1.0: 146, -1.0: 101}

{0.0: 2152, 1.0: 164, -1.0: 108}

{0.0: 2117, 1.0: 177, -1.0: 130}

{0.0: 2257, 1.0: 109, -1.0: 58}
Iter-0: 13.43/6.95 | Iter-1: 13.27/6.57 | Iter-2: 12.57/6.32 | Iter-3: 12.32/6.08 | Iter-4: 12.42/6.01 | 
{0.0: 2240, 1.0: 117, -1.0: 67}
Iter-0: 13.61/6.88 | Iter-1: 13.18/6.5 | Iter-2: 12.99/6.26 | Iter-3: 12.49/6.1 | Iter-4: 12.46/6.08 | 
{0.0: 2227, 1.0: 124, -1.0: 73}
Iter-0: 13.37/6.9 | Iter-1: 13.06/6.48 | Iter-2: 12.88/6.25 | Iter-3: 12.66/6.08 | Iter-4: 12.58/6.02 | 
{0.0: 2081, 1.0: 190, -1.0: 153}
Iter-0: 13.12/6.58 | Iter-1: 12.52/6.29 | Iter-2: 12.61/6.02 | Iter-3: 12.54/5.91 | Iter-4: 12.26/5.96 | 
{0.0: 2097, 1.0: 183, -1.0: 144}
Iter-0: 13.21/6.59 | Iter-1: 12.62/6.3 | Iter-2: 12.33/6.03 | Iter-3: 13.33/6.55 | Iter-4: 12.37/5.97 | 
{0.0: 2058, 1.0: 203, -1.0: 163}
Iter-0: 13.15/6.49 | Iter-1: 12.94/6.28 | Iter-2: 12.69/6.0 | Iter-3: 12.33/5.87 | Iter-4: 12.57/5.87 | 
prob_mse: 0.18669559956, running time: 96.6376650333
23.0 ~~~~~~~~~~~~~~~~~~~~~~~~~~~~~~~~~~~~~~~~~~~~~~~~~~~~~~~~~~~~~~~`
dataset: facebook method: Adv-CSL, #attack_edge:10000,T:10,test_ratio: 0.3,gamma:0.05
/network/rit/lab/ceashpc/adil/data/adv_csl/Jan2/random_noise/facebook/facebook-attackedges-10000-T-10-testratio-0.3-swap_ratio-0.01-gamma-0.05-realization-2-data-X.pkl
#Rule:372936 Nodes:8078 Edges:372936
0 Creating 10 consumers
{0.0: 2240, 1.0: 117, -1.0: 67}

{0.0: 2204, 1.0: 132, -1.0: 88}

{0.0: 2227, 1.0: 124, -1.0: 73}

{0.0: 2257, 1.0: 109, -1.0: 58}

{0.0: 2177, 1.0: 146, -1.0: 101}

{0.0: 2152, 1.0: 164, -1.0: 108}

{0.0: 2117, 1.0: 177, -1.0: 130}

{0.0: 2081, 1.0: 190, -1.0: 153}

{0.0: 2097, 1.0: 183, -1.0: 144}

{0.0: 2058, 1.0: 203, -1.0: 163}

1 Creating 10 consumers
{0.0: 2204, 1.0: 132, -1.0: 88}

{0.0: 2177, 1.0: 146, -1.0: 101}

{0.0: 2152, 1.0: 164, -1.0: 108}

{0.0: 2117, 1.0: 177, -1.0: 130}

{0.0: 2257, 1.0: 109, -1.0: 58}
Iter-0: 13.66/7.05 | Iter-1: 13.23/6.72 | Iter-2: 12.98/6.48 | Iter-3: 12.77/6.31 | Iter-4: 12.77/6.33 | 
{0.0: 2240, 1.0: 117, -1.0: 67}
Iter-0: 13.2/6.97 | Iter-1: 13.58/6.74 | Iter-2: 12.92/6.65 | Iter-3: 12.45/6.15 | Iter-4: 13.81/6.73 | 
{0.0: 2227, 1.0: 124, -1.0: 73}
Iter-0: 13.16/6.82 | Iter-1: 13.34/6.65 | Iter-2: 13.12/6.41 | Iter-3: 12.94/6.21 | Iter-4: 13.01/6.24 | 
{0.0: 2097, 1.0: 183, -1.0: 144}
