

--------------------------------------------------
--------------------------------------------------

-------------------Tue, 22 Jan 2019 08:53:48 PM EST---------------------

0 ~~~~~~~~~~~~~~~~~~~~~~~~~~~~~~~~~~~~~~~~~~~~~~~~~~~~~~~~~~~~~~~`
dataset: slashdot method: Adv-CSL, #attack_edge:10000,T:10,test_ratio: 0.3,gamma:0.0
/network/rit/lab/ceashpc/adil/data/adv_csl/Jan2/random_noise/slashdot/slashdot-attackedges-10000-T-10-testratio-0.3-swap_ratio-0.01-gamma-0.0-realization-0-data-X.pkl
#Rule:2036920 Nodes:164336 Edges:2036920
0 Creating 10 consumers
{0.0: 44812, 1.0: 3998, -1.0: 490}
{0.0: 44327, 1.0: 4246, -1.0: 727}
{0.0: 43869, 1.0: 4492, -1.0: 939}
{0.0: 43426, 1.0: 4706, -1.0: 1168}
{0.0: 43028, 1.0: 4897, -1.0: 1375}
{0.0: 42648, 1.0: 5078, -1.0: 1574}
{0.0: 41935, 1.0: 5454, -1.0: 1911}
{0.0: 42280, 1.0: 5278, -1.0: 1742}
{0.0: 41577, 1.0: 5633, -1.0: 2090}
{0.0: 41228, 1.0: 5795, -1.0: 2277}
1 Creating 10 consumers
{0.0: 42280, 1.0: 5278, -1.0: 1742}
Iter-0: 73.54/17.9 | Iter-1: 89.11/37.96 | 
{0.0: 42648, 1.0: 5078, -1.0: 1574}
Iter-0: 72.53/17.59 | Iter-1: 91.1/37.8 | 
{0.0: 41577, 1.0: 5633, -1.0: 2090}
Iter-0: 76.86/17.59 | Iter-1: 86.92/37.67 | 
{0.0: 41935, 1.0: 5454, -1.0: 1911}
Iter-0: 78.77/17.63 | Iter-1: 91.6/36.56 | 
{0.0: 41228, 1.0: 5795, -1.0: 2277}
Iter-0: 80.04/18.09 | Iter-1: 86.85/36.84 | 
{0.0: 44812, 1.0: 3998, -1.0: 490}
Iter-0: 69.37/17.63 | Iter-1: 92.65/36.82 | Iter-2: 83.83/26.99 | Iter-3: 88.29/34.52 | Iter-4: 80.68/29.08 | 
{0.0: 43869, 1.0: 4492, -1.0: 939}
Iter-0: 74.11/17.61 | Iter-1: 95.12/39.58 | Iter-2: 81.85/25.98 | Iter-3: 86.39/35.06 | Iter-4: 79.89/28.74 | 
{0.0: 44327, 1.0: 4246, -1.0: 727}
Iter-0: 72.16/17.63 | Iter-1: 97.07/40.02 | Iter-2: 84.63/26.27 | Iter-3: 88.95/32.65 | Iter-4: 84.16/29.02 | 
{0.0: 43426, 1.0: 4706, -1.0: 1168}
Iter-0: 76.22/17.7 | Iter-1: 95.26/38.23 | Iter-2: 86.31/26.18 | Iter-3: 82.76/32.24 | Iter-4: 79.38/28.5 | 
{0.0: 43028, 1.0: 4897, -1.0: 1375}
Iter-0: 76.0/17.63 | Iter-1: 94.7/38.03 | Iter-2: 85.93/26.13 | Iter-3: 81.96/31.9 | Iter-4: 79.31/28.28 | 
prob_mse: 0.108726300203, running time: 647.099752903
1.0 ~~~~~~~~~~~~~~~~~~~~~~~~~~~~~~~~~~~~~~~~~~~~~~~~~~~~~~~~~~~~~~~`
dataset: slashdot method: Adv-CSL, #attack_edge:10000,T:10,test_ratio: 0.3,gamma:0.01
/network/rit/lab/ceashpc/adil/data/adv_csl/Jan2/random_noise/slashdot/slashdot-attackedges-10000-T-10-testratio-0.3-swap_ratio-0.01-gamma-0.01-realization-0-data-X.pkl
#Rule:2036920 Nodes:164336 Edges:2036920
0 Creating 10 consumers
{0.0: 44812, 1.0: 3998, -1.0: 490}
{0.0: 44327, 1.0: 4246, -1.0: 727}
{0.0: 43869, 1.0: 4492, -1.0: 939}
{0.0: 43426, 1.0: 4706, -1.0: 1168}
{0.0: 43028, 1.0: 4897, -1.0: 1375}
{0.0: 42648, 1.0: 5078, -1.0: 1574}
{0.0: 41935, 1.0: 5454, -1.0: 1911}
{0.0: 42280, 1.0: 5278, -1.0: 1742}
{0.0: 41577, 1.0: 5633, -1.0: 2090}
{0.0: 41228, 1.0: 5795, -1.0: 2277}
1 Creating 10 consumers
{0.0: 44812, 1.0: 3998, -1.0: 490}
Iter-0: 93.69/39.25 | Iter-1: 92.77/40.67 | Iter-2: 97.15/39.82 | Iter-3: 100.77/44.26 | Iter-4: 92.01/42.18 | 
{0.0: 44327, 1.0: 4246, -1.0: 727}
Iter-0: 93.35/39.06 | Iter-1: 91.11/40.61 | Iter-2: 96.37/39.29 | Iter-3: 105.04/44.47 | Iter-4: 95.37/41.52 | 
{0.0: 43426, 1.0: 4706, -1.0: 1168}
Iter-0: 97.28/41.04 | Iter-1: 93.81/40.54 | Iter-2: 94.56/38.87 | Iter-3: 101.43/44.05 | Iter-4: 90.4/39.3 | 
{0.0: 43869, 1.0: 4492, -1.0: 939}
Iter-0: 95.23/39.66 | Iter-1: 94.98/40.17 | Iter-2: 98.08/39.02 | Iter-3: 99.57/41.14 | Iter-4: 94.05/39.16 | 
{0.0: 43028, 1.0: 4897, -1.0: 1375}
Iter-0: 92.29/41.12 | Iter-1: 90.43/39.67 | Iter-2: 97.2/38.63 | Iter-3: 98.22/40.66 | Iter-4: 93.75/39.25 | 
{0.0: 41935, 1.0: 5454, -1.0: 1911}
Iter-0: 90.19/39.84 | Iter-1: 89.2/39.27 | Iter-2: 92.33/37.6 | Iter-3: 98.51/42.36 | Iter-4: 87.16/37.51 | 
{0.0: 42280, 1.0: 5278, -1.0: 1742}
Iter-0: 92.06/41.22 | Iter-1: 89.97/39.83 | Iter-2: 93.24/38.09 | Iter-3: 98.93/42.85 | Iter-4: 92.63/38.26 | 
{0.0: 42648, 1.0: 5078, -1.0: 1574}
Iter-0: 93.8/40.95 | Iter-1: 94.11/39.8 | Iter-2: 97.89/38.32 | Iter-3: 98.2/40.25 | Iter-4: 92.8/37.99 | 
{0.0: 41228, 1.0: 5795, -1.0: 2277}
Iter-0: 88.84/38.1 | Iter-1: 92.66/39.02 | Iter-2: 96.98/38.32 | Iter-3: 96.47/39.27 | Iter-4: 91.2/36.46 | 
{0.0: 41577, 1.0: 5633, -1.0: 2090}
Iter-0: 95.07/39.32 | Iter-1: 92.41/39.03 | Iter-2: 97.39/38.38 | Iter-3: 97.19/39.54 | Iter-4: 92.17/36.72 | 
prob_mse: 0.140968653144, running time: 746.545866966
2.0 ~~~~~~~~~~~~~~~~~~~~~~~~~~~~~~~~~~~~~~~~~~~~~~~~~~~~~~~~~~~~~~~`
dataset: slashdot method: Adv-CSL, #attack_edge:10000,T:10,test_ratio: 0.3,gamma:0.03
/network/rit/lab/ceashpc/adil/data/adv_csl/Jan2/random_noise/slashdot/slashdot-attackedges-10000-T-10-testratio-0.3-swap_ratio-0.01-gamma-0.03-realization-0-data-X.pkl
#Rule:2036920 Nodes:164336 Edges:2036920
0 Creating 10 consumers
{0.0: 44327, 1.0: 4246, -1.0: 727}
{0.0: 44812, 1.0: 3998, -1.0: 490}
{0.0: 43869, 1.0: 4492, -1.0: 939}
{0.0: 43426, 1.0: 4706, -1.0: 1168}
{0.0: 43028, 1.0: 4897, -1.0: 1375}
{0.0: 42648, 1.0: 5078, -1.0: 1574}
{0.0: 42280, 1.0: 5278, -1.0: 1742}
{0.0: 41935, 1.0: 5454, -1.0: 1911}
{0.0: 41577, 1.0: 5633, -1.0: 2090}
{0.0: 41228, 1.0: 5795, -1.0: 2277}
1 Creating 10 consumers
{0.0: 44812, 1.0: 3998, -1.0: 490}
Iter-0: 92.99/38.94 | Iter-1: 93.22/40.66 | Iter-2: 91.33/40.09 | Iter-3: 95.67/42.12 | Iter-4: 94.4/42.63 | 
{0.0: 43869, 1.0: 4492, -1.0: 939}
Iter-0: 94.85/40.45 | Iter-1: 93.7/40.19 | Iter-2: 97.32/41.2 | Iter-3: 98.56/41.81 | Iter-4: 95.53/42.16 | 
{0.0: 44327, 1.0: 4246, -1.0: 727}
Iter-0: 93.34/38.67 | Iter-1: 94.54/40.61 | Iter-2: 99.26/41.84 | Iter-3: 104.38/45.28 | Iter-4: 96.04/44.52 | 
{0.0: 43426, 1.0: 4706, -1.0: 1168}
Iter-0: 91.82/39.11 | Iter-1: 93.36/40.01 | Iter-2: 91.98/39.08 | Iter-3: 104.09/43.97 | Iter-4: 95.91/44.5 | 
{0.0: 43028, 1.0: 4897, -1.0: 1375}
Iter-0: 94.41/39.22 | Iter-1: 95.75/40.02 | Iter-2: 94.95/38.89 | Iter-3: 97.19/41.26 | Iter-4: 94.23/41.2 | 
{0.0: 42648, 1.0: 5078, -1.0: 1574}
Iter-0: 94.43/41.73 | Iter-1: 95.38/39.84 | Iter-2: 95.59/38.65 | Iter-3: 97.22/41.07 | Iter-4: 93.26/40.43 | 
{0.0: 42280, 1.0: 5278, -1.0: 1742}
Iter-0: 92.18/40.13 | Iter-1: 95.07/39.46 | Iter-2: 95.53/38.6 | Iter-3: 97.72/41.12 | Iter-4: 93.01/40.11 | 
{0.0: 41228, 1.0: 5795, -1.0: 2277}
Iter-0: 87.91/38.58 | Iter-1: 90.45/39.37 | Iter-2: 95.65/38.25 | Iter-3: 96.63/40.12 | Iter-4: 91.07/38.36 | 
{0.0: 41935, 1.0: 5454, -1.0: 1911}
Iter-0: 90.07/38.23 | Iter-1: 93.65/39.09 | Iter-2: 99.18/38.4 | Iter-3: 104.54/43.19 | Iter-4: 91.61/39.16 | 
{0.0: 41577, 1.0: 5633, -1.0: 2090}
Iter-0: 91.66/39.39 | Iter-1: 94.62/39.48 | Iter-2: 95.85/39.45 | Iter-3: 97.07/40.46 | Iter-4: 91.51/38.45 | 
prob_mse: 0.140708334009, running time: 752.218777895
3.0 ~~~~~~~~~~~~~~~~~~~~~~~~~~~~~~~~~~~~~~~~~~~~~~~~~~~~~~~~~~~~~~~`
dataset: slashdot method: Adv-CSL, #attack_edge:10000,T:10,test_ratio: 0.3,gamma:0.05
/network/rit/lab/ceashpc/adil/data/adv_csl/Jan2/random_noise/slashdot/slashdot-attackedges-10000-T-10-testratio-0.3-swap_ratio-0.01-gamma-0.05-realization-0-data-X.pkl
#Rule:2036920 Nodes:164336 Edges:2036920
0 Creating 10 consumers
{0.0: 44871, 1.0: 3955, -1.0: 474}
{0.0: 44443, 1.0: 4174, -1.0: 683}
{0.0: 44035, 1.0: 4372, -1.0: 893}
{0.0: 43590, 1.0: 4601, -1.0: 1109}
{0.0: 43263, 1.0: 4749, -1.0: 1288}
{0.0: 42881, 1.0: 4940, -1.0: 1479}
{0.0: 42506, 1.0: 5132, -1.0: 1662}
{0.0: 42127, 1.0: 5316, -1.0: 1857}
{0.0: 41470, 1.0: 5647, -1.0: 2183}
{0.0: 41821, 1.0: 5465, -1.0: 2014}
1 Creating 10 consumers
{0.0: 44443, 1.0: 4174, -1.0: 683}
Iter-0: 97.2/38.83 | Iter-1: 91.47/41.54 | Iter-2: 88.38/39.37 | Iter-3: 98.06/41.5 | Iter-4: 99.47/42.19 | 
{0.0: 43263, 1.0: 4749, -1.0: 1288}
Iter-0: 92.96/38.72 | Iter-1: 88.87/39.87 | Iter-2: 87.41/38.36 | Iter-3: 93.67/41.27 | Iter-4: 94.17/41.33 | 
{0.0: 44871, 1.0: 3955, -1.0: 474}
Iter-0: 96.09/38.99 | Iter-1: 93.09/43.29 | Iter-2: 92.47/39.85 | Iter-3: 99.06/42.05 | Iter-4: 100.65/42.79 | 
{0.0: 42881, 1.0: 4940, -1.0: 1479}
Iter-0: 91.29/38.35 | Iter-1: 87.91/39.21 | Iter-2: 87.01/37.96 | Iter-3: 93.21/40.66 | Iter-4: 93.49/40.91 | 
{0.0: 44035, 1.0: 4372, -1.0: 893}
Iter-0: 92.04/38.59 | Iter-1: 92.85/41.13 | Iter-2: 87.75/39.0 | Iter-3: 104.36/43.22 | Iter-4: 103.73/45.29 | 
{0.0: 42127, 1.0: 5316, -1.0: 1857}
Iter-0: 89.9/37.67 | Iter-1: 87.27/38.77 | Iter-2: 90.1/37.41 | Iter-3: 96.42/43.41 | Iter-4: 92.2/40.91 | 
{0.0: 41821, 1.0: 5465, -1.0: 2014}
Iter-0: 89.35/37.51 | Iter-1: 92.08/38.85 | Iter-2: 88.9/37.66 | Iter-3: 92.72/40.59 | Iter-4: 91.17/40.26 | 
{0.0: 43590, 1.0: 4601, -1.0: 1109}
Iter-0: 101.55/41.32 | Iter-1: 92.09/39.7 | Iter-2: 92.43/38.52 | Iter-3: 104.67/44.93 | Iter-4: 98.09/44.54 | 
{0.0: 42506, 1.0: 5132, -1.0: 1662}
Iter-0: 95.84/40.74 | Iter-1: 90.3/38.95 | Iter-2: 94.58/37.77 | Iter-3: 101.31/43.43 | Iter-4: 94.37/42.41 | 
{0.0: 41470, 1.0: 5647, -1.0: 2183}
Iter-0: 92.7/37.57 | Iter-1: 99.09/42.95 | Iter-2: 102.45/41.57 | Iter-3: 103.32/43.02 | Iter-4: 91.9/38.98 | 
prob_mse: 0.135764374577, running time: 776.337119818
4.0 ~~~~~~~~~~~~~~~~~~~~~~~~~~~~~~~~~~~~~~~~~~~~~~~~~~~~~~~~~~~~~~~`
dataset: slashdot method: Adv-CSL, #attack_edge:10000,T:10,test_ratio: 0.3,gamma:0.07
/network/rit/lab/ceashpc/adil/data/adv_csl/Jan2/random_noise/slashdot/slashdot-attackedges-10000-T-10-testratio-0.3-swap_ratio-0.01-gamma-0.07-realization-0-data-X.pkl
#Rule:2036920 Nodes:164336 Edges:2036920
0 Creating 10 consumers
{0.0: 44443, 1.0: 4174, -1.0: 683}
{0.0: 44871, 1.0: 3955, -1.0: 474}
{0.0: 44035, 1.0: 4372, -1.0: 893}
{0.0: 43263, 1.0: 4749, -1.0: 1288}
{0.0: 43590, 1.0: 4601, -1.0: 1109}
{0.0: 42881, 1.0: 4940, -1.0: 1479}
{0.0: 42506, 1.0: 5132, -1.0: 1662}
{0.0: 42127, 1.0: 5316, -1.0: 1857}
{0.0: 41821, 1.0: 5465, -1.0: 2014}
{0.0: 41470, 1.0: 5647, -1.0: 2183}
1 Creating 10 consumers
{0.0: 44035, 1.0: 4372, -1.0: 893}
Iter-0: 92.31/39.19 | Iter-1: 93.17/41.54 | Iter-2: 90.15/40.04 | Iter-3: 94.76/41.83 | Iter-4: 93.39/41.89 | 
{0.0: 44871, 1.0: 3955, -1.0: 474}
Iter-0: 92.4/39.25 | Iter-1: 94.82/42.57 | Iter-2: 90.23/40.94 | Iter-3: 106.76/45.57 | Iter-4: 97.09/45.35 | 
{0.0: 42881, 1.0: 4940, -1.0: 1479}
Iter-0: 92.27/38.76 | Iter-1: 93.88/40.64 | Iter-2: 91.31/38.66 | Iter-3: 93.63/40.71 | Iter-4: 91.33/41.2 | 
{0.0: 44443, 1.0: 4174, -1.0: 683}
Iter-0: 97.65/41.27 | Iter-1: 97.95/41.78 | Iter-2: 95.22/40.04 | Iter-3: 98.0/41.98 | Iter-4: 95.37/42.36 | 
{0.0: 43590, 1.0: 4601, -1.0: 1109}
Iter-0: 95.12/40.55 | Iter-1: 92.62/40.03 | Iter-2: 98.16/43.78 | Iter-3: 100.93/44.77 | Iter-4: 93.03/44.2 | 
{0.0: 43263, 1.0: 4749, -1.0: 1288}
Iter-0: 94.46/40.97 | Iter-1: 97.5/40.09 | Iter-2: 96.0/38.87 | Iter-3: 99.35/41.69 | Iter-4: 95.18/41.88 | 
{0.0: 42506, 1.0: 5132, -1.0: 1662}
Iter-0: 92.86/39.92 | Iter-1: 94.0/39.85 | Iter-2: 92.07/38.05 | Iter-3: 99.63/43.21 | Iter-4: 91.04/42.53 | 
{0.0: 42127, 1.0: 5316, -1.0: 1857}
Iter-0: 91.66/39.93 | Iter-1: 91.02/39.11 | Iter-2: 92.54/37.6 | Iter-3: 98.67/43.38 | Iter-4: 95.3/42.26 | 
{0.0: 41470, 1.0: 5647, -1.0: 2183}
Iter-0: 90.37/39.19 | Iter-1: 95.28/39.34 | Iter-2: 91.85/37.67 | Iter-3: 92.89/40.22 | Iter-4: 92.41/39.94 | 
{0.0: 41821, 1.0: 5465, -1.0: 2014}
Iter-0: 90.97/38.84 | Iter-1: 101.47/43.77 | Iter-2: 97.91/37.97 | Iter-3: 103.23/43.41 | Iter-4: 91.3/38.77 | 
prob_mse: 0.135407714672, running time: 757.684143066
