

--------------------------------------------------
--------------------------------------------------

-------------------Tue, 22 Jan 2019 12:17:12 PM EST---------------------

0 ~~~~~~~~~~~~~~~~~~~~~~~~~~~~~~~~~~~~~~~~~~~~~~~~~~~~~~~~~~~~~~~`
dataset: enron method: Adv-CSL, #attack_edge:10000,T:10,test_ratio: 0.3,gamma:0.0
/network/rit/lab/ceashpc/adil/data/adv_csl/Jan2/random_pgd_csl/enron/enron-attackedges-10000-T-10-testratio-0.3-swap_ratio-0.01-gamma-0.0-realization-0-data-X.pkl
#Rule:743244 Nodes:67392 Edges:743244
0 Creating 10 consumers
{0.0: 18109, 1.0: 1740, -1.0: 369}
{0.0: 17926, 1.0: 1839, -1.0: 453}
{0.0: 17753, 1.0: 1927, -1.0: 538}
{0.0: 17396, 1.0: 2109, -1.0: 713}
{0.0: 17568, 1.0: 2016, -1.0: 634}
{0.0: 17229, 1.0: 2201, -1.0: 788}
{0.0: 17064, 1.0: 2292, -1.0: 862}
{0.0: 16898, 1.0: 2373, -1.0: 947}
{0.0: 16742, 1.0: 2452, -1.0: 1024}
{0.0: 16595, 1.0: 2531, -1.0: 1092}
1 Creating 10 consumers
{0.0: 17229, 1.0: 2201, -1.0: 788}
Iter-0: 24.81/6.61 | Iter-1: 30.27/11.93 | Iter-2: 27.44/9.47 | 
{0.0: 17064, 1.0: 2292, -1.0: 862}
Iter-0: 24.93/6.63 | Iter-1: 30.01/11.96 | Iter-2: 27.61/9.5 | 
{0.0: 16742, 1.0: 2452, -1.0: 1024}
Iter-0: 24.97/6.63 | Iter-1: 29.93/11.88 | Iter-2: 27.58/9.48 | 
{0.0: 16898, 1.0: 2373, -1.0: 947}
Iter-0: 25.3/6.62 | Iter-1: 30.3/11.92 | Iter-2: 27.87/9.46 | 
{0.0: 16595, 1.0: 2531, -1.0: 1092}
Iter-0: 25.32/6.83 | Iter-1: 30.01/11.85 | Iter-2: 27.67/9.45 | 
{0.0: 18109, 1.0: 1740, -1.0: 369}
Iter-0: 24.7/6.35 | Iter-1: 30.3/12.25 | Iter-2: 27.76/9.63 | Iter-3: 28.63/10.53 | Iter-4: 28.9/10.43 | 
{0.0: 17753, 1.0: 1927, -1.0: 538}
Iter-0: 25.9/6.48 | Iter-1: 31.07/12.14 | Iter-2: 28.52/9.56 | Iter-3: 29.39/10.41 | Iter-4: 28.85/10.2 | 
{0.0: 17926, 1.0: 1839, -1.0: 453}
Iter-0: 26.27/6.6 | Iter-1: 31.44/12.32 | Iter-2: 28.85/9.67 | Iter-3: 29.71/10.54 | Iter-4: 29.68/10.45 | 
{0.0: 17396, 1.0: 2109, -1.0: 713}
Iter-0: 25.26/6.64 | Iter-1: 30.32/12.05 | Iter-2: 27.85/9.53 | Iter-3: 28.68/10.34 | Iter-4: 28.68/10.16 | 
{0.0: 17568, 1.0: 2016, -1.0: 634}
Iter-0: 27.33/7.25 | Iter-1: 33.19/13.46 | Iter-2: 30.44/10.64 | Iter-3: 31.23/11.53 | Iter-4: 29.71/10.72 | 
prob_mse: 0.119367955947, running time: 220.86398387
1.0 ~~~~~~~~~~~~~~~~~~~~~~~~~~~~~~~~~~~~~~~~~~~~~~~~~~~~~~~~~~~~~~~`
dataset: enron method: Adv-CSL, #attack_edge:10000,T:10,test_ratio: 0.3,gamma:0.01
/network/rit/lab/ceashpc/adil/data/adv_csl/Jan2/random_pgd_csl/enron/enron-attackedges-10000-T-10-testratio-0.3-swap_ratio-0.01-gamma-0.01-realization-0-data-X.pkl
#Rule:743244 Nodes:67392 Edges:743244
0 Creating 10 consumers
{0.0: 18109, 1.0: 1740, -1.0: 369}
{0.0: 17926, 1.0: 1839, -1.0: 453}
{0.0: 17753, 1.0: 1927, -1.0: 538}
{0.0: 17568, 1.0: 2016, -1.0: 634}
{0.0: 17396, 1.0: 2109, -1.0: 713}
{0.0: 17229, 1.0: 2201, -1.0: 788}
{0.0: 16898, 1.0: 2373, -1.0: 947}
{0.0: 17064, 1.0: 2292, -1.0: 862}
{0.0: 16742, 1.0: 2452, -1.0: 1024}
{0.0: 16595, 1.0: 2531, -1.0: 1092}
1 Creating 10 consumers
{0.0: 17926, 1.0: 1839, -1.0: 453}
Iter-0: 53.95/21.34 | Iter-1: 50.18/21.94 | Iter-2: 50.83/21.44 | Iter-3: 43.23/19.33 | Iter-4: 43.94/18.13 | 
{0.0: 18109, 1.0: 1740, -1.0: 369}
Iter-0: 52.32/20.17 | Iter-1: 52.66/23.47 | Iter-2: 53.83/23.7 | Iter-3: 43.38/20.42 | Iter-4: 44.78/18.33 | 
{0.0: 17064, 1.0: 2292, -1.0: 862}
Iter-0: 52.23/21.08 | Iter-1: 47.39/19.73 | Iter-2: 48.26/20.62 | Iter-3: 39.36/16.51 | Iter-4: 42.97/17.98 | 
{0.0: 16898, 1.0: 2373, -1.0: 947}
Iter-0: 52.11/21.45 | Iter-1: 46.27/18.9 | Iter-2: 49.47/21.37 | Iter-3: 40.03/16.8 | Iter-4: 41.64/17.54 | 
{0.0: 17753, 1.0: 1927, -1.0: 538}
Iter-0: 54.14/21.99 | Iter-1: 51.95/21.67 | Iter-2: 53.32/21.98 | Iter-3: 43.97/17.71 | Iter-4: 44.03/17.93 | 
{0.0: 17396, 1.0: 2109, -1.0: 713}
Iter-0: 53.59/20.95 | Iter-1: 51.6/20.97 | Iter-2: 51.08/22.01 | Iter-3: 42.37/19.16 | Iter-4: 43.76/17.81 | 
{0.0: 17568, 1.0: 2016, -1.0: 634}
Iter-0: 53.84/22.11 | Iter-1: 51.59/21.43 | Iter-2: 52.86/21.86 | Iter-3: 42.52/19.32 | Iter-4: 45.25/18.63 | 
{0.0: 17229, 1.0: 2201, -1.0: 788}
Iter-0: 54.64/20.61 | Iter-1: 51.31/20.73 | Iter-2: 50.97/21.29 | Iter-3: 41.45/17.66 | Iter-4: 44.14/18.28 | 
{0.0: 16742, 1.0: 2452, -1.0: 1024}
Iter-0: 51.9/21.44 | Iter-1: 50.41/19.67 | Iter-2: 49.45/20.19 | Iter-3: 40.18/15.54 | Iter-4: 42.65/17.77 | 
{0.0: 16595, 1.0: 2531, -1.0: 1092}
Iter-0: 50.11/19.96 | Iter-1: 51.49/20.5 | Iter-2: 48.96/20.18 | Iter-3: 42.9/16.07 | Iter-4: 40.36/16.87 | 
prob_mse: 0.148958568272, running time: 347.679671049
2.0 ~~~~~~~~~~~~~~~~~~~~~~~~~~~~~~~~~~~~~~~~~~~~~~~~~~~~~~~~~~~~~~~`
dataset: enron method: Adv-CSL, #attack_edge:10000,T:10,test_ratio: 0.3,gamma:0.03
/network/rit/lab/ceashpc/adil/data/adv_csl/Jan2/random_pgd_csl/enron/enron-attackedges-10000-T-10-testratio-0.3-swap_ratio-0.01-gamma-0.03-realization-0-data-X.pkl
#Rule:743244 Nodes:67392 Edges:743244
0 Creating 10 consumers
{0.0: 17926, 1.0: 1839, -1.0: 453}
{0.0: 17753, 1.0: 1927, -1.0: 538}
{0.0: 18109, 1.0: 1740, -1.0: 369}
{0.0: 17568, 1.0: 2016, -1.0: 634}
{0.0: 17396, 1.0: 2109, -1.0: 713}
{0.0: 17229, 1.0: 2201, -1.0: 788}
{0.0: 16898, 1.0: 2373, -1.0: 947}
{0.0: 17064, 1.0: 2292, -1.0: 862}
{0.0: 16742, 1.0: 2452, -1.0: 1024}
{0.0: 16595, 1.0: 2531, -1.0: 1092}
1 Creating 10 consumers
{0.0: 17926, 1.0: 1839, -1.0: 453}
Iter-0: 31.36/12.38 | Iter-1: 36.95/15.97 | Iter-2: 34.24/14.65 | Iter-3: 32.7/13.52 | Iter-4: 32.95/13.9 | 
{0.0: 17396, 1.0: 2109, -1.0: 713}
Iter-0: 32.09/12.19 | Iter-1: 36.83/15.93 | Iter-2: 33.39/13.95 | Iter-3: 32.72/13.23 | Iter-4: 32.21/13.28 | 
{0.0: 17753, 1.0: 1927, -1.0: 538}
Iter-0: 33.09/12.39 | Iter-1: 37.28/15.58 | Iter-2: 35.03/14.32 | Iter-3: 33.29/13.45 | Iter-4: 32.71/13.56 | 
{0.0: 18109, 1.0: 1740, -1.0: 369}
Iter-0: 32.74/12.22 | Iter-1: 37.12/15.31 | Iter-2: 37.02/14.53 | Iter-3: 36.86/14.95 | Iter-4: 34.16/13.55 | 
{0.0: 17064, 1.0: 2292, -1.0: 862}
Iter-0: 32.99/12.16 | Iter-1: 36.36/15.95 | Iter-2: 33.0/13.63 | Iter-3: 32.91/13.19 | Iter-4: 31.84/13.02 | 
{0.0: 17568, 1.0: 2016, -1.0: 634}
Iter-0: 31.87/12.19 | Iter-1: 37.6/15.62 | Iter-2: 34.98/13.94 | Iter-3: 34.71/13.34 | Iter-4: 34.04/13.23 | 
{0.0: 16898, 1.0: 2373, -1.0: 947}
Iter-0: 32.97/12.09 | Iter-1: 36.09/15.61 | Iter-2: 33.09/13.6 | Iter-3: 33.31/13.11 | Iter-4: 33.54/12.95 | 
{0.0: 17229, 1.0: 2201, -1.0: 788}
Iter-0: 33.87/12.19 | Iter-1: 37.02/14.84 | Iter-2: 34.33/13.56 | Iter-3: 34.49/13.26 | Iter-4: 33.34/13.0 | 
{0.0: 16595, 1.0: 2531, -1.0: 1092}
Iter-0: 32.54/11.94 | Iter-1: 34.45/14.47 | Iter-2: 32.58/13.11 | Iter-3: 33.52/12.93 | Iter-4: 32.9/12.72 | 
{0.0: 16742, 1.0: 2452, -1.0: 1024}
Iter-0: 33.23/12.0 | Iter-1: 35.65/15.4 | Iter-2: 32.43/13.23 | Iter-3: 34.58/12.91 | Iter-4: 33.41/12.8 | 
prob_mse: 0.148501025489, running time: 272.120346069
3.0 ~~~~~~~~~~~~~~~~~~~~~~~~~~~~~~~~~~~~~~~~~~~~~~~~~~~~~~~~~~~~~~~`
dataset: enron method: Adv-CSL, #attack_edge:10000,T:10,test_ratio: 0.3,gamma:0.05
/network/rit/lab/ceashpc/adil/data/adv_csl/Jan2/random_pgd_csl/enron/enron-attackedges-10000-T-10-testratio-0.3-swap_ratio-0.01-gamma-0.05-realization-0-data-X.pkl
#Rule:743244 Nodes:67392 Edges:743244
0 Creating 10 consumers
{0.0: 17926, 1.0: 1839, -1.0: 453}
{0.0: 18109, 1.0: 1740, -1.0: 369}
{0.0: 17753, 1.0: 1927, -1.0: 538}
{0.0: 17568, 1.0: 2016, -1.0: 634}
{0.0: 17396, 1.0: 2109, -1.0: 713}
{0.0: 17229, 1.0: 2201, -1.0: 788}
{0.0: 17064, 1.0: 2292, -1.0: 862}
{0.0: 16898, 1.0: 2373, -1.0: 947}
{0.0: 16742, 1.0: 2452, -1.0: 1024}
{0.0: 16595, 1.0: 2531, -1.0: 1092}
1 Creating 10 consumers
{0.0: 18109, 1.0: 1740, -1.0: 369}
Iter-0: 32.01/12.39 | Iter-1: 33.02/14.23 | Iter-2: 32.96/13.78 | Iter-3: 32.24/13.6 | Iter-4: 32.07/13.59 | 
{0.0: 17396, 1.0: 2109, -1.0: 713}
Iter-0: 31.18/12.3 | Iter-1: 32.64/13.79 | Iter-2: 32.64/13.42 | Iter-3: 31.96/13.25 | Iter-4: 31.76/13.09 | 
{0.0: 17568, 1.0: 2016, -1.0: 634}
Iter-0: 31.08/12.38 | Iter-1: 32.79/13.97 | Iter-2: 33.34/13.59 | Iter-3: 32.02/13.4 | Iter-4: 33.2/13.23 | 
{0.0: 17753, 1.0: 1927, -1.0: 538}
Iter-0: 31.65/12.43 | Iter-1: 33.16/14.45 | Iter-2: 32.76/13.7 | Iter-3: 33.49/13.49 | Iter-4: 33.19/13.27 | 
{0.0: 17229, 1.0: 2201, -1.0: 788}
Iter-0: 31.56/12.29 | Iter-1: 34.24/14.06 | Iter-2: 35.02/13.69 | Iter-3: 33.78/13.49 | Iter-4: 33.04/13.29 | 
{0.0: 16742, 1.0: 2452, -1.0: 1024}
Iter-0: 30.95/12.12 | Iter-1: 32.27/13.46 | Iter-2: 33.83/13.11 | Iter-3: 33.04/12.93 | Iter-4: 32.1/12.81 | 
{0.0: 16898, 1.0: 2373, -1.0: 947}
Iter-0: 32.13/12.08 | Iter-1: 33.7/13.68 | Iter-2: 33.99/13.26 | Iter-3: 32.75/12.98 | Iter-4: 32.33/12.81 | 
{0.0: 17064, 1.0: 2292, -1.0: 862}
Iter-0: 32.6/12.17 | Iter-1: 33.94/13.82 | Iter-2: 35.95/13.44 | Iter-3: 33.41/13.16 | Iter-4: 32.3/13.0 | 
{0.0: 17926, 1.0: 1839, -1.0: 453}
Iter-0: 31.05/12.45 | Iter-1: 36.84/15.06 | Iter-2: 38.2/15.51 | Iter-3: 36.89/15.07 | Iter-4: 36.29/15.07 | 
{0.0: 16595, 1.0: 2531, -1.0: 1092}
Iter-0: 32.68/12.65 | Iter-1: 33.5/13.47 | Iter-2: 34.11/13.08 | Iter-3: 32.95/12.91 | Iter-4: 32.02/12.73 | 
prob_mse: 0.148064111188, running time: 264.851752043
4.0 ~~~~~~~~~~~~~~~~~~~~~~~~~~~~~~~~~~~~~~~~~~~~~~~~~~~~~~~~~~~~~~~`
dataset: enron method: Adv-CSL, #attack_edge:10000,T:10,test_ratio: 0.3,gamma:0.07
/network/rit/lab/ceashpc/adil/data/adv_csl/Jan2/random_pgd_csl/enron/enron-attackedges-10000-T-10-testratio-0.3-swap_ratio-0.01-gamma-0.07-realization-0-data-X.pkl
#Rule:743244 Nodes:67392 Edges:743244
0 Creating 10 consumers
{0.0: 17926, 1.0: 1839, -1.0: 453}
{0.0: 18109, 1.0: 1740, -1.0: 369}
{0.0: 17753, 1.0: 1927, -1.0: 538}
{0.0: 17568, 1.0: 2016, -1.0: 634}
{0.0: 17396, 1.0: 2109, -1.0: 713}
{0.0: 17229, 1.0: 2201, -1.0: 788}
{0.0: 17064, 1.0: 2292, -1.0: 862}
{0.0: 16898, 1.0: 2373, -1.0: 947}
{0.0: 16742, 1.0: 2452, -1.0: 1024}
{0.0: 16595, 1.0: 2531, -1.0: 1092}
1 Creating 10 consumers
{0.0: 17926, 1.0: 1839, -1.0: 453}
Iter-0: 32.26/12.41 | Iter-1: 33.63/14.23 | Iter-2: 32.6/13.89 | Iter-3: 32.47/13.6 | Iter-4: 32.42/13.65 | 
{0.0: 18109, 1.0: 1740, -1.0: 369}
Iter-0: 31.97/12.19 | Iter-1: 34.63/14.13 | Iter-2: 33.3/13.7 | Iter-3: 33.13/13.56 | Iter-4: 33.24/13.61 | 
{0.0: 17568, 1.0: 2016, -1.0: 634}
Iter-0: 30.75/12.26 | Iter-1: 33.1/13.92 | Iter-2: 32.58/13.51 | Iter-3: 33.53/13.44 | Iter-4: 32.48/13.26 | 
{0.0: 17753, 1.0: 1927, -1.0: 538}
Iter-0: 32.11/12.38 | Iter-1: 33.99/14.04 | Iter-2: 32.89/13.63 | Iter-3: 32.71/13.49 | Iter-4: 32.25/13.34 | 
{0.0: 17396, 1.0: 2109, -1.0: 713}
Iter-0: 31.87/12.16 | Iter-1: 34.47/13.78 | Iter-2: 32.18/13.38 | Iter-3: 33.05/13.24 | Iter-4: 32.04/13.08 | 
{0.0: 17229, 1.0: 2201, -1.0: 788}
Iter-0: 30.88/12.1 | Iter-1: 33.91/13.78 | Iter-2: 33.41/13.42 | Iter-3: 33.2/13.26 | Iter-4: 31.8/13.1 | 
{0.0: 16742, 1.0: 2452, -1.0: 1024}
Iter-0: 30.55/11.99 | Iter-1: 32.46/13.5 | Iter-2: 31.95/13.1 | Iter-3: 31.54/12.93 | Iter-4: 31.54/12.76 | 
{0.0: 17064, 1.0: 2292, -1.0: 862}
Iter-0: 30.85/12.07 | Iter-1: 32.98/13.68 | Iter-2: 33.18/13.25 | Iter-3: 32.98/13.17 | Iter-4: 32.62/12.99 | 
{0.0: 16898, 1.0: 2373, -1.0: 947}
Iter-0: 31.28/11.97 | Iter-1: 33.66/13.53 | Iter-2: 32.66/13.13 | Iter-3: 33.36/12.99 | Iter-4: 31.96/12.99 | 
{0.0: 16595, 1.0: 2531, -1.0: 1092}
Iter-0: 30.86/11.9 | Iter-1: 33.05/13.42 | Iter-2: 32.15/12.98 | Iter-3: 31.8/12.8 | Iter-4: 31.53/12.67 | 
prob_mse: 0.147454073928, running time: 259.179538965
