

--------------------------------------------------
--------------------------------------------------

-------------------Tue, 22 Jan 2019 10:08:20 AM EST---------------------

0 ~~~~~~~~~~~~~~~~~~~~~~~~~~~~~~~~~~~~~~~~~~~~~~~~~~~~~~~~~~~~~~~`
dataset: facebook method: Adv-CSL, #attack_edge:10000,T:10,test_ratio: 0.3,gamma:0.0
/network/rit/lab/ceashpc/adil/data/adv_csl/Jan2/random_pgd_csl/facebook/facebook-attackedges-10000-T-10-testratio-0.3-swap_ratio-0.01-gamma-0.0-realization-5-data-X.pkl
#Rule:372936 Nodes:8078 Edges:372936
0 Creating 10 consumers
{0.0: 2267, 1.0: 83, -1.0: 74}
{0.0: 2249, 1.0: 90, -1.0: 85}
{0.0: 2200, 1.0: 119, -1.0: 105}
{0.0: 2229, 1.0: 100, -1.0: 95}
{0.0: 2185, 1.0: 127, -1.0: 112}
{0.0: 2161, 1.0: 138, -1.0: 125}
{0.0: 2124, 1.0: 157, -1.0: 143}
{0.0: 2139, 1.0: 149, -1.0: 136}
{0.0: 2101, 1.0: 168, -1.0: 155}
{0.0: 2084, 1.0: 173, -1.0: 167}
1 Creating 10 consumers
{0.0: 2139, 1.0: 149, -1.0: 136}
{0.0: 2229, 1.0: 100, -1.0: 95}
Iter-0: 9.99/3.66 | Iter-1: 12.0/5.67 | Iter-2: 10.87/4.38 | 
{0.0: 2249, 1.0: 90, -1.0: 85}
Iter-0: 10.24/3.62 | Iter-1: 12.29/5.67 | Iter-2: 11.15/4.34 | 
{0.0: 2200, 1.0: 119, -1.0: 105}
Iter-0: 10.17/3.64 | Iter-1: 12.13/5.63 | Iter-2: 11.06/4.34 | 
{0.0: 2124, 1.0: 157, -1.0: 143}
Iter-0: 9.94/3.55 | Iter-1: 11.9/5.54 | Iter-2: 10.84/4.31 | 
{0.0: 2185, 1.0: 127, -1.0: 112}
Iter-0: 10.47/3.71 | Iter-1: 12.34/5.58 | Iter-2: 11.31/4.32 | 
{0.0: 2161, 1.0: 138, -1.0: 125}
Iter-0: 10.13/3.57 | Iter-1: 12.37/5.61 | Iter-2: 11.38/4.35 | 
{0.0: 2084, 1.0: 173, -1.0: 167}
Iter-0: 10.11/3.54 | Iter-1: 12.25/5.49 | Iter-2: 11.31/4.3 | 
{0.0: 2101, 1.0: 168, -1.0: 155}
Iter-0: 10.53/3.83 | Iter-1: 12.71/6.03 | Iter-2: 11.57/4.69 | 
{0.0: 2267, 1.0: 83, -1.0: 74}
Iter-0: 9.9/3.57 | Iter-1: 11.96/5.66 | Iter-2: 10.82/4.34 | Iter-3: 11.33/4.98 | Iter-4: 11.68/5.14 | 
prob_mse: 0.089022909791, running time: 77.7764639854
1.0 ~~~~~~~~~~~~~~~~~~~~~~~~~~~~~~~~~~~~~~~~~~~~~~~~~~~~~~~~~~~~~~~`
dataset: facebook method: Adv-CSL, #attack_edge:10000,T:10,test_ratio: 0.3,gamma:0.01
/network/rit/lab/ceashpc/adil/data/adv_csl/Jan2/random_pgd_csl/facebook/facebook-attackedges-10000-T-10-testratio-0.3-swap_ratio-0.01-gamma-0.01-realization-5-data-X.pkl
#Rule:372936 Nodes:8078 Edges:372936
0 Creating 10 consumers
{0.0: 2267, 1.0: 83, -1.0: 74}
{0.0: 2249, 1.0: 90, -1.0: 85}
{0.0: 2229, 1.0: 100, -1.0: 95}
{0.0: 2200, 1.0: 119, -1.0: 105}
{0.0: 2161, 1.0: 138, -1.0: 125}
{0.0: 2185, 1.0: 127, -1.0: 112}
{0.0: 2139, 1.0: 149, -1.0: 136}
{0.0: 2124, 1.0: 157, -1.0: 143}
{0.0: 2101, 1.0: 168, -1.0: 155}
{0.0: 2084, 1.0: 173, -1.0: 167}
1 Creating 10 consumers
{0.0: 2139, 1.0: 149, -1.0: 136}
{0.0: 2267, 1.0: 83, -1.0: 74}
Iter-0: 12.94/6.41 | Iter-1: 13.33/6.95 | Iter-2: 12.6/6.27 | Iter-3: 12.45/5.98 | Iter-4: 12.65/6.19 | 
{0.0: 2249, 1.0: 90, -1.0: 85}
Iter-0: 12.86/6.3 | Iter-1: 13.34/6.93 | Iter-2: 12.63/6.27 | Iter-3: 12.34/5.96 | Iter-4: 12.73/5.72 | 
{0.0: 2200, 1.0: 119, -1.0: 105}
Iter-0: 12.83/6.24 | Iter-1: 13.29/6.86 | Iter-2: 12.62/6.26 | Iter-3: 12.37/5.97 | Iter-4: 12.51/5.9 | 
{0.0: 2185, 1.0: 127, -1.0: 112}
Iter-0: 12.81/6.23 | Iter-1: 13.23/6.8 | Iter-2: 13.19/6.32 | Iter-3: 12.47/6.04 | Iter-4: 12.16/5.75 | 
{0.0: 2161, 1.0: 138, -1.0: 125}
Iter-0: 12.85/6.21 | Iter-1: 13.18/6.69 | Iter-2: 12.74/6.24 | Iter-3: 12.58/6.07 | Iter-4: 12.19/5.69 | 
{0.0: 2124, 1.0: 157, -1.0: 143}
Iter-0: 12.71/6.09 | Iter-1: 13.14/6.63 | Iter-2: 12.63/6.18 | Iter-3: 12.4/5.89 | Iter-4: 12.2/5.65 | 
{0.0: 2101, 1.0: 168, -1.0: 155}
Iter-0: 12.71/6.1 | Iter-1: 13.05/6.63 | Iter-2: 12.59/6.22 | Iter-3: 12.62/5.89 | Iter-4: 12.66/5.69 | 
{0.0: 2229, 1.0: 100, -1.0: 95}
Iter-0: 13.79/7.02 | Iter-1: 14.24/7.58 | Iter-2: 13.59/7.06 | Iter-3: 13.01/6.1 | Iter-4: 12.37/5.88 | 
{0.0: 2084, 1.0: 173, -1.0: 167}
Iter-0: 12.98/6.06 | Iter-1: 13.31/6.57 | Iter-2: 12.9/6.22 | Iter-3: 12.58/5.86 | Iter-4: 12.22/5.61 | 
prob_mse: 0.286463806381, running time: 96.0882358551
2.0 ~~~~~~~~~~~~~~~~~~~~~~~~~~~~~~~~~~~~~~~~~~~~~~~~~~~~~~~~~~~~~~~`
dataset: facebook method: Adv-CSL, #attack_edge:10000,T:10,test_ratio: 0.3,gamma:0.03
/network/rit/lab/ceashpc/adil/data/adv_csl/Jan2/random_pgd_csl/facebook/facebook-attackedges-10000-T-10-testratio-0.3-swap_ratio-0.01-gamma-0.03-realization-5-data-X.pkl
#Rule:372936 Nodes:8078 Edges:372936
0 Creating 10 consumers
{0.0: 2267, 1.0: 83, -1.0: 74}
{0.0: 2249, 1.0: 90, -1.0: 85}
{0.0: 2229, 1.0: 100, -1.0: 95}
{0.0: 2185, 1.0: 127, -1.0: 112}
{0.0: 2200, 1.0: 119, -1.0: 105}
{0.0: 2161, 1.0: 138, -1.0: 125}
{0.0: 2139, 1.0: 149, -1.0: 136}
{0.0: 2124, 1.0: 157, -1.0: 143}
{0.0: 2101, 1.0: 168, -1.0: 155}
{0.0: 2084, 1.0: 173, -1.0: 167}
1 Creating 10 consumers
{0.0: 2139, 1.0: 149, -1.0: 136}
{0.0: 2249, 1.0: 90, -1.0: 85}
Iter-0: 12.68/6.34 | Iter-1: 13.74/7.25 | Iter-2: 13.02/6.61 | Iter-3: 12.55/6.22 | Iter-4: 12.33/5.95 | 
{0.0: 2200, 1.0: 119, -1.0: 105}
Iter-0: 12.64/6.27 | Iter-1: 13.72/7.18 | Iter-2: 12.98/6.61 | Iter-3: 12.62/6.26 | Iter-4: 12.43/6.03 | 
{0.0: 2185, 1.0: 127, -1.0: 112}
Iter-0: 12.5/6.22 | Iter-1: 13.5/7.04 | Iter-2: 12.9/6.59 | Iter-3: 12.6/6.28 | Iter-4: 12.43/6.06 | 
{0.0: 2267, 1.0: 83, -1.0: 74}
Iter-0: 13.0/6.4 | Iter-1: 14.14/7.31 | Iter-2: 13.3/6.67 | Iter-3: 12.9/6.29 | Iter-4: 12.72/5.99 | 
{0.0: 2101, 1.0: 168, -1.0: 155}
Iter-0: 12.37/6.04 | Iter-1: 13.33/6.82 | Iter-2: 12.8/6.45 | Iter-3: 12.48/6.13 | Iter-4: 12.83/5.97 | 
{0.0: 2229, 1.0: 100, -1.0: 95}
Iter-0: 13.08/6.38 | Iter-1: 14.2/7.18 | Iter-2: 13.54/6.73 | Iter-3: 13.12/6.42 | Iter-4: 13.01/6.19 | 
{0.0: 2124, 1.0: 157, -1.0: 143}
Iter-0: 12.48/6.11 | Iter-1: 13.47/6.92 | Iter-2: 12.9/6.52 | Iter-3: 13.1/6.2 | Iter-4: 12.93/6.02 | 
{0.0: 2161, 1.0: 138, -1.0: 125}
Iter-0: 13.05/6.32 | Iter-1: 14.03/7.06 | Iter-2: 13.47/6.66 | Iter-3: 13.1/6.34 | Iter-4: 13.36/6.66 | 
{0.0: 2084, 1.0: 173, -1.0: 167}
Iter-0: 12.68/6.09 | Iter-1: 13.77/6.87 | Iter-2: 13.2/6.53 | Iter-3: 12.93/6.18 | Iter-4: 12.7/6.0 | 
prob_mse: 0.284779262926, running time: 97.6891300678
3.0 ~~~~~~~~~~~~~~~~~~~~~~~~~~~~~~~~~~~~~~~~~~~~~~~~~~~~~~~~~~~~~~~`
dataset: facebook method: Adv-CSL, #attack_edge:10000,T:10,test_ratio: 0.3,gamma:0.05
/network/rit/lab/ceashpc/adil/data/adv_csl/Jan2/random_pgd_csl/facebook/facebook-attackedges-10000-T-10-testratio-0.3-swap_ratio-0.01-gamma-0.05-realization-5-data-X.pkl
#Rule:372936 Nodes:8078 Edges:372936
0 Creating 10 consumers
{0.0: 2267, 1.0: 83, -1.0: 74}
{0.0: 2249, 1.0: 90, -1.0: 85}
{0.0: 2229, 1.0: 100, -1.0: 95}
{0.0: 2185, 1.0: 127, -1.0: 112}
{0.0: 2200, 1.0: 119, -1.0: 105}
{0.0: 2161, 1.0: 138, -1.0: 125}
{0.0: 2139, 1.0: 149, -1.0: 136}
{0.0: 2124, 1.0: 157, -1.0: 143}
{0.0: 2101, 1.0: 168, -1.0: 155}
{0.0: 2084, 1.0: 173, -1.0: 167}
1 Creating 10 consumers
{0.0: 2139, 1.0: 149, -1.0: 136}
{0.0: 2267, 1.0: 83, -1.0: 74}
Iter-0: 12.75/6.42 | Iter-1: 13.65/7.31 | Iter-2: 13.12/6.76 | Iter-3: 12.83/6.47 | Iter-4: 12.68/6.15 | 
{0.0: 2200, 1.0: 119, -1.0: 105}
Iter-0: 12.59/6.22 | Iter-1: 13.5/7.12 | Iter-2: 13.01/6.63 | Iter-3: 12.72/6.36 | Iter-4: 13.14/6.17 | 
{0.0: 2161, 1.0: 138, -1.0: 125}
Iter-0: 12.56/6.26 | Iter-1: 13.37/7.03 | Iter-2: 13.05/6.71 | Iter-3: 12.82/6.48 | Iter-4: 12.65/6.22 | 
{0.0: 2124, 1.0: 157, -1.0: 143}
Iter-0: 12.38/6.1 | Iter-1: 13.23/6.93 | Iter-2: 12.9/6.59 | Iter-3: 12.67/6.36 | Iter-4: 12.48/6.08 | 
{0.0: 2185, 1.0: 127, -1.0: 112}
Iter-0: 12.53/6.21 | Iter-1: 13.4/7.08 | Iter-2: 13.01/6.67 | Iter-3: 13.28/6.47 | Iter-4: 13.22/6.25 | 
{0.0: 2229, 1.0: 100, -1.0: 95}
Iter-0: 13.0/6.45 | Iter-1: 13.8/7.19 | Iter-2: 13.4/6.79 | Iter-3: 13.13/6.58 | Iter-4: 13.03/6.3 | 
{0.0: 2249, 1.0: 90, -1.0: 85}
Iter-0: 12.99/6.37 | Iter-1: 14.12/7.35 | Iter-2: 13.59/6.8 | Iter-3: 13.28/6.46 | Iter-4: 13.12/6.17 | 
{0.0: 2101, 1.0: 168, -1.0: 155}
Iter-0: 12.4/6.08 | Iter-1: 13.23/6.89 | Iter-2: 12.94/6.59 | Iter-3: 12.68/6.35 | Iter-4: 12.55/6.11 | 
{0.0: 2084, 1.0: 173, -1.0: 167}
Iter-0: 12.68/6.11 | Iter-1: 13.44/6.86 | Iter-2: 13.18/6.58 | Iter-3: 12.88/6.33 | Iter-4: 12.76/6.1 | 
prob_mse: 0.283025962596, running time: 96.7530250549
4.0 ~~~~~~~~~~~~~~~~~~~~~~~~~~~~~~~~~~~~~~~~~~~~~~~~~~~~~~~~~~~~~~~`
dataset: facebook method: Adv-CSL, #attack_edge:10000,T:10,test_ratio: 0.3,gamma:0.07
/network/rit/lab/ceashpc/adil/data/adv_csl/Jan2/random_pgd_csl/facebook/facebook-attackedges-10000-T-10-testratio-0.3-swap_ratio-0.01-gamma-0.07-realization-5-data-X.pkl
#Rule:372936 Nodes:8078 Edges:372936
0 Creating 10 consumers
{0.0: 2267, 1.0: 83, -1.0: 74}
{0.0: 2249, 1.0: 90, -1.0: 85}
{0.0: 2200, 1.0: 119, -1.0: 105}
{0.0: 2229, 1.0: 100, -1.0: 95}
{0.0: 2185, 1.0: 127, -1.0: 112}
{0.0: 2139, 1.0: 149, -1.0: 136}
{0.0: 2124, 1.0: 157, -1.0: 143}
{0.0: 2161, 1.0: 138, -1.0: 125}
{0.0: 2101, 1.0: 168, -1.0: 155}
{0.0: 2084, 1.0: 173, -1.0: 167}
1 Creating 10 consumers
{0.0: 2139, 1.0: 149, -1.0: 136}
{0.0: 2249, 1.0: 90, -1.0: 85}
Iter-0: 12.63/6.28 | Iter-1: 13.55/7.24 | Iter-2: 13.19/6.71 | Iter-3: 12.77/6.46 | Iter-4: 12.59/6.16 | 
{0.0: 2185, 1.0: 127, -1.0: 112}
Iter-0: 12.55/6.22 | Iter-1: 13.39/7.08 | Iter-2: 13.18/6.69 | Iter-3: 12.97/6.61 | Iter-4: 12.76/6.26 | 
{0.0: 2200, 1.0: 119, -1.0: 105}
Iter-0: 12.59/6.25 | Iter-1: 13.56/7.22 | Iter-2: 13.23/6.72 | Iter-3: 13.1/6.54 | Iter-4: 12.99/6.26 | 
{0.0: 2267, 1.0: 83, -1.0: 74}
Iter-0: 13.21/6.46 | Iter-1: 14.1/7.35 | Iter-2: 13.77/6.82 | Iter-3: 13.28/6.56 | Iter-4: 13.13/6.42 | 
{0.0: 2229, 1.0: 100, -1.0: 95}
Iter-0: 12.75/6.35 | Iter-1: 13.68/7.23 | Iter-2: 13.45/6.82 | Iter-3: 13.21/6.76 | Iter-4: 13.65/6.55 | 
{0.0: 2101, 1.0: 168, -1.0: 155}
Iter-0: 12.44/6.09 | Iter-1: 13.21/6.91 | Iter-2: 13.08/6.58 | Iter-3: 13.12/6.48 | Iter-4: 13.07/6.19 | 
{0.0: 2161, 1.0: 138, -1.0: 125}
Iter-0: 12.61/6.23 | Iter-1: 13.82/7.04 | Iter-2: 13.77/6.73 | Iter-3: 13.4/6.63 | Iter-4: 13.17/6.29 | 
{0.0: 2084, 1.0: 173, -1.0: 167}
Iter-0: 12.57/6.08 | Iter-1: 13.36/6.89 | Iter-2: 13.29/6.6 | Iter-3: 13.03/6.49 | Iter-4: 12.75/6.17 | 
{0.0: 2124, 1.0: 157, -1.0: 143}
Iter-0: 12.84/6.11 | Iter-1: 13.71/6.96 | Iter-2: 13.62/6.61 | Iter-3: 13.2/6.51 | Iter-4: 13.25/6.4 | 
prob_mse: 0.280997552255, running time: 97.5481419563
5.0 ~~~~~~~~~~~~~~~~~~~~~~~~~~~~~~~~~~~~~~~~~~~~~~~~~~~~~~~~~~~~~~~`
dataset: facebook method: Adv-CSL, #attack_edge:10000,T:10,test_ratio: 0.3,gamma:0.09
/network/rit/lab/ceashpc/adil/data/adv_csl/Jan2/random_pgd_csl/facebook/facebook-attackedges-10000-T-10-testratio-0.3-swap_ratio-0.01-gamma-0.09-realization-5-data-X.pkl
#Rule:372936 Nodes:8078 Edges:372936
0 Creating 10 consumers
{0.0: 2267, 1.0: 83, -1.0: 74}
{0.0: 2229, 1.0: 100, -1.0: 95}
{0.0: 2249, 1.0: 90, -1.0: 85}
{0.0: 2200, 1.0: 119, -1.0: 105}
{0.0: 2185, 1.0: 127, -1.0: 112}
{0.0: 2124, 1.0: 157, -1.0: 143}
{0.0: 2161, 1.0: 138, -1.0: 125}
{0.0: 2101, 1.0: 168, -1.0: 155}
{0.0: 2139, 1.0: 149, -1.0: 136}
{0.0: 2084, 1.0: 173, -1.0: 167}
1 Creating 10 consumers
{0.0: 2139, 1.0: 149, -1.0: 136}
{0.0: 2267, 1.0: 83, -1.0: 74}
Iter-0: 13.07/6.41 | Iter-1: 13.82/7.31 | Iter-2: 13.48/6.77 | Iter-3: 13.1/6.59 | Iter-4: 12.94/6.22 | 
{0.0: 2200, 1.0: 119, -1.0: 105}
Iter-0: 12.83/6.41 | Iter-1: 13.6/7.18 | Iter-2: 13.27/6.67 | Iter-3: 13.34/6.76 | Iter-4: 12.74/6.22 | 
{0.0: 2185, 1.0: 127, -1.0: 112}
Iter-0: 12.6/6.24 | Iter-1: 13.49/7.12 | Iter-2: 13.27/6.69 | Iter-3: 13.13/6.75 | Iter-4: 12.81/6.29 | 
{0.0: 2249, 1.0: 90, -1.0: 85}
Iter-0: 12.57/6.28 | Iter-1: 14.19/7.29 | Iter-2: 13.9/6.77 | Iter-3: 13.53/6.6 | Iter-4: 13.25/6.24 | 
{0.0: 2124, 1.0: 157, -1.0: 143}
Iter-0: 12.44/6.08 | Iter-1: 13.27/6.93 | Iter-2: 13.09/6.55 | Iter-3: 12.92/6.56 | Iter-4: 13.17/6.15 | 
{0.0: 2161, 1.0: 138, -1.0: 125}
Iter-0: 12.76/6.25 | Iter-1: 13.53/7.03 | Iter-2: 13.43/6.69 | Iter-3: 13.22/6.7 | Iter-4: 12.94/6.27 | 
{0.0: 2101, 1.0: 168, -1.0: 155}
Iter-0: 12.42/6.07 | Iter-1: 13.24/6.9 | Iter-2: 13.07/6.53 | Iter-3: 12.92/6.57 | Iter-4: 13.15/6.18 | 
{0.0: 2229, 1.0: 100, -1.0: 95}
Iter-0: 13.31/6.46 | Iter-1: 14.1/7.27 | Iter-2: 13.89/6.85 | Iter-3: 13.74/6.88 | Iter-4: 13.4/6.43 | 
{0.0: 2084, 1.0: 173, -1.0: 167}
Iter-0: 12.62/6.1 | Iter-1: 13.4/6.9 | Iter-2: 13.28/6.59 | Iter-3: 13.11/6.6 | Iter-4: 12.85/6.2 | 
prob_mse: 0.280206930693, running time: 96.6289072037
6.0 ~~~~~~~~~~~~~~~~~~~~~~~~~~~~~~~~~~~~~~~~~~~~~~~~~~~~~~~~~~~~~~~`
dataset: facebook method: Adv-CSL, #attack_edge:10000,T:10,test_ratio: 0.3,gamma:0.2
/network/rit/lab/ceashpc/adil/data/adv_csl/Jan2/random_pgd_csl/facebook/facebook-attackedges-10000-T-10-testratio-0.3-swap_ratio-0.01-gamma-0.2-realization-5-data-X.pkl
#Rule:372936 Nodes:8078 Edges:372936
0 Creating 10 consumers
{0.0: 2267, 1.0: 83, -1.0: 74}
{0.0: 2229, 1.0: 100, -1.0: 95}
{0.0: 2249, 1.0: 90, -1.0: 85}
{0.0: 2200, 1.0: 119, -1.0: 105}
{0.0: 2161, 1.0: 138, -1.0: 125}
{0.0: 2185, 1.0: 127, -1.0: 112}
{0.0: 2139, 1.0: 149, -1.0: 136}
{0.0: 2124, 1.0: 157, -1.0: 143}
{0.0: 2101, 1.0: 168, -1.0: 155}
{0.0: 2084, 1.0: 173, -1.0: 167}
1 Creating 10 consumers
{0.0: 2139, 1.0: 149, -1.0: 136}
{0.0: 2249, 1.0: 90, -1.0: 85}
Iter-0: 12.98/6.32 | Iter-1: 13.48/7.01 | Iter-2: 13.41/6.93 | Iter-3: 13.26/6.76 | Iter-4: 13.09/6.31 | 
{0.0: 2185, 1.0: 127, -1.0: 112}
Iter-0: 12.75/6.22 | Iter-1: 13.24/6.89 | Iter-2: 13.1/6.74 | Iter-3: 13.04/6.67 | Iter-4: 12.67/6.19 | 
{0.0: 2200, 1.0: 119, -1.0: 105}
Iter-0: 12.8/6.27 | Iter-1: 13.32/6.94 | Iter-2: 13.19/6.82 | Iter-3: 13.12/6.74 | Iter-4: 13.17/6.31 | 
{0.0: 2161, 1.0: 138, -1.0: 125}
Iter-0: 12.8/6.25 | Iter-1: 13.29/6.92 | Iter-2: 13.1/6.73 | Iter-3: 13.04/6.67 | Iter-4: 12.72/6.22 | 
{0.0: 2229, 1.0: 100, -1.0: 95}
Iter-0: 13.35/6.35 | Iter-1: 13.84/7.05 | Iter-2: 13.52/6.89 | Iter-3: 13.37/6.79 | Iter-4: 12.96/6.33 | 
{0.0: 2124, 1.0: 157, -1.0: 143}
Iter-0: 12.7/6.14 | Iter-1: 13.05/6.74 | Iter-2: 12.95/6.62 | Iter-3: 12.95/6.58 | Iter-4: 13.07/6.14 | 
{0.0: 2101, 1.0: 168, -1.0: 155}
Iter-0: 12.65/6.12 | Iter-1: 13.06/6.72 | Iter-2: 12.95/6.6 | Iter-3: 12.94/6.58 | Iter-4: 12.62/6.12 | 
{0.0: 2267, 1.0: 83, -1.0: 74}
Iter-0: 13.09/6.36 | Iter-1: 14.34/7.79 | Iter-2: 14.24/7.67 | Iter-3: 14.12/7.51 | Iter-4: 13.15/6.36 | 
{0.0: 2084, 1.0: 173, -1.0: 167}
Iter-0: 12.8/6.11 | Iter-1: 13.22/6.76 | Iter-2: 13.07/6.62 | Iter-3: 13.11/6.6 | Iter-4: 13.05/6.16 | 
prob_mse: 0.272024614961, running time: 96.4831500053
7.0 ~~~~~~~~~~~~~~~~~~~~~~~~~~~~~~~~~~~~~~~~~~~~~~~~~~~~~~~~~~~~~~~`
dataset: facebook method: Adv-CSL, #attack_edge:10000,T:10,test_ratio: 0.3,gamma:0.3
/network/rit/lab/ceashpc/adil/data/adv_csl/Jan2/random_pgd_csl/facebook/facebook-attackedges-10000-T-10-testratio-0.3-swap_ratio-0.01-gamma-0.3-realization-5-data-X.pkl
#Rule:372936 Nodes:8078 Edges:372936
0 Creating 10 consumers
{0.0: 2267, 1.0: 83, -1.0: 74}
{0.0: 2249, 1.0: 90, -1.0: 85}
{0.0: 2200, 1.0: 119, -1.0: 105}
{0.0: 2229, 1.0: 100, -1.0: 95}
{0.0: 2185, 1.0: 127, -1.0: 112}
{0.0: 2139, 1.0: 149, -1.0: 136}
{0.0: 2161, 1.0: 138, -1.0: 125}
{0.0: 2124, 1.0: 157, -1.0: 143}
{0.0: 2101, 1.0: 168, -1.0: 155}
{0.0: 2084, 1.0: 173, -1.0: 167}
1 Creating 10 consumers
{0.0: 2139, 1.0: 149, -1.0: 136}
{0.0: 2267, 1.0: 83, -1.0: 74}
Iter-0: 12.82/6.33 | Iter-1: 13.03/6.73 | Iter-2: 13.26/6.96 | Iter-3: 12.71/6.41 | Iter-4: 12.75/6.4 | 
{0.0: 2229, 1.0: 100, -1.0: 95}
Iter-0: 12.95/6.39 | Iter-1: 13.29/6.84 | Iter-2: 13.33/6.91 | Iter-3: 12.86/6.44 | Iter-4: 12.93/6.47 | 
{0.0: 2124, 1.0: 157, -1.0: 143}
Iter-0: 12.59/6.08 | Iter-1: 12.73/6.38 | Iter-2: 12.94/6.56 | Iter-3: 12.5/6.14 | Iter-4: 12.66/6.18 | 
{0.0: 2161, 1.0: 138, -1.0: 125}
Iter-0: 12.78/6.24 | Iter-1: 13.08/6.68 | Iter-2: 13.1/6.69 | Iter-3: 12.69/6.3 | Iter-4: 12.76/6.33 | 
{0.0: 2200, 1.0: 119, -1.0: 105}
Iter-0: 12.81/6.25 | Iter-1: 13.45/6.61 | Iter-2: 13.72/6.87 | Iter-3: 13.24/6.35 | Iter-4: 12.88/6.35 | 
{0.0: 2084, 1.0: 173, -1.0: 167}
Iter-0: 12.58/6.05 | Iter-1: 12.77/6.4 | Iter-2: 12.89/6.53 | Iter-3: 12.56/6.17 | Iter-4: 12.86/6.2 | 
{0.0: 2185, 1.0: 127, -1.0: 112}
Iter-0: 13.16/6.24 | Iter-1: 13.35/6.63 | Iter-2: 13.47/6.77 | Iter-3: 13.05/6.31 | Iter-4: 13.23/6.32 | 
{0.0: 2249, 1.0: 90, -1.0: 85}
Iter-0: 13.71/6.98 | Iter-1: 13.94/7.37 | Iter-2: 14.2/7.66 | Iter-3: 13.57/7.03 | Iter-4: 13.65/7.02 | 
{0.0: 2101, 1.0: 168, -1.0: 155}
Iter-0: 13.03/6.08 | Iter-1: 13.1/6.4 | Iter-2: 13.24/6.55 | Iter-3: 12.88/6.17 | Iter-4: 13.09/6.2 | 
prob_mse: 0.260301320132, running time: 97.5417649746
8.0 ~~~~~~~~~~~~~~~~~~~~~~~~~~~~~~~~~~~~~~~~~~~~~~~~~~~~~~~~~~~~~~~`
dataset: facebook method: Adv-CSL, #attack_edge:10000,T:10,test_ratio: 0.3,gamma:0.4
/network/rit/lab/ceashpc/adil/data/adv_csl/Jan2/random_pgd_csl/facebook/facebook-attackedges-10000-T-10-testratio-0.3-swap_ratio-0.01-gamma-0.4-realization-5-data-X.pkl
#Rule:372936 Nodes:8078 Edges:372936
0 Creating 10 consumers
{0.0: 2267, 1.0: 83, -1.0: 74}
{0.0: 2249, 1.0: 90, -1.0: 85}
{0.0: 2229, 1.0: 100, -1.0: 95}
{0.0: 2200, 1.0: 119, -1.0: 105}
{0.0: 2185, 1.0: 127, -1.0: 112}
{0.0: 2161, 1.0: 138, -1.0: 125}
{0.0: 2124, 1.0: 157, -1.0: 143}
{0.0: 2139, 1.0: 149, -1.0: 136}
{0.0: 2101, 1.0: 168, -1.0: 155}
{0.0: 2084, 1.0: 173, -1.0: 167}
1 Creating 10 consumers
{0.0: 2139, 1.0: 149, -1.0: 136}
{0.0: 2249, 1.0: 90, -1.0: 85}
Iter-0: 12.62/6.32 | Iter-1: 12.95/6.62 | Iter-2: 13.2/6.69 | Iter-3: 12.65/6.33 | Iter-4: 12.81/6.36 | 
{0.0: 2267, 1.0: 83, -1.0: 74}
Iter-0: 12.74/6.4 | Iter-1: 13.08/6.72 | Iter-2: 13.34/6.77 | Iter-3: 12.76/6.39 | Iter-4: 13.24/6.43 | 
{0.0: 2185, 1.0: 127, -1.0: 112}
Iter-0: 12.53/6.21 | Iter-1: 12.88/6.54 | Iter-2: 13.0/6.47 | Iter-3: 12.6/6.24 | Iter-4: 12.59/6.26 | 
{0.0: 2229, 1.0: 100, -1.0: 95}
Iter-0: 12.77/6.4 | Iter-1: 13.17/6.79 | Iter-2: 13.18/6.62 | Iter-3: 13.34/6.48 | Iter-4: 13.29/6.48 | 
{0.0: 2124, 1.0: 157, -1.0: 143}
Iter-0: 12.45/6.09 | Iter-1: 12.73/6.36 | Iter-2: 12.89/6.33 | Iter-3: 12.51/6.13 | Iter-4: 12.62/6.16 | 
{0.0: 2200, 1.0: 119, -1.0: 105}
Iter-0: 12.84/6.26 | Iter-1: 13.11/6.55 | Iter-2: 13.4/6.59 | Iter-3: 12.89/6.29 | Iter-4: 12.95/6.31 | 
{0.0: 2161, 1.0: 138, -1.0: 125}
Iter-0: 12.84/6.22 | Iter-1: 13.24/6.61 | Iter-2: 13.24/6.37 | Iter-3: 12.89/6.24 | Iter-4: 13.03/6.28 | 
{0.0: 2101, 1.0: 168, -1.0: 155}
Iter-0: 12.45/6.11 | Iter-1: 12.76/6.39 | Iter-2: 12.88/6.33 | Iter-3: 12.69/6.17 | Iter-4: 13.11/6.24 | 
{0.0: 2084, 1.0: 173, -1.0: 167}
Iter-0: 12.47/6.05 | Iter-1: 12.83/6.38 | Iter-2: 12.92/6.29 | Iter-3: 12.58/6.13 | Iter-4: 12.83/6.19 | 
prob_mse: 0.256863476348, running time: 96.2059841156
9.0 ~~~~~~~~~~~~~~~~~~~~~~~~~~~~~~~~~~~~~~~~~~~~~~~~~~~~~~~~~~~~~~~`
dataset: facebook method: Adv-CSL, #attack_edge:10000,T:10,test_ratio: 0.3,gamma:0.5
/network/rit/lab/ceashpc/adil/data/adv_csl/Jan2/random_pgd_csl/facebook/facebook-attackedges-10000-T-10-testratio-0.3-swap_ratio-0.01-gamma-0.5-realization-5-data-X.pkl
#Rule:372936 Nodes:8078 Edges:372936
0 Creating 10 consumers
{0.0: 1209, -1.0: 1215}
{0.0: 1207, -1.0: 1217}
{0.0: 1206, -1.0: 1218}
{0.0: 1204, -1.0: 1220}
{0.0: 1202, -1.0: 1222}
{0.0: 1202, -1.0: 1222}
{0.0: 1203, -1.0: 1221}
{0.0: 1205, -1.0: 1219}
{0.0: 1208, -1.0: 1216}
{0.0: 1201, -1.0: 1223}
1 Creating 10 consumers
{0.0: 1209, -1.0: 1215}
{0.0: 1207, -1.0: 1217}
{0.0: 1206, -1.0: 1218}
{0.0: 1204, -1.0: 1220}
{0.0: 1202, -1.0: 1222}
{0.0: 1202, -1.0: 1222}
{0.0: 1203, -1.0: 1221}
{0.0: 1205, -1.0: 1219}
{0.0: 1208, -1.0: 1216}
{0.0: 1201, -1.0: 1223}
prob_mse: 0.419167629263, running time: 44.9405660629
10.0 ~~~~~~~~~~~~~~~~~~~~~~~~~~~~~~~~~~~~~~~~~~~~~~~~~~~~~~~~~~~~~~~`
dataset: facebook method: Adv-CSL, #attack_edge:10000,T:10,test_ratio: 0.3,gamma:0.0
/network/rit/lab/ceashpc/adil/data/adv_csl/Jan2/random_pgd_csl/facebook/facebook-attackedges-10000-T-10-testratio-0.3-swap_ratio-0.01-gamma-0.0-realization-6-data-X.pkl
#Rule:372936 Nodes:8078 Edges:372936
0 Creating 10 consumers
{0.0: 2253, 1.0: 103, -1.0: 68}
{0.0: 2229, 1.0: 116, -1.0: 79}
{0.0: 2204, 1.0: 131, -1.0: 89}
{0.0: 2198, 1.0: 132, -1.0: 94}
{0.0: 2159, 1.0: 149, -1.0: 116}
{0.0: 2182, 1.0: 141, -1.0: 101}
{0.0: 2143, 1.0: 154, -1.0: 127}
{0.0: 2098, 1.0: 168, -1.0: 158}
{0.0: 2118, 1.0: 162, -1.0: 144}
{0.0: 2075, 1.0: 184, -1.0: 165}
1 Creating 10 consumers
{0.0: 2159, 1.0: 149, -1.0: 116}
{0.0: 2198, 1.0: 132, -1.0: 94}
Iter-0: 10.35/3.55 | 
{0.0: 2182, 1.0: 141, -1.0: 101}
Iter-0: 10.12/3.55 | 
{0.0: 2229, 1.0: 116, -1.0: 79}
Iter-0: 10.09/3.55 | Iter-1: 12.01/5.6 | 
{0.0: 2253, 1.0: 103, -1.0: 68}
Iter-0: 10.13/3.56 | Iter-1: 12.44/5.66 | 
{0.0: 2204, 1.0: 131, -1.0: 89}
Iter-0: 10.07/3.55 | Iter-1: 12.06/5.59 | 
{0.0: 2118, 1.0: 162, -1.0: 144}
Iter-0: 10.08/3.53 | Iter-1: 11.84/5.49 | 
{0.0: 2143, 1.0: 154, -1.0: 127}
Iter-0: 10.4/3.53 | Iter-1: 12.64/5.54 | 
{0.0: 2098, 1.0: 168, -1.0: 158}
Iter-0: 10.14/3.53 | Iter-1: 12.27/5.45 | 
{0.0: 2075, 1.0: 184, -1.0: 165}
Iter-0: 10.24/3.54 | Iter-1: 12.04/5.48 | 
prob_mse: 0.0883355885589, running time: 61.984292984
11.0 ~~~~~~~~~~~~~~~~~~~~~~~~~~~~~~~~~~~~~~~~~~~~~~~~~~~~~~~~~~~~~~~`
dataset: facebook method: Adv-CSL, #attack_edge:10000,T:10,test_ratio: 0.3,gamma:0.01
/network/rit/lab/ceashpc/adil/data/adv_csl/Jan2/random_pgd_csl/facebook/facebook-attackedges-10000-T-10-testratio-0.3-swap_ratio-0.01-gamma-0.01-realization-6-data-X.pkl
#Rule:372936 Nodes:8078 Edges:372936
0 Creating 10 consumers
{0.0: 2229, 1.0: 116, -1.0: 79}
{0.0: 2253, 1.0: 103, -1.0: 68}
{0.0: 2204, 1.0: 131, -1.0: 89}
{0.0: 2182, 1.0: 141, -1.0: 101}
{0.0: 2198, 1.0: 132, -1.0: 94}
{0.0: 2159, 1.0: 149, -1.0: 116}
{0.0: 2143, 1.0: 154, -1.0: 127}
{0.0: 2118, 1.0: 162, -1.0: 144}
{0.0: 2098, 1.0: 168, -1.0: 158}
{0.0: 2075, 1.0: 184, -1.0: 165}
1 Creating 10 consumers
{0.0: 2159, 1.0: 149, -1.0: 116}
{0.0: 2229, 1.0: 116, -1.0: 79}
Iter-0: 12.61/6.33 | Iter-1: 13.22/6.94 | Iter-2: 12.78/6.32 | Iter-3: 12.54/6.08 | Iter-4: 12.24/5.85 | 
{0.0: 2253, 1.0: 103, -1.0: 68}
Iter-0: 12.97/6.42 | Iter-1: 13.65/7.06 | Iter-2: 13.26/6.45 | Iter-3: 12.86/6.16 | Iter-4: 12.62/5.92 | 
{0.0: 2198, 1.0: 132, -1.0: 94}
Iter-0: 12.59/6.23 | Iter-1: 13.21/6.84 | Iter-2: 12.86/6.3 | Iter-3: 12.79/6.03 | Iter-4: 12.62/5.84 | 
{0.0: 2204, 1.0: 131, -1.0: 89}
Iter-0: 12.96/6.26 | Iter-1: 13.57/6.86 | Iter-2: 13.21/6.28 | Iter-3: 12.88/6.0 | Iter-4: 12.24/5.8 | 
{0.0: 2182, 1.0: 141, -1.0: 101}
Iter-0: 12.48/6.17 | Iter-1: 13.12/6.83 | Iter-2: 12.73/6.24 | Iter-3: 12.64/5.99 | Iter-4: 13.36/6.38 | 
{0.0: 2098, 1.0: 168, -1.0: 158}
Iter-0: 12.41/6.08 | Iter-1: 12.97/6.62 | Iter-2: 12.71/6.18 | Iter-3: 12.44/5.92 | Iter-4: 12.05/5.6 | 
{0.0: 2118, 1.0: 162, -1.0: 144}
Iter-0: 12.4/6.1 | Iter-1: 12.96/6.65 | Iter-2: 12.71/6.21 | Iter-3: 12.54/5.93 | Iter-4: 12.49/5.64 | 
{0.0: 2143, 1.0: 154, -1.0: 127}
Iter-0: 12.72/6.15 | Iter-1: 13.2/6.71 | Iter-2: 12.94/6.22 | Iter-3: 12.65/5.98 | Iter-4: 12.33/5.72 | 
{0.0: 2075, 1.0: 184, -1.0: 165}
Iter-0: 12.56/6.06 | Iter-1: 13.02/6.47 | Iter-2: 12.97/6.19 | Iter-3: 12.56/5.83 | Iter-4: 12.15/5.53 | 
prob_mse: 0.286051925193, running time: 94.6683139801
12.0 ~~~~~~~~~~~~~~~~~~~~~~~~~~~~~~~~~~~~~~~~~~~~~~~~~~~~~~~~~~~~~~~`
dataset: facebook method: Adv-CSL, #attack_edge:10000,T:10,test_ratio: 0.3,gamma:0.03
/network/rit/lab/ceashpc/adil/data/adv_csl/Jan2/random_pgd_csl/facebook/facebook-attackedges-10000-T-10-testratio-0.3-swap_ratio-0.01-gamma-0.03-realization-6-data-X.pkl
#Rule:372936 Nodes:8078 Edges:372936
0 Creating 10 consumers
{0.0: 2253, 1.0: 103, -1.0: 68}
{0.0: 2229, 1.0: 116, -1.0: 79}
{0.0: 2204, 1.0: 131, -1.0: 89}
{0.0: 2198, 1.0: 132, -1.0: 94}
{0.0: 2182, 1.0: 141, -1.0: 101}
{0.0: 2159, 1.0: 149, -1.0: 116}
{0.0: 2143, 1.0: 154, -1.0: 127}
{0.0: 2118, 1.0: 162, -1.0: 144}
{0.0: 2098, 1.0: 168, -1.0: 158}
{0.0: 2075, 1.0: 184, -1.0: 165}
1 Creating 10 consumers
{0.0: 2159, 1.0: 149, -1.0: 116}
{0.0: 2204, 1.0: 131, -1.0: 89}
Iter-0: 12.53/6.24 | Iter-1: 13.5/7.15 | Iter-2: 13.09/6.6 | Iter-3: 12.74/6.28 | Iter-4: 12.34/6.04 | 
{0.0: 2253, 1.0: 103, -1.0: 68}
Iter-0: 12.66/6.41 | Iter-1: 13.68/7.39 | Iter-2: 13.87/6.82 | Iter-3: 13.41/6.5 | Iter-4: 13.03/6.27 | 
{0.0: 2118, 1.0: 162, -1.0: 144}
Iter-0: 12.32/6.07 | Iter-1: 13.24/6.88 | Iter-2: 13.0/6.51 | Iter-3: 12.65/6.22 | Iter-4: 12.44/5.99 | 
{0.0: 2198, 1.0: 132, -1.0: 94}
Iter-0: 12.56/6.23 | Iter-1: 13.84/7.08 | Iter-2: 13.69/6.61 | Iter-3: 13.21/6.3 | Iter-4: 12.87/6.07 | 
{0.0: 2143, 1.0: 154, -1.0: 127}
Iter-0: 12.39/6.09 | Iter-1: 13.49/6.93 | Iter-2: 13.63/6.54 | Iter-3: 12.84/6.36 | Iter-4: 12.34/6.0 | 
{0.0: 2229, 1.0: 116, -1.0: 79}
Iter-0: 14.1/6.3 | Iter-1: 14.05/7.2 | Iter-2: 13.72/6.67 | Iter-3: 13.22/6.34 | Iter-4: 12.89/6.1 | 
{0.0: 2182, 1.0: 141, -1.0: 101}
Iter-0: 12.51/6.19 | Iter-1: 13.95/7.06 | Iter-2: 13.76/6.59 | Iter-3: 13.28/6.29 | Iter-4: 12.95/6.05 | 
{0.0: 2075, 1.0: 184, -1.0: 165}
Iter-0: 12.49/6.06 | Iter-1: 13.5/6.71 | Iter-2: 13.4/6.52 | Iter-3: 12.72/6.09 | Iter-4: 12.54/5.93 | 
{0.0: 2098, 1.0: 168, -1.0: 158}
Iter-0: 13.09/6.17 | Iter-1: 14.69/7.59 | Iter-2: 14.37/7.17 | Iter-3: 13.77/6.81 | Iter-4: 13.56/6.58 | 
prob_mse: 0.285123707371, running time: 100.339812994
13.0 ~~~~~~~~~~~~~~~~~~~~~~~~~~~~~~~~~~~~~~~~~~~~~~~~~~~~~~~~~~~~~~~`
dataset: facebook method: Adv-CSL, #attack_edge:10000,T:10,test_ratio: 0.3,gamma:0.05
/network/rit/lab/ceashpc/adil/data/adv_csl/Jan2/random_pgd_csl/facebook/facebook-attackedges-10000-T-10-testratio-0.3-swap_ratio-0.01-gamma-0.05-realization-6-data-X.pkl
#Rule:372936 Nodes:8078 Edges:372936
0 Creating 10 consumers
{0.0: 2253, 1.0: 103, -1.0: 68}
{0.0: 2204, 1.0: 131, -1.0: 89}
{0.0: 2229, 1.0: 116, -1.0: 79}
{0.0: 2198, 1.0: 132, -1.0: 94}
{0.0: 2182, 1.0: 141, -1.0: 101}
{0.0: 2159, 1.0: 149, -1.0: 116}
{0.0: 2143, 1.0: 154, -1.0: 127}
{0.0: 2118, 1.0: 162, -1.0: 144}
{0.0: 2098, 1.0: 168, -1.0: 158}
{0.0: 2075, 1.0: 184, -1.0: 165}
1 Creating 10 consumers
{0.0: 2159, 1.0: 149, -1.0: 116}
{0.0: 2229, 1.0: 116, -1.0: 79}
Iter-0: 12.63/6.29 | Iter-1: 13.73/7.26 | Iter-2: 13.32/6.78 | Iter-3: 12.82/6.52 | Iter-4: 12.54/6.26 | 
{0.0: 2182, 1.0: 141, -1.0: 101}
Iter-0: 12.5/6.17 | Iter-1: 13.52/7.08 | Iter-2: 13.19/6.63 | Iter-3: 12.96/6.42 | Iter-4: 12.95/6.19 | 
{0.0: 2253, 1.0: 103, -1.0: 68}
Iter-0: 13.28/6.46 | Iter-1: 14.39/7.46 | Iter-2: 14.06/6.97 | Iter-3: 13.18/6.71 | Iter-4: 12.95/6.44 | 
{0.0: 2204, 1.0: 131, -1.0: 89}
Iter-0: 13.13/6.28 | Iter-1: 13.8/7.27 | Iter-2: 13.43/6.76 | Iter-3: 13.42/6.54 | Iter-4: 13.09/6.27 | 
{0.0: 2198, 1.0: 132, -1.0: 94}
Iter-0: 12.88/6.24 | Iter-1: 13.8/7.16 | Iter-2: 13.64/6.71 | Iter-3: 13.1/6.49 | Iter-4: 12.82/6.22 | 
{0.0: 2143, 1.0: 154, -1.0: 127}
Iter-0: 12.64/6.12 | Iter-1: 13.4/6.99 | Iter-2: 13.33/6.6 | Iter-3: 12.84/6.38 | Iter-4: 12.57/6.13 | 
{0.0: 2118, 1.0: 162, -1.0: 144}
Iter-0: 12.48/6.1 | Iter-1: 13.37/6.99 | Iter-2: 13.28/6.62 | Iter-3: 13.18/6.38 | Iter-4: 13.01/6.16 | 
{0.0: 2098, 1.0: 168, -1.0: 158}
Iter-0: 12.39/6.08 | Iter-1: 13.29/6.92 | Iter-2: 13.82/6.6 | Iter-3: 13.3/6.37 | Iter-4: 12.76/6.12 | 
{0.0: 2075, 1.0: 184, -1.0: 165}
Iter-0: 12.56/6.05 | Iter-1: 14.24/7.48 | Iter-2: 14.35/7.26 | Iter-3: 13.48/6.85 | Iter-4: 12.65/6.05 | 
prob_mse: 0.282992244224, running time: 99.7156701088
14.0 ~~~~~~~~~~~~~~~~~~~~~~~~~~~~~~~~~~~~~~~~~~~~~~~~~~~~~~~~~~~~~~~`
dataset: facebook method: Adv-CSL, #attack_edge:10000,T:10,test_ratio: 0.3,gamma:0.07
/network/rit/lab/ceashpc/adil/data/adv_csl/Jan2/random_pgd_csl/facebook/facebook-attackedges-10000-T-10-testratio-0.3-swap_ratio-0.01-gamma-0.07-realization-6-data-X.pkl
#Rule:372936 Nodes:8078 Edges:372936
0 Creating 10 consumers
{0.0: 2253, 1.0: 103, -1.0: 68}
{0.0: 2229, 1.0: 116, -1.0: 79}
{0.0: 2198, 1.0: 132, -1.0: 94}
{0.0: 2204, 1.0: 131, -1.0: 89}
{0.0: 2159, 1.0: 149, -1.0: 116}
{0.0: 2182, 1.0: 141, -1.0: 101}
{0.0: 2143, 1.0: 154, -1.0: 127}
{0.0: 2118, 1.0: 162, -1.0: 144}
{0.0: 2098, 1.0: 168, -1.0: 158}
{0.0: 2075, 1.0: 184, -1.0: 165}
1 Creating 10 consumers
{0.0: 2159, 1.0: 149, -1.0: 116}
{0.0: 2198, 1.0: 132, -1.0: 94}
Iter-0: 12.54/6.24 | Iter-1: 13.62/7.19 | Iter-2: 13.32/6.73 | Iter-3: 12.99/6.64 | Iter-4: 13.01/6.25 | 
{0.0: 2229, 1.0: 116, -1.0: 79}
Iter-0: 12.95/6.33 | Iter-1: 13.99/7.31 | Iter-2: 13.61/6.79 | Iter-3: 13.19/6.66 | Iter-4: 12.82/6.31 | 
{0.0: 2253, 1.0: 103, -1.0: 68}
Iter-0: 13.12/6.43 | Iter-1: 14.31/7.52 | Iter-2: 13.84/7.02 | Iter-3: 13.26/6.86 | Iter-4: 12.9/6.51 | 
{0.0: 2182, 1.0: 141, -1.0: 101}
Iter-0: 12.65/6.3 | Iter-1: 13.64/7.26 | Iter-2: 13.43/6.8 | Iter-3: 13.13/6.73 | Iter-4: 12.72/6.32 | 
{0.0: 2204, 1.0: 131, -1.0: 89}
Iter-0: 12.58/6.28 | Iter-1: 14.23/7.3 | Iter-2: 13.62/6.78 | Iter-3: 13.5/6.67 | Iter-4: 13.15/6.32 | 
{0.0: 2118, 1.0: 162, -1.0: 144}
Iter-0: 12.34/6.09 | Iter-1: 13.8/7.03 | Iter-2: 13.62/6.65 | Iter-3: 12.85/6.52 | Iter-4: 12.48/6.17 | 
{0.0: 2075, 1.0: 184, -1.0: 165}
Iter-0: 12.47/6.05 | Iter-1: 13.22/6.74 | Iter-2: 13.42/6.59 | Iter-3: 12.84/6.35 | Iter-4: 12.58/6.1 | 
{0.0: 2098, 1.0: 168, -1.0: 158}
Iter-0: 12.41/6.11 | Iter-1: 13.32/6.97 | Iter-2: 13.83/6.64 | Iter-3: 13.38/6.58 | Iter-4: 13.02/6.23 | 
{0.0: 2143, 1.0: 154, -1.0: 127}
Iter-0: 12.38/6.1 | Iter-1: 14.35/7.37 | Iter-2: 14.75/7.33 | Iter-3: 14.24/7.25 | Iter-4: 13.78/6.86 | 
prob_mse: 0.281066969197, running time: 99.7084679604
15.0 ~~~~~~~~~~~~~~~~~~~~~~~~~~~~~~~~~~~~~~~~~~~~~~~~~~~~~~~~~~~~~~~`
dataset: facebook method: Adv-CSL, #attack_edge:10000,T:10,test_ratio: 0.3,gamma:0.09
/network/rit/lab/ceashpc/adil/data/adv_csl/Jan2/random_pgd_csl/facebook/facebook-attackedges-10000-T-10-testratio-0.3-swap_ratio-0.01-gamma-0.09-realization-6-data-X.pkl
#Rule:372936 Nodes:8078 Edges:372936
0 Creating 10 consumers
{0.0: 2253, 1.0: 103, -1.0: 68}
{0.0: 2229, 1.0: 116, -1.0: 79}
{0.0: 2204, 1.0: 131, -1.0: 89}
{0.0: 2198, 1.0: 132, -1.0: 94}
{0.0: 2182, 1.0: 141, -1.0: 101}
{0.0: 2143, 1.0: 154, -1.0: 127}
{0.0: 2159, 1.0: 149, -1.0: 116}
{0.0: 2118, 1.0: 162, -1.0: 144}
{0.0: 2098, 1.0: 168, -1.0: 158}
{0.0: 2075, 1.0: 184, -1.0: 165}
1 Creating 10 consumers
{0.0: 2159, 1.0: 149, -1.0: 116}
{0.0: 2229, 1.0: 116, -1.0: 79}
Iter-0: 12.83/6.29 | Iter-1: 14.16/7.3 | Iter-2: 13.5/6.82 | Iter-3: 13.68/6.83 | Iter-4: 13.2/6.38 | 
{0.0: 2253, 1.0: 103, -1.0: 68}
Iter-0: 13.38/6.53 | Iter-1: 14.17/7.52 | Iter-2: 13.64/6.93 | Iter-3: 13.66/6.97 | Iter-4: 13.16/6.48 | 
{0.0: 2118, 1.0: 162, -1.0: 144}
Iter-0: 12.62/6.07 | Iter-1: 13.32/6.94 | Iter-2: 13.14/6.57 | Iter-3: 12.98/6.59 | Iter-4: 12.56/6.16 | 
{0.0: 2198, 1.0: 132, -1.0: 94}
Iter-0: 12.81/6.25 | Iter-1: 14.17/7.27 | Iter-2: 13.62/6.81 | Iter-3: 13.7/6.78 | Iter-4: 13.24/6.32 | 
{0.0: 2143, 1.0: 154, -1.0: 127}
Iter-0: 13.19/6.1 | Iter-1: 13.91/7.04 | Iter-2: 13.22/6.61 | Iter-3: 13.04/6.61 | Iter-4: 12.6/6.18 | 
{0.0: 2182, 1.0: 141, -1.0: 101}
Iter-0: 12.76/6.19 | Iter-1: 14.98/7.91 | Iter-2: 14.32/7.38 | Iter-3: 13.12/6.68 | Iter-4: 12.67/6.22 | 
{0.0: 2204, 1.0: 131, -1.0: 89}
Iter-0: 13.52/6.37 | Iter-1: 14.19/7.31 | Iter-2: 13.86/6.82 | Iter-3: 13.7/6.78 | Iter-4: 13.27/6.35 | 
{0.0: 2098, 1.0: 168, -1.0: 158}
Iter-0: 12.7/6.08 | Iter-1: 13.89/6.93 | Iter-2: 13.43/6.71 | Iter-3: 13.01/6.59 | Iter-4: 12.58/6.16 | 
{0.0: 2075, 1.0: 184, -1.0: 165}
Iter-0: 12.87/6.06 | Iter-1: 13.3/6.73 | Iter-2: 13.49/6.61 | Iter-3: 13.16/6.44 | Iter-4: 12.87/6.12 | 
prob_mse: 0.280585671067, running time: 97.8920881748
16.0 ~~~~~~~~~~~~~~~~~~~~~~~~~~~~~~~~~~~~~~~~~~~~~~~~~~~~~~~~~~~~~~~`
dataset: facebook method: Adv-CSL, #attack_edge:10000,T:10,test_ratio: 0.3,gamma:0.2
/network/rit/lab/ceashpc/adil/data/adv_csl/Jan2/random_pgd_csl/facebook/facebook-attackedges-10000-T-10-testratio-0.3-swap_ratio-0.01-gamma-0.2-realization-6-data-X.pkl
#Rule:372936 Nodes:8078 Edges:372936
0 Creating 10 consumers
{0.0: 2253, 1.0: 103, -1.0: 68}
{0.0: 2229, 1.0: 116, -1.0: 79}
{0.0: 2204, 1.0: 131, -1.0: 89}
{0.0: 2198, 1.0: 132, -1.0: 94}
{0.0: 2182, 1.0: 141, -1.0: 101}
{0.0: 2159, 1.0: 149, -1.0: 116}
{0.0: 2143, 1.0: 154, -1.0: 127}
{0.0: 2118, 1.0: 162, -1.0: 144}
{0.0: 2098, 1.0: 168, -1.0: 158}
{0.0: 2075, 1.0: 184, -1.0: 165}
1 Creating 10 consumers
{0.0: 2159, 1.0: 149, -1.0: 116}
{0.0: 2204, 1.0: 131, -1.0: 89}
Iter-0: 12.63/6.25 | Iter-1: 13.65/6.96 | Iter-2: 13.4/6.82 | Iter-3: 13.21/6.75 | Iter-4: 13.19/6.27 | 
{0.0: 2253, 1.0: 103, -1.0: 68}
Iter-0: 13.35/6.47 | Iter-1: 14.55/7.26 | Iter-2: 13.73/7.17 | Iter-3: 13.47/7.02 | Iter-4: 12.97/6.53 | 
{0.0: 2118, 1.0: 162, -1.0: 144}
Iter-0: 12.46/6.09 | Iter-1: 13.35/6.73 | Iter-2: 13.2/6.62 | Iter-3: 13.05/6.6 | Iter-4: 12.54/6.11 | 
{0.0: 2198, 1.0: 132, -1.0: 94}
Iter-0: 12.68/6.25 | Iter-1: 13.58/6.93 | Iter-2: 13.56/6.84 | Iter-3: 13.82/6.79 | Iter-4: 13.29/6.3 | 
{0.0: 2182, 1.0: 141, -1.0: 101}
Iter-0: 12.86/6.23 | Iter-1: 13.91/6.96 | Iter-2: 13.77/6.79 | Iter-3: 13.51/6.74 | Iter-4: 13.03/6.27 | 
{0.0: 2229, 1.0: 116, -1.0: 79}
Iter-0: 13.75/6.97 | Iter-1: 14.33/7.31 | Iter-2: 13.74/6.91 | Iter-3: 13.72/6.93 | Iter-4: 13.11/6.33 | 
{0.0: 2143, 1.0: 154, -1.0: 127}
Iter-0: 13.11/6.17 | Iter-1: 14.0/6.8 | Iter-2: 13.84/6.69 | Iter-3: 13.58/6.63 | Iter-4: 12.91/6.14 | 
{0.0: 2098, 1.0: 168, -1.0: 158}
Iter-0: 12.42/6.05 | Iter-1: 13.89/6.69 | Iter-2: 13.68/6.59 | Iter-3: 13.54/6.58 | Iter-4: 13.06/6.1 | 
{0.0: 2075, 1.0: 184, -1.0: 165}
Iter-0: 12.67/6.07 | Iter-1: 13.46/6.67 | Iter-2: 13.52/6.49 | Iter-3: 13.96/7.19 | Iter-4: 13.51/6.72 | 
prob_mse: 0.271578437844, running time: 99.1656031609
17.0 ~~~~~~~~~~~~~~~~~~~~~~~~~~~~~~~~~~~~~~~~~~~~~~~~~~~~~~~~~~~~~~~`
dataset: facebook method: Adv-CSL, #attack_edge:10000,T:10,test_ratio: 0.3,gamma:0.3
/network/rit/lab/ceashpc/adil/data/adv_csl/Jan2/random_pgd_csl/facebook/facebook-attackedges-10000-T-10-testratio-0.3-swap_ratio-0.01-gamma-0.3-realization-6-data-X.pkl
#Rule:372936 Nodes:8078 Edges:372936
0 Creating 10 consumers
{0.0: 2253, 1.0: 103, -1.0: 68}
{0.0: 2229, 1.0: 116, -1.0: 79}
{0.0: 2204, 1.0: 131, -1.0: 89}
{0.0: 2198, 1.0: 132, -1.0: 94}
{0.0: 2182, 1.0: 141, -1.0: 101}
{0.0: 2143, 1.0: 154, -1.0: 127}
{0.0: 2159, 1.0: 149, -1.0: 116}
{0.0: 2118, 1.0: 162, -1.0: 144}
{0.0: 2098, 1.0: 168, -1.0: 158}
{0.0: 2075, 1.0: 184, -1.0: 165}
1 Creating 10 consumers
{0.0: 2159, 1.0: 149, -1.0: 116}
{0.0: 2253, 1.0: 103, -1.0: 68}
Iter-0: 13.28/6.43 | Iter-1: 13.89/6.85 | Iter-2: 13.57/7.1 | Iter-3: 12.84/6.53 | Iter-4: 12.85/6.55 | 
{0.0: 2204, 1.0: 131, -1.0: 89}
Iter-0: 12.9/6.29 | Iter-1: 13.63/6.58 | Iter-2: 13.81/6.83 | Iter-3: 13.2/6.34 | Iter-4: 13.21/6.35 | 
{0.0: 2098, 1.0: 168, -1.0: 158}
Iter-0: 12.45/6.04 | Iter-1: 13.16/6.35 | Iter-2: 13.03/6.52 | Iter-3: 12.49/6.13 | Iter-4: 12.52/6.15 | 
{0.0: 2143, 1.0: 154, -1.0: 127}
Iter-0: 12.72/6.13 | Iter-1: 13.61/6.47 | Iter-2: 13.32/6.64 | Iter-3: 12.56/6.21 | Iter-4: 12.58/6.21 | 
{0.0: 2198, 1.0: 132, -1.0: 94}
Iter-0: 13.01/6.23 | Iter-1: 13.65/6.56 | Iter-2: 13.8/6.8 | Iter-3: 13.2/6.33 | Iter-4: 13.21/6.34 | 
{0.0: 2229, 1.0: 116, -1.0: 79}
Iter-0: 13.21/6.41 | Iter-1: 14.12/7.33 | Iter-2: 14.63/7.54 | Iter-3: 13.32/6.52 | Iter-4: 13.14/6.4 | 
{0.0: 2118, 1.0: 162, -1.0: 144}
Iter-0: 12.69/6.1 | Iter-1: 13.24/6.4 | Iter-2: 13.27/6.56 | Iter-3: 12.78/6.18 | Iter-4: 12.81/6.2 | 
{0.0: 2182, 1.0: 141, -1.0: 101}
Iter-0: 12.59/6.18 | Iter-1: 13.7/6.58 | Iter-2: 13.75/6.72 | Iter-3: 13.18/6.29 | Iter-4: 13.18/6.29 | 
{0.0: 2075, 1.0: 184, -1.0: 165}
Iter-0: 12.67/6.05 | Iter-1: 13.23/6.4 | Iter-2: 13.11/6.44 | Iter-3: 12.67/6.1 | Iter-4: 12.74/6.15 | 
prob_mse: 0.26109260176, running time: 95.5905609131
18.0 ~~~~~~~~~~~~~~~~~~~~~~~~~~~~~~~~~~~~~~~~~~~~~~~~~~~~~~~~~~~~~~~`
dataset: facebook method: Adv-CSL, #attack_edge:10000,T:10,test_ratio: 0.3,gamma:0.4
/network/rit/lab/ceashpc/adil/data/adv_csl/Jan2/random_pgd_csl/facebook/facebook-attackedges-10000-T-10-testratio-0.3-swap_ratio-0.01-gamma-0.4-realization-6-data-X.pkl
#Rule:372936 Nodes:8078 Edges:372936
0 Creating 10 consumers
{0.0: 2253, 1.0: 103, -1.0: 68}
{0.0: 2229, 1.0: 116, -1.0: 79}
{0.0: 2204, 1.0: 131, -1.0: 89}
{0.0: 2198, 1.0: 132, -1.0: 94}
{0.0: 2182, 1.0: 141, -1.0: 101}
{0.0: 2143, 1.0: 154, -1.0: 127}
{0.0: 2159, 1.0: 149, -1.0: 116}
{0.0: 2118, 1.0: 162, -1.0: 144}
{0.0: 2098, 1.0: 168, -1.0: 158}
{0.0: 2075, 1.0: 184, -1.0: 165}
1 Creating 10 consumers
{0.0: 2159, 1.0: 149, -1.0: 116}
{0.0: 2204, 1.0: 131, -1.0: 89}
Iter-0: 12.79/6.27 | Iter-1: 13.33/6.55 | Iter-2: 13.07/6.6 | Iter-3: 13.17/6.41 | Iter-4: 13.48/6.97 | 
{0.0: 2253, 1.0: 103, -1.0: 68}
Iter-0: 13.44/6.47 | Iter-1: 13.96/6.85 | Iter-2: 13.79/7.01 | Iter-3: 13.44/6.61 | Iter-4: 13.07/6.59 | 
{0.0: 2198, 1.0: 132, -1.0: 94}
Iter-0: 12.94/6.21 | Iter-1: 13.69/6.52 | Iter-2: 13.47/6.64 | Iter-3: 13.05/6.28 | Iter-4: 12.96/6.41 | 
{0.0: 2118, 1.0: 162, -1.0: 144}
Iter-0: 12.59/6.1 | Iter-1: 13.06/6.39 | Iter-2: 12.74/6.3 | Iter-3: 12.97/6.18 | Iter-4: 12.67/6.2 | 
{0.0: 2075, 1.0: 184, -1.0: 165}
Iter-0: 12.62/6.06 | Iter-1: 13.08/6.39 | Iter-2: 12.67/6.18 | Iter-3: 12.89/6.12 | Iter-4: 12.67/6.16 | 
{0.0: 2182, 1.0: 141, -1.0: 101}
Iter-0: 12.67/6.2 | Iter-1: 13.32/6.51 | Iter-2: 13.56/6.57 | Iter-3: 13.68/6.45 | Iter-4: 13.36/6.43 | 
{0.0: 2143, 1.0: 154, -1.0: 127}
Iter-0: 13.16/6.14 | Iter-1: 13.55/6.42 | Iter-2: 13.33/6.36 | Iter-3: 13.42/6.22 | Iter-4: 13.17/6.24 | 
{0.0: 2098, 1.0: 168, -1.0: 158}
Iter-0: 12.91/6.06 | Iter-1: 13.27/6.33 | Iter-2: 13.04/6.34 | Iter-3: 13.4/6.28 | Iter-4: 13.27/6.35 | 
{0.0: 2229, 1.0: 116, -1.0: 79}
Iter-0: 13.29/6.36 | Iter-1: 14.41/7.34 | Iter-2: 14.23/7.36 | Iter-3: 14.12/7.06 | Iter-4: 13.9/7.08 | 
prob_mse: 0.257379812981, running time: 96.5662670135
19.0 ~~~~~~~~~~~~~~~~~~~~~~~~~~~~~~~~~~~~~~~~~~~~~~~~~~~~~~~~~~~~~~~`
dataset: facebook method: Adv-CSL, #attack_edge:10000,T:10,test_ratio: 0.3,gamma:0.5
/network/rit/lab/ceashpc/adil/data/adv_csl/Jan2/random_pgd_csl/facebook/facebook-attackedges-10000-T-10-testratio-0.3-swap_ratio-0.01-gamma-0.5-realization-6-data-X.pkl
#Rule:372936 Nodes:8078 Edges:372936
0 Creating 10 consumers
{0.0: 1218, -1.0: 1206}
{0.0: 1216, 1.0: 1, -1.0: 1207}
{0.0: 1221, 1.0: 1, -1.0: 1202}
{0.0: 1217, 1.0: 1, -1.0: 1206}
{0.0: 1220, 1.0: 1, -1.0: 1203}
{0.0: 1215, 1.0: 1, -1.0: 1208}
{0.0: 1198, 1.0: 1, -1.0: 1225}
{0.0: 1206, 1.0: 1, -1.0: 1217}
{0.0: 1192, 1.0: 1, -1.0: 1231}
{0.0: 1202, 1.0: 1, -1.0: 1221}
1 Creating 10 consumers
{0.0: 1221, 1.0: 1, -1.0: 1202}
{0.0: 1216, 1.0: 1, -1.0: 1207}
{0.0: 1217, 1.0: 1, -1.0: 1206}
{0.0: 1220, 1.0: 1, -1.0: 1203}
{0.0: 1215, 1.0: 1, -1.0: 1208}
{0.0: 1206, 1.0: 1, -1.0: 1217}
{0.0: 1192, 1.0: 1, -1.0: 1231}
{0.0: 1198, 1.0: 1, -1.0: 1225}
{0.0: 1202, 1.0: 1, -1.0: 1221}
{0.0: 1218, -1.0: 1206}
Iter-0: 12.72/6.14 | Iter-1: 13.22/6.72 | Iter-2: 13.07/6.36 | Iter-3: 13.96/6.67 | Iter-4: 14.55/7.51 | 
prob_mse: 0.413152640264, running time: 94.3263630867
