

--------------------------------------------------
--------------------------------------------------

-------------------Tue, 22 Jan 2019 12:15:40 PM EST---------------------

0 ~~~~~~~~~~~~~~~~~~~~~~~~~~~~~~~~~~~~~~~~~~~~~~~~~~~~~~~~~~~~~~~`
dataset: enron method: Adv-CSL, #attack_edge:10000,T:10,test_ratio: 0.3,gamma:0.09
/network/rit/lab/ceashpc/adil/data/adv_csl/Jan2/random_pgd_csl/enron/enron-attackedges-10000-T-10-testratio-0.3-swap_ratio-0.01-gamma-0.09-realization-0-data-X.pkl
#Rule:743244 Nodes:67392 Edges:743244
0 Creating 10 consumers
{0.0: 17926, 1.0: 1839, -1.0: 453}
{0.0: 18109, 1.0: 1740, -1.0: 369}
{0.0: 17753, 1.0: 1927, -1.0: 538}
{0.0: 17568, 1.0: 2016, -1.0: 634}
{0.0: 17396, 1.0: 2109, -1.0: 713}
{0.0: 17229, 1.0: 2201, -1.0: 788}
{0.0: 17064, 1.0: 2292, -1.0: 862}
{0.0: 16898, 1.0: 2373, -1.0: 947}
{0.0: 16742, 1.0: 2452, -1.0: 1024}
{0.0: 16595, 1.0: 2531, -1.0: 1092}
1 Creating 10 consumers
{0.0: 18109, 1.0: 1740, -1.0: 369}
Iter-0: 30.59/12.17 | Iter-1: 32.22/14.1 | Iter-2: 31.7/13.58 | Iter-3: 31.55/13.49 | Iter-4: 32.24/13.58 | 
{0.0: 17396, 1.0: 2109, -1.0: 713}
Iter-0: 30.73/12.15 | Iter-1: 31.99/13.74 | Iter-2: 31.47/13.27 | Iter-3: 31.38/13.18 | Iter-4: 31.49/13.0 | 
{0.0: 17753, 1.0: 1927, -1.0: 538}
Iter-0: 31.33/12.3 | Iter-1: 32.59/13.96 | Iter-2: 32.12/13.49 | Iter-3: 32.16/13.42 | Iter-4: 33.31/13.33 | 
{0.0: 17926, 1.0: 1839, -1.0: 453}
Iter-0: 32.27/12.48 | Iter-1: 33.61/14.23 | Iter-2: 33.44/13.88 | Iter-3: 33.49/13.84 | Iter-4: 32.33/13.63 | 
{0.0: 17229, 1.0: 2201, -1.0: 788}
Iter-0: 30.68/12.12 | Iter-1: 32.01/13.74 | Iter-2: 31.58/13.29 | Iter-3: 31.49/13.2 | Iter-4: 31.82/13.04 | 
{0.0: 17568, 1.0: 2016, -1.0: 634}
Iter-0: 31.9/12.42 | Iter-1: 32.95/13.89 | Iter-2: 32.41/13.44 | Iter-3: 32.33/13.35 | Iter-4: 32.66/13.18 | 
{0.0: 17064, 1.0: 2292, -1.0: 862}
Iter-0: 30.86/12.23 | Iter-1: 32.03/13.75 | Iter-2: 31.62/13.28 | Iter-3: 31.5/13.19 | Iter-4: 31.85/13.01 | 
{0.0: 16742, 1.0: 2452, -1.0: 1024}
Iter-0: 30.47/11.89 | Iter-1: 31.64/13.41 | Iter-2: 31.17/12.98 | Iter-3: 31.2/12.88 | Iter-4: 31.29/12.7 | 
{0.0: 16595, 1.0: 2531, -1.0: 1092}
Iter-0: 30.51/11.87 | Iter-1: 31.74/13.37 | Iter-2: 31.29/12.91 | Iter-3: 31.24/12.8 | Iter-4: 32.2/12.69 | 
{0.0: 16898, 1.0: 2373, -1.0: 947}
Iter-0: 30.57/11.98 | Iter-1: 31.83/13.58 | Iter-2: 35.53/14.48 | Iter-3: 35.48/14.48 | Iter-4: 34.03/14.26 | 
prob_mse: 0.147149075082, running time: 252.319903135
1.0 ~~~~~~~~~~~~~~~~~~~~~~~~~~~~~~~~~~~~~~~~~~~~~~~~~~~~~~~~~~~~~~~`
dataset: enron method: Adv-CSL, #attack_edge:10000,T:10,test_ratio: 0.3,gamma:0.2
/network/rit/lab/ceashpc/adil/data/adv_csl/Jan2/random_pgd_csl/enron/enron-attackedges-10000-T-10-testratio-0.3-swap_ratio-0.01-gamma-0.2-realization-0-data-X.pkl
#Rule:743244 Nodes:67392 Edges:743244
0 Creating 10 consumers
{0.0: 18109, 1.0: 1740, -1.0: 369}
{0.0: 17926, 1.0: 1839, -1.0: 453}
{0.0: 17753, 1.0: 1927, -1.0: 538}
{0.0: 17568, 1.0: 2016, -1.0: 634}
{0.0: 17396, 1.0: 2109, -1.0: 713}
{0.0: 17229, 1.0: 2201, -1.0: 788}
{0.0: 17064, 1.0: 2292, -1.0: 862}
{0.0: 16742, 1.0: 2452, -1.0: 1024}
{0.0: 16898, 1.0: 2373, -1.0: 947}
{0.0: 16595, 1.0: 2531, -1.0: 1092}
1 Creating 10 consumers
{0.0: 18109, 1.0: 1740, -1.0: 369}
Iter-0: 37.54/14.93 | Iter-1: 38.79/17.42 | Iter-2: 35.33/14.52 | Iter-3: 33.02/14.25 | Iter-4: 32.48/13.53 | 
{0.0: 17568, 1.0: 2016, -1.0: 634}
Iter-0: 36.88/15.33 | Iter-1: 37.4/16.59 | Iter-2: 34.84/14.17 | Iter-3: 32.61/13.65 | Iter-4: 32.07/13.09 | 
{0.0: 17753, 1.0: 1927, -1.0: 538}
Iter-0: 37.19/15.35 | Iter-1: 38.56/17.01 | Iter-2: 34.76/14.25 | Iter-3: 34.64/15.1 | Iter-4: 31.85/13.12 | 
{0.0: 17396, 1.0: 2109, -1.0: 713}
Iter-0: 37.01/14.95 | Iter-1: 37.97/16.58 | Iter-2: 34.65/14.16 | Iter-3: 32.18/13.34 | Iter-4: 31.82/12.95 | 
{0.0: 17229, 1.0: 2201, -1.0: 788}
Iter-0: 36.0/14.43 | Iter-1: 37.71/16.35 | Iter-2: 34.73/13.99 | Iter-3: 32.2/13.32 | Iter-4: 31.79/12.95 | 
{0.0: 17926, 1.0: 1839, -1.0: 453}
Iter-0: 37.51/15.17 | Iter-1: 38.15/17.09 | Iter-2: 35.19/14.58 | Iter-3: 35.68/14.27 | Iter-4: 34.64/13.55 | 
{0.0: 17064, 1.0: 2292, -1.0: 862}
Iter-0: 36.28/14.75 | Iter-1: 37.12/15.77 | Iter-2: 34.42/14.0 | Iter-3: 31.89/13.18 | Iter-4: 32.43/12.8 | 
{0.0: 16898, 1.0: 2373, -1.0: 947}
Iter-0: 36.14/14.78 | Iter-1: 37.29/16.0 | Iter-2: 34.3/13.89 | Iter-3: 31.84/13.13 | Iter-4: 31.56/12.79 | 
{0.0: 16742, 1.0: 2452, -1.0: 1024}
Iter-0: 35.86/14.39 | Iter-1: 36.18/15.63 | Iter-2: 34.12/13.75 | Iter-3: 31.73/12.99 | Iter-4: 31.5/12.68 | 
{0.0: 16595, 1.0: 2531, -1.0: 1092}
Iter-0: 34.35/13.14 | Iter-1: 36.03/14.77 | Iter-2: 35.12/13.74 | Iter-3: 32.84/13.0 | Iter-4: 32.54/12.68 | 
prob_mse: 0.145401398094, running time: 274.760793924
2.0 ~~~~~~~~~~~~~~~~~~~~~~~~~~~~~~~~~~~~~~~~~~~~~~~~~~~~~~~~~~~~~~~`
dataset: enron method: Adv-CSL, #attack_edge:10000,T:10,test_ratio: 0.3,gamma:0.3
/network/rit/lab/ceashpc/adil/data/adv_csl/Jan2/random_pgd_csl/enron/enron-attackedges-10000-T-10-testratio-0.3-swap_ratio-0.01-gamma-0.3-realization-0-data-X.pkl
#Rule:743244 Nodes:67392 Edges:743244
0 Creating 10 consumers
{0.0: 18109, 1.0: 1740, -1.0: 369}
{0.0: 17926, 1.0: 1839, -1.0: 453}
{0.0: 17753, 1.0: 1927, -1.0: 538}
{0.0: 17568, 1.0: 2016, -1.0: 634}
{0.0: 17396, 1.0: 2109, -1.0: 713}
{0.0: 17064, 1.0: 2292, -1.0: 862}
{0.0: 17229, 1.0: 2201, -1.0: 788}
{0.0: 16898, 1.0: 2373, -1.0: 947}
{0.0: 16742, 1.0: 2452, -1.0: 1024}
{0.0: 16595, 1.0: 2531, -1.0: 1092}
1 Creating 10 consumers
{0.0: 18109, 1.0: 1740, -1.0: 369}
Iter-0: 37.69/15.2 | Iter-1: 39.84/18.56 | Iter-2: 34.78/14.1 | Iter-3: 33.67/13.96 | Iter-4: 32.23/13.5 | 
{0.0: 17926, 1.0: 1839, -1.0: 453}
Iter-0: 38.12/15.3 | Iter-1: 39.6/18.46 | Iter-2: 34.68/13.98 | Iter-3: 33.82/13.9 | Iter-4: 32.25/13.56 | 
{0.0: 17753, 1.0: 1927, -1.0: 538}
Iter-0: 38.49/15.79 | Iter-1: 38.53/17.57 | Iter-2: 34.42/13.91 | Iter-3: 33.29/13.46 | Iter-4: 34.0/13.35 | 
{0.0: 17568, 1.0: 2016, -1.0: 634}
Iter-0: 38.1/15.18 | Iter-1: 38.4/17.69 | Iter-2: 34.17/13.76 | Iter-3: 34.05/13.57 | Iter-4: 31.97/13.34 | 
{0.0: 17064, 1.0: 2292, -1.0: 862}
Iter-0: 37.5/14.79 | Iter-1: 37.16/16.74 | Iter-2: 34.55/13.59 | Iter-3: 34.43/13.55 | Iter-4: 33.52/12.95 | 
{0.0: 16595, 1.0: 2531, -1.0: 1092}
Iter-0: 37.46/14.47 | Iter-1: 36.44/16.2 | Iter-2: 33.21/13.16 | Iter-3: 32.46/13.09 | Iter-4: 31.54/12.65 | 
{0.0: 17396, 1.0: 2109, -1.0: 713}
Iter-0: 40.55/15.78 | Iter-1: 40.96/17.84 | Iter-2: 35.24/13.89 | Iter-3: 33.53/13.7 | Iter-4: 32.41/13.05 | 
{0.0: 17229, 1.0: 2201, -1.0: 788}
Iter-0: 39.76/15.55 | Iter-1: 40.52/17.82 | Iter-2: 35.17/13.87 | Iter-3: 34.81/13.82 | Iter-4: 33.25/13.1 | 
{0.0: 16742, 1.0: 2452, -1.0: 1024}
Iter-0: 39.04/15.46 | Iter-1: 39.63/17.36 | Iter-2: 34.05/13.29 | Iter-3: 32.94/13.25 | Iter-4: 32.92/12.76 | 
{0.0: 16898, 1.0: 2373, -1.0: 947}
Iter-0: 39.8/15.47 | Iter-1: 40.71/17.82 | Iter-2: 34.58/13.39 | Iter-3: 32.88/13.17 | Iter-4: 32.69/12.87 | 
prob_mse: 0.143072565701, running time: 303.444503069
3.0 ~~~~~~~~~~~~~~~~~~~~~~~~~~~~~~~~~~~~~~~~~~~~~~~~~~~~~~~~~~~~~~~`
dataset: enron method: Adv-CSL, #attack_edge:10000,T:10,test_ratio: 0.3,gamma:0.4
/network/rit/lab/ceashpc/adil/data/adv_csl/Jan2/random_pgd_csl/enron/enron-attackedges-10000-T-10-testratio-0.3-swap_ratio-0.01-gamma-0.4-realization-0-data-X.pkl
#Rule:743244 Nodes:67392 Edges:743244
0 Creating 10 consumers
{0.0: 18109, 1.0: 1740, -1.0: 369}
{0.0: 17926, 1.0: 1839, -1.0: 453}
{0.0: 17753, 1.0: 1927, -1.0: 538}
{0.0: 17568, 1.0: 2016, -1.0: 634}
{0.0: 17396, 1.0: 2109, -1.0: 713}
{0.0: 17229, 1.0: 2201, -1.0: 788}
{0.0: 17064, 1.0: 2292, -1.0: 862}
{0.0: 16898, 1.0: 2373, -1.0: 947}
{0.0: 16742, 1.0: 2452, -1.0: 1024}
{0.0: 16595, 1.0: 2531, -1.0: 1092}
1 Creating 10 consumers
{0.0: 18109, 1.0: 1740, -1.0: 369}
Iter-0: 30.24/12.11 | Iter-1: 33.89/15.41 | Iter-2: 30.79/12.72 | Iter-3: 31.53/13.48 | Iter-4: 31.48/13.44 | 
{0.0: 17926, 1.0: 1839, -1.0: 453}
Iter-0: 30.39/12.28 | Iter-1: 33.7/15.2 | Iter-2: 30.87/12.76 | Iter-3: 31.57/13.44 | Iter-4: 31.44/13.37 | 
{0.0: 17753, 1.0: 1927, -1.0: 538}
Iter-0: 30.55/12.31 | Iter-1: 33.72/14.79 | Iter-2: 30.95/12.62 | Iter-3: 31.41/13.23 | Iter-4: 31.19/13.15 | 
{0.0: 17568, 1.0: 2016, -1.0: 634}
Iter-0: 30.37/12.23 | Iter-1: 33.31/14.69 | Iter-2: 30.83/12.61 | Iter-3: 32.35/13.21 | Iter-4: 32.53/13.18 | 
{0.0: 17229, 1.0: 2201, -1.0: 788}
Iter-0: 30.36/12.08 | Iter-1: 33.36/14.44 | Iter-2: 30.79/12.46 | Iter-3: 31.28/13.02 | Iter-4: 32.31/12.97 | 
{0.0: 17064, 1.0: 2292, -1.0: 862}
Iter-0: 30.3/12.05 | Iter-1: 33.09/14.34 | Iter-2: 30.64/12.41 | Iter-3: 31.27/12.95 | Iter-4: 31.21/12.91 | 
{0.0: 17396, 1.0: 2109, -1.0: 713}
Iter-0: 31.26/12.2 | Iter-1: 34.29/14.56 | Iter-2: 31.53/12.53 | Iter-3: 32.14/13.18 | Iter-4: 31.9/13.05 | 
{0.0: 16742, 1.0: 2452, -1.0: 1024}
Iter-0: 29.97/11.91 | Iter-1: 32.8/14.17 | Iter-2: 30.32/12.17 | Iter-3: 31.04/12.74 | Iter-4: 31.41/12.67 | 
{0.0: 16898, 1.0: 2373, -1.0: 947}
Iter-0: 30.87/11.98 | Iter-1: 33.85/14.3 | Iter-2: 31.13/12.3 | Iter-3: 31.68/12.88 | Iter-4: 31.6/12.82 | 
{0.0: 16595, 1.0: 2531, -1.0: 1092}
Iter-0: 30.26/11.91 | Iter-1: 33.08/14.14 | Iter-2: 30.63/12.16 | Iter-3: 31.24/12.73 | Iter-4: 31.29/12.68 | 
prob_mse: 0.142446061266, running time: 250.632457018
4.0 ~~~~~~~~~~~~~~~~~~~~~~~~~~~~~~~~~~~~~~~~~~~~~~~~~~~~~~~~~~~~~~~`
dataset: enron method: Adv-CSL, #attack_edge:10000,T:10,test_ratio: 0.3,gamma:0.5
/network/rit/lab/ceashpc/adil/data/adv_csl/Jan2/random_pgd_csl/enron/enron-attackedges-10000-T-10-testratio-0.3-swap_ratio-0.01-gamma-0.5-realization-0-data-X.pkl
#Rule:743244 Nodes:67392 Edges:743244
0 Creating 10 consumers
{0.0: 12660, 1.0: 1153, -1.0: 6405}
{0.0: 11901, 1.0: 1102, -1.0: 7215}
{0.0: 12306, 1.0: 1136, -1.0: 6776}
{0.0: 11762, 1.0: 1123, -1.0: 7333}
{0.0: 11682, 1.0: 1132, -1.0: 7404}
{0.0: 11580, 1.0: 1158, -1.0: 7480}
{0.0: 11459, 1.0: 1185, -1.0: 7574}
{0.0: 11368, 1.0: 1192, -1.0: 7658}
{0.0: 11309, 1.0: 1207, -1.0: 7702}
{0.0: 11218, 1.0: 1200, -1.0: 7800}
1 Creating 10 consumers
{0.0: 12660, 1.0: 1153, -1.0: 6405}
Iter-0: 29.72/11.0 | Iter-1: 32.04/13.37 | Iter-2: 29.56/9.95 | Iter-3: 29.73/10.94 | Iter-4: 30.31/10.96 | 
{0.0: 12306, 1.0: 1136, -1.0: 6776}
Iter-0: 30.23/11.44 | Iter-1: 32.25/13.64 | Iter-2: 29.49/10.26 | Iter-3: 30.01/11.37 | Iter-4: 29.8/11.36 | 
{0.0: 11901, 1.0: 1102, -1.0: 7215}
Iter-0: 32.92/13.0 | Iter-1: 33.67/14.82 | Iter-2: 30.18/10.59 | Iter-3: 30.69/11.63 | Iter-4: 31.02/11.62 | 
{0.0: 11580, 1.0: 1158, -1.0: 7480}
Iter-0: 29.96/11.75 | Iter-1: 32.1/13.71 | Iter-2: 29.92/10.67 | Iter-3: 31.2/11.74 | Iter-4: 30.83/11.75 | 
{0.0: 11682, 1.0: 1132, -1.0: 7404}
Iter-0: 30.59/11.92 | Iter-1: 32.42/13.82 | Iter-2: 29.99/10.72 | Iter-3: 30.74/11.7 | Iter-4: 30.76/11.67 | 
{0.0: 11459, 1.0: 1185, -1.0: 7574}
Iter-0: 30.12/11.76 | Iter-1: 31.89/13.71 | Iter-2: 30.7/10.71 | Iter-3: 31.29/11.76 | Iter-4: 30.79/11.74 | 
{0.0: 11309, 1.0: 1207, -1.0: 7702}
Iter-0: 29.91/11.71 | Iter-1: 31.8/13.68 | Iter-2: 29.16/10.66 | Iter-3: 29.78/11.63 | Iter-4: 30.36/11.64 | 
{0.0: 11368, 1.0: 1192, -1.0: 7658}
Iter-0: 29.9/11.69 | Iter-1: 33.1/13.69 | Iter-2: 30.58/10.68 | Iter-3: 30.0/11.68 | Iter-4: 30.55/11.66 | 
{0.0: 11762, 1.0: 1123, -1.0: 7333}
Iter-0: 30.62/11.71 | Iter-1: 33.94/13.68 | Iter-2: 33.29/11.79 | Iter-3: 33.77/12.92 | Iter-4: 30.89/12.43 | 
{0.0: 11218, 1.0: 1200, -1.0: 7800}
Iter-0: 30.06/11.73 | Iter-1: 32.93/13.79 | Iter-2: 30.22/10.75 | Iter-3: 30.19/11.69 | Iter-4: 30.37/11.68 | 
prob_mse: 0.355938127741, running time: 245.519829035
