

--------------------------------------------------
--------------------------------------------------

-------------------Wed, 23 Jan 2019 02:06:56 PM EST---------------------

0 ~~~~~~~~~~~~~~~~~~~~~~~~~~~~~~~~~~~~~~~~~~~~~~~~~~~~~~~~~~~~~~~`
dataset: enron method: Adv-CSL, #attack_edge:10000,T:10,test_ratio: 0.3,gamma:0.0
/network/rit/lab/ceashpc/adil/data/adv_csl/Jan2/random_noise/enron/enron-attackedges-10000-T-10-testratio-0.3-swap_ratio-0.01-gamma-0.0-realization-0-data-X.pkl
#Rule:743244 Nodes:67392 Edges:743244
0 Creating 10 consumers
{0.0: 18011, 1.0: 1839, -1.0: 368}
{0.0: 17807, 1.0: 1942, -1.0: 469}
{0.0: 17542, 1.0: 2100, -1.0: 576}
{0.0: 17174, 1.0: 2334, -1.0: 710}
{0.0: 16862, 1.0: 2462, -1.0: 894}
{0.0: 16662, 1.0: 2546, -1.0: 1010}
{0.0: 16463, 1.0: 2662, -1.0: 1093}
{0.0: 16286, 1.0: 2786, -1.0: 1146}
{0.0: 16111, 1.0: 2883, -1.0: 1224}
{0.0: 15885, 1.0: 3039, -1.0: 1294}
1 Creating 10 consumers
{0.0: 18011, 1.0: 1839, -1.0: 368}
Iter-0: 26.25/6.69 | Iter-1: 30.54/12.07 | Iter-2: 28.44/9.49 | Iter-3: 29.51/10.31 | Iter-4: 29.32/10.3 | 
{0.0: 17807, 1.0: 1942, -1.0: 469}
Iter-0: 26.01/6.68 | Iter-1: 30.74/11.99 | Iter-2: 28.55/9.5 | Iter-3: 30.47/10.28 | Iter-4: 30.02/10.25 | 
{0.0: 17542, 1.0: 2100, -1.0: 576}
Iter-0: 25.51/6.72 | Iter-1: 30.27/11.94 | Iter-2: 28.58/9.45 | Iter-3: 30.56/10.27 | Iter-4: 30.52/10.22 | 
{0.0: 16862, 1.0: 2462, -1.0: 894}
Iter-0: 25.43/6.7 | Iter-1: 31.32/11.9 | Iter-2: 28.45/9.45 | Iter-3: 30.88/11.07 | Iter-4: 30.75/10.13 | 
{0.0: 17174, 1.0: 2334, -1.0: 710}
Iter-0: 25.48/6.71 | Iter-1: 32.68/12.89 | Iter-2: 29.17/9.51 | Iter-3: 31.25/11.23 | Iter-4: 30.62/10.2 | 
{0.0: 16662, 1.0: 2546, -1.0: 1010}
Iter-0: 27.1/6.7 | Iter-1: 31.28/11.93 | Iter-2: 28.65/9.44 | Iter-3: 29.76/10.78 | Iter-4: 29.28/10.12 | 
{0.0: 16286, 1.0: 2786, -1.0: 1146}
Iter-0: 25.63/6.69 | Iter-1: 30.04/11.69 | Iter-2: 27.89/9.36 | Iter-3: 30.76/10.8 | Iter-4: 30.5/10.05 | 
{0.0: 16463, 1.0: 2662, -1.0: 1093}
Iter-0: 25.71/6.67 | Iter-1: 30.83/11.71 | Iter-2: 28.73/9.43 | Iter-3: 30.5/10.93 | Iter-4: 30.12/10.03 | 
{0.0: 15885, 1.0: 3039, -1.0: 1294}
Iter-0: 27.56/7.38 | Iter-1: 30.44/11.62 | Iter-2: 28.76/9.33 | Iter-3: 29.44/9.94 | Iter-4: 30.45/9.99 | 
{0.0: 16111, 1.0: 2883, -1.0: 1224}
Iter-0: 26.17/6.72 | Iter-1: 34.43/12.93 | Iter-2: 31.56/10.34 | Iter-3: 32.32/10.64 | Iter-4: 31.05/10.97 | 
prob_mse: 0.142126026313, running time: 247.031455994
1.0 ~~~~~~~~~~~~~~~~~~~~~~~~~~~~~~~~~~~~~~~~~~~~~~~~~~~~~~~~~~~~~~~`
dataset: enron method: Adv-CSL, #attack_edge:10000,T:10,test_ratio: 0.3,gamma:0.0
/network/rit/lab/ceashpc/adil/data/adv_csl/Jan2/random_noise/enron/enron-attackedges-10000-T-10-testratio-0.3-swap_ratio-0.01-gamma-0.0-realization-1-data-X.pkl
#Rule:743244 Nodes:67392 Edges:743244
0 Creating 10 consumers
{0.0: 18011, 1.0: 1839, -1.0: 368}
{0.0: 17542, 1.0: 2100, -1.0: 576}
{0.0: 17807, 1.0: 1942, -1.0: 469}
{0.0: 17174, 1.0: 2334, -1.0: 710}
{0.0: 16662, 1.0: 2546, -1.0: 1010}
{0.0: 16862, 1.0: 2462, -1.0: 894}
{0.0: 16463, 1.0: 2662, -1.0: 1093}
{0.0: 16286, 1.0: 2786, -1.0: 1146}
{0.0: 16111, 1.0: 2883, -1.0: 1224}
{0.0: 15885, 1.0: 3039, -1.0: 1294}
1 Creating 10 consumers
{0.0: 18011, 1.0: 1839, -1.0: 368}
Iter-0: 26.05/6.73 | Iter-1: 30.62/12.21 | Iter-2: 28.38/9.57 | Iter-3: 31.33/10.65 | Iter-4: 30.2/10.3 | 
{0.0: 17807, 1.0: 1942, -1.0: 469}
Iter-0: 26.8/6.72 | Iter-1: 30.55/12.13 | Iter-2: 29.51/9.53 | Iter-3: 30.49/10.75 | Iter-4: 28.77/10.24 | 
{0.0: 17174, 1.0: 2334, -1.0: 710}
Iter-0: 25.77/6.71 | Iter-1: 31.25/12.05 | Iter-2: 28.5/9.48 | Iter-3: 29.61/10.4 | Iter-4: 29.63/10.1 | 
{0.0: 17542, 1.0: 2100, -1.0: 576}
Iter-0: 27.46/7.18 | Iter-1: 31.11/12.0 | Iter-2: 30.13/9.45 | Iter-3: 30.65/11.2 | Iter-4: 28.73/10.16 | 
{0.0: 16862, 1.0: 2462, -1.0: 894}
Iter-0: 25.8/6.74 | Iter-1: 31.91/11.94 | Iter-2: 29.99/9.51 | Iter-3: 30.97/10.25 | Iter-4: 29.98/10.17 | 
{0.0: 16286, 1.0: 2786, -1.0: 1146}
Iter-0: 25.56/6.72 | Iter-1: 30.08/11.71 | Iter-2: 28.34/9.38 | Iter-3: 29.71/10.03 | Iter-4: 29.84/10.17 | 
{0.0: 16662, 1.0: 2546, -1.0: 1010}
Iter-0: 26.07/6.71 | Iter-1: 30.89/11.8 | Iter-2: 30.22/9.89 | Iter-3: 30.25/10.2 | Iter-4: 28.98/10.1 | 
{0.0: 16111, 1.0: 2883, -1.0: 1224}
Iter-0: 25.43/6.7 | Iter-1: 30.06/11.67 | Iter-2: 29.29/9.5 | Iter-3: 29.98/10.27 | Iter-4: 29.54/9.96 | 
{0.0: 16463, 1.0: 2662, -1.0: 1093}
Iter-0: 26.3/6.74 | Iter-1: 33.1/12.43 | Iter-2: 29.47/9.68 | Iter-3: 31.65/10.65 | Iter-4: 31.48/11.09 | 
{0.0: 15885, 1.0: 3039, -1.0: 1294}
Iter-0: 27.27/7.42 | Iter-1: 30.68/11.64 | Iter-2: 28.77/9.45 | Iter-3: 30.45/10.28 | Iter-4: 28.53/9.97 | 
prob_mse: 0.142126026313, running time: 241.906592846
2.0 ~~~~~~~~~~~~~~~~~~~~~~~~~~~~~~~~~~~~~~~~~~~~~~~~~~~~~~~~~~~~~~~`
dataset: enron method: Adv-CSL, #attack_edge:10000,T:10,test_ratio: 0.3,gamma:0.0
/network/rit/lab/ceashpc/adil/data/adv_csl/Jan2/random_noise/enron/enron-attackedges-10000-T-10-testratio-0.3-swap_ratio-0.01-gamma-0.0-realization-2-data-X.pkl
#Rule:743244 Nodes:67392 Edges:743244
0 Creating 10 consumers
{0.0: 18011, 1.0: 1839, -1.0: 368}
{0.0: 17542, 1.0: 2100, -1.0: 576}
{0.0: 17174, 1.0: 2334, -1.0: 710}
{0.0: 17807, 1.0: 1942, -1.0: 469}
{0.0: 16862, 1.0: 2462, -1.0: 894}
{0.0: 16662, 1.0: 2546, -1.0: 1010}
{0.0: 16463, 1.0: 2662, -1.0: 1093}
{0.0: 16286, 1.0: 2786, -1.0: 1146}
{0.0: 16111, 1.0: 2883, -1.0: 1224}
{0.0: 15885, 1.0: 3039, -1.0: 1294}
1 Creating 10 consumers
{0.0: 18011, 1.0: 1839, -1.0: 368}
Iter-0: 26.3/6.91 | Iter-1: 31.26/12.05 | Iter-2: 29.39/9.49 | Iter-3: 29.59/10.28 | Iter-4: 29.81/10.28 | 
{0.0: 16862, 1.0: 2462, -1.0: 894}
Iter-0: 25.0/6.7 | Iter-1: 30.79/11.82 | Iter-2: 28.6/9.43 | Iter-3: 28.52/10.07 | Iter-4: 28.58/10.06 | 
{0.0: 17807, 1.0: 1942, -1.0: 469}
Iter-0: 25.1/6.72 | Iter-1: 31.92/12.18 | Iter-2: 30.06/9.57 | Iter-3: 30.13/10.34 | Iter-4: 29.99/10.3 | 
{0.0: 17174, 1.0: 2334, -1.0: 710}
Iter-0: 25.72/6.7 | Iter-1: 30.93/11.95 | Iter-2: 29.01/9.5 | Iter-3: 29.14/10.19 | Iter-4: 29.06/10.11 | 
{0.0: 16463, 1.0: 2662, -1.0: 1093}
Iter-0: 24.9/6.69 | Iter-1: 30.09/11.76 | Iter-2: 28.4/9.4 | Iter-3: 29.58/10.01 | Iter-4: 28.63/10.09 | 
{0.0: 17542, 1.0: 2100, -1.0: 576}
Iter-0: 26.67/6.77 | Iter-1: 32.79/12.94 | Iter-2: 31.14/10.51 | Iter-3: 29.99/10.25 | Iter-4: 30.01/10.2 | 
{0.0: 16111, 1.0: 2883, -1.0: 1224}
Iter-0: 24.77/6.72 | Iter-1: 29.83/11.68 | Iter-2: 28.2/9.37 | Iter-3: 28.27/10.01 | Iter-4: 28.2/9.92 | 
{0.0: 16286, 1.0: 2786, -1.0: 1146}
Iter-0: 24.85/6.73 | Iter-1: 30.03/11.76 | Iter-2: 29.02/9.39 | Iter-3: 28.51/10.05 | Iter-4: 28.61/9.99 | 
{0.0: 16662, 1.0: 2546, -1.0: 1010}
Iter-0: 24.96/6.69 | Iter-1: 30.22/11.8 | Iter-2: 30.47/9.75 | Iter-3: 31.03/11.13 | Iter-4: 31.04/11.11 | 
{0.0: 15885, 1.0: 3039, -1.0: 1294}
Iter-0: 25.79/6.75 | Iter-1: 31.28/11.74 | Iter-2: 29.11/9.34 | Iter-3: 28.66/9.96 | Iter-4: 28.8/10.0 | 
prob_mse: 0.142126026313, running time: 235.280658007
3.0 ~~~~~~~~~~~~~~~~~~~~~~~~~~~~~~~~~~~~~~~~~~~~~~~~~~~~~~~~~~~~~~~`
dataset: enron method: Adv-CSL, #attack_edge:10000,T:10,test_ratio: 0.3,gamma:0.0
/network/rit/lab/ceashpc/adil/data/adv_csl/Jan2/random_noise/enron/enron-attackedges-10000-T-10-testratio-0.3-swap_ratio-0.01-gamma-0.0-realization-3-data-X.pkl
#Rule:743244 Nodes:67392 Edges:743244
0 Creating 10 consumers
{0.0: 18011, 1.0: 1839, -1.0: 368}
{0.0: 17807, 1.0: 1942, -1.0: 469}
{0.0: 17542, 1.0: 2100, -1.0: 576}
{0.0: 17174, 1.0: 2334, -1.0: 710}
{0.0: 16862, 1.0: 2462, -1.0: 894}
{0.0: 16662, 1.0: 2546, -1.0: 1010}
{0.0: 16463, 1.0: 2662, -1.0: 1093}
{0.0: 16286, 1.0: 2786, -1.0: 1146}
{0.0: 16111, 1.0: 2883, -1.0: 1224}
{0.0: 15885, 1.0: 3039, -1.0: 1294}
1 Creating 10 consumers
{0.0: 18011, 1.0: 1839, -1.0: 368}
Iter-0: 26.14/6.84 | Iter-1: 30.27/12.06 | Iter-2: 30.35/9.55 | Iter-3: 31.21/11.39 | Iter-4: 31.16/11.35 | 
{0.0: 17807, 1.0: 1942, -1.0: 469}
Iter-0: 26.32/6.77 | Iter-1: 32.47/12.47 | Iter-2: 28.81/9.53 | Iter-3: 28.81/10.2 | Iter-4: 30.35/10.22 | 
{0.0: 17542, 1.0: 2100, -1.0: 576}
Iter-0: 26.17/6.75 | Iter-1: 31.32/11.98 | Iter-2: 29.44/9.47 | Iter-3: 29.76/10.34 | Iter-4: 29.62/10.55 | 
{0.0: 17174, 1.0: 2334, -1.0: 710}
Iter-0: 26.72/7.21 | Iter-1: 30.62/11.92 | Iter-2: 28.87/9.41 | Iter-3: 28.81/10.11 | Iter-4: 28.7/10.03 | 
{0.0: 16862, 1.0: 2462, -1.0: 894}
Iter-0: 26.42/6.99 | Iter-1: 31.3/11.89 | Iter-2: 28.27/9.42 | Iter-3: 28.23/10.06 | Iter-4: 28.25/10.05 | 
{0.0: 16662, 1.0: 2546, -1.0: 1010}
Iter-0: 27.24/7.31 | Iter-1: 30.54/11.83 | Iter-2: 28.75/9.45 | Iter-3: 28.68/10.08 | Iter-4: 28.77/10.1 | 
{0.0: 16286, 1.0: 2786, -1.0: 1146}
Iter-0: 25.13/6.76 | Iter-1: 30.66/11.79 | Iter-2: 30.55/9.76 | Iter-3: 28.41/10.13 | Iter-4: 28.49/10.11 | 
{0.0: 16463, 1.0: 2662, -1.0: 1093}
Iter-0: 26.23/6.8 | Iter-1: 31.61/11.73 | Iter-2: 30.23/9.41 | Iter-3: 29.46/10.05 | Iter-4: 28.54/10.11 | 
{0.0: 16111, 1.0: 2883, -1.0: 1224}
Iter-0: 25.73/6.77 | Iter-1: 31.19/11.83 | Iter-2: 28.31/9.47 | Iter-3: 28.69/10.06 | Iter-4: 29.86/10.05 | 
{0.0: 15885, 1.0: 3039, -1.0: 1294}
Iter-0: 27.6/7.0 | Iter-1: 32.69/12.85 | Iter-2: 29.18/9.35 | Iter-3: 29.11/9.98 | Iter-4: 29.55/9.98 | 
prob_mse: 0.142126026313, running time: 245.682060003
4.0 ~~~~~~~~~~~~~~~~~~~~~~~~~~~~~~~~~~~~~~~~~~~~~~~~~~~~~~~~~~~~~~~`
dataset: enron method: Adv-CSL, #attack_edge:10000,T:10,test_ratio: 0.3,gamma:0.0
/network/rit/lab/ceashpc/adil/data/adv_csl/Jan2/random_noise/enron/enron-attackedges-10000-T-10-testratio-0.3-swap_ratio-0.01-gamma-0.0-realization-4-data-X.pkl
#Rule:743244 Nodes:67392 Edges:743244
0 Creating 10 consumers
{0.0: 18011, 1.0: 1839, -1.0: 368}
{0.0: 17807, 1.0: 1942, -1.0: 469}
{0.0: 17542, 1.0: 2100, -1.0: 576}
{0.0: 17174, 1.0: 2334, -1.0: 710}
{0.0: 16862, 1.0: 2462, -1.0: 894}
{0.0: 16662, 1.0: 2546, -1.0: 1010}
{0.0: 16463, 1.0: 2662, -1.0: 1093}
{0.0: 16111, 1.0: 2883, -1.0: 1224}
{0.0: 16286, 1.0: 2786, -1.0: 1146}
{0.0: 15885, 1.0: 3039, -1.0: 1294}
1 Creating 10 consumers
{0.0: 17807, 1.0: 1942, -1.0: 469}
Iter-0: 25.74/6.67 | Iter-1: 30.48/12.22 | Iter-2: 27.72/9.5 | Iter-3: 29.01/10.23 | Iter-4: 29.03/10.22 | 
{0.0: 18011, 1.0: 1839, -1.0: 368}
Iter-0: 26.72/6.94 | Iter-1: 31.35/12.27 | Iter-2: 28.81/9.56 | Iter-3: 29.62/10.38 | Iter-4: 30.32/10.36 | 
{0.0: 17542, 1.0: 2100, -1.0: 576}
Iter-0: 26.16/6.71 | Iter-1: 31.09/12.12 | Iter-2: 28.48/9.48 | Iter-3: 29.12/10.24 | Iter-4: 30.23/10.22 | 
{0.0: 17174, 1.0: 2334, -1.0: 710}
Iter-0: 27.64/7.01 | Iter-1: 31.19/12.76 | Iter-2: 27.89/9.44 | Iter-3: 28.75/10.15 | Iter-4: 29.22/10.08 | 
{0.0: 16862, 1.0: 2462, -1.0: 894}
Iter-0: 26.04/6.76 | Iter-1: 30.51/11.93 | Iter-2: 28.61/9.72 | Iter-3: 29.85/10.13 | Iter-4: 31.25/10.43 | 
{0.0: 16463, 1.0: 2662, -1.0: 1093}
Iter-0: 26.06/6.72 | Iter-1: 30.61/11.75 | Iter-2: 28.14/9.37 | Iter-3: 28.74/10.01 | Iter-4: 30.5/9.99 | 
{0.0: 16662, 1.0: 2546, -1.0: 1010}
Iter-0: 26.26/6.73 | Iter-1: 31.31/12.12 | Iter-2: 28.51/9.41 | Iter-3: 29.54/10.04 | Iter-4: 30.52/10.05 | 
{0.0: 16111, 1.0: 2883, -1.0: 1224}
Iter-0: 25.48/6.69 | Iter-1: 29.78/11.65 | Iter-2: 27.7/9.34 | Iter-3: 28.29/9.95 | Iter-4: 29.77/9.91 | 
{0.0: 16286, 1.0: 2786, -1.0: 1146}
Iter-0: 25.49/6.68 | Iter-1: 31.38/11.9 | Iter-2: 30.04/10.37 | Iter-3: 30.62/11.05 | Iter-4: 31.46/11.03 | 
{0.0: 15885, 1.0: 3039, -1.0: 1294}
Iter-0: 26.66/6.74 | Iter-1: 30.96/11.71 | Iter-2: 28.79/9.37 | Iter-3: 29.33/9.96 | Iter-4: 30.28/10.05 | 
prob_mse: 0.142126026313, running time: 239.546388865
5.0 ~~~~~~~~~~~~~~~~~~~~~~~~~~~~~~~~~~~~~~~~~~~~~~~~~~~~~~~~~~~~~~~`
dataset: enron method: Adv-CSL, #attack_edge:10000,T:10,test_ratio: 0.3,gamma:0.01
/network/rit/lab/ceashpc/adil/data/adv_csl/Jan2/random_noise/enron/enron-attackedges-10000-T-10-testratio-0.3-swap_ratio-0.01-gamma-0.01-realization-0-data-X.pkl
#Rule:743244 Nodes:67392 Edges:743244
0 Creating 10 consumers
{0.0: 18011, 1.0: 1839, -1.0: 368}
{0.0: 17542, 1.0: 2100, -1.0: 576}
{0.0: 17807, 1.0: 1942, -1.0: 469}
{0.0: 17174, 1.0: 2334, -1.0: 710}
{0.0: 16862, 1.0: 2462, -1.0: 894}
{0.0: 16662, 1.0: 2546, -1.0: 1010}
{0.0: 16463, 1.0: 2662, -1.0: 1093}
{0.0: 16286, 1.0: 2786, -1.0: 1146}
{0.0: 16111, 1.0: 2883, -1.0: 1224}
{0.0: 15885, 1.0: 3039, -1.0: 1294}
1 Creating 10 consumers
{0.0: 18011, 1.0: 1839, -1.0: 368}
Iter-0: 33.0/13.6 | Iter-1: 33.84/14.55 | Iter-2: 33.31/13.54 | Iter-3: 32.58/13.35 | Iter-4: 32.48/13.33 | 
{0.0: 17807, 1.0: 1942, -1.0: 469}
Iter-0: 31.98/13.4 | Iter-1: 34.11/14.43 | Iter-2: 33.01/13.5 | Iter-3: 32.61/13.24 | Iter-4: 32.39/13.15 | 
{0.0: 17542, 1.0: 2100, -1.0: 576}
Iter-0: 33.27/13.35 | Iter-1: 32.92/14.42 | Iter-2: 33.9/13.44 | Iter-3: 31.95/13.28 | Iter-4: 31.89/13.1 | 
{0.0: 16463, 1.0: 2662, -1.0: 1093}
Iter-0: 30.99/12.97 | Iter-1: 31.92/13.84 | Iter-2: 31.81/12.93 | Iter-3: 31.23/12.82 | Iter-4: 31.5/12.74 | 
{0.0: 16862, 1.0: 2462, -1.0: 894}
Iter-0: 31.43/13.2 | Iter-1: 32.78/14.16 | Iter-2: 33.71/13.21 | Iter-3: 32.89/13.09 | Iter-4: 32.73/12.97 | 
{0.0: 16662, 1.0: 2546, -1.0: 1010}
Iter-0: 32.74/14.09 | Iter-1: 32.81/14.03 | Iter-2: 32.73/13.18 | Iter-3: 31.86/12.96 | Iter-4: 31.93/12.89 | 
{0.0: 17174, 1.0: 2334, -1.0: 710}
Iter-0: 32.95/13.31 | Iter-1: 33.78/14.23 | Iter-2: 35.31/14.1 | Iter-3: 34.97/14.49 | Iter-4: 34.48/14.34 | 
{0.0: 16111, 1.0: 2883, -1.0: 1224}
Iter-0: 31.7/12.8 | Iter-1: 32.55/13.75 | Iter-2: 33.4/12.9 | Iter-3: 32.38/12.78 | Iter-4: 32.04/12.7 | 
{0.0: 16286, 1.0: 2786, -1.0: 1146}
Iter-0: 33.44/13.62 | Iter-1: 35.08/15.41 | Iter-2: 32.34/13.05 | Iter-3: 32.19/12.81 | Iter-4: 32.07/13.26 | 
{0.0: 15885, 1.0: 3039, -1.0: 1294}
Iter-0: 32.5/12.79 | Iter-1: 33.4/13.73 | Iter-2: 33.18/12.8 | Iter-3: 32.36/12.74 | Iter-4: 32.32/12.66 | 
prob_mse: 0.165529739176, running time: 264.086410999
6.0 ~~~~~~~~~~~~~~~~~~~~~~~~~~~~~~~~~~~~~~~~~~~~~~~~~~~~~~~~~~~~~~~`
dataset: enron method: Adv-CSL, #attack_edge:10000,T:10,test_ratio: 0.3,gamma:0.01
/network/rit/lab/ceashpc/adil/data/adv_csl/Jan2/random_noise/enron/enron-attackedges-10000-T-10-testratio-0.3-swap_ratio-0.01-gamma-0.01-realization-1-data-X.pkl
#Rule:743244 Nodes:67392 Edges:743244
0 Creating 10 consumers
{0.0: 18011, 1.0: 1839, -1.0: 368}
{0.0: 17807, 1.0: 1942, -1.0: 469}
{0.0: 17542, 1.0: 2100, -1.0: 576}
{0.0: 17174, 1.0: 2334, -1.0: 710}
{0.0: 16862, 1.0: 2462, -1.0: 894}
{0.0: 16662, 1.0: 2546, -1.0: 1010}
{0.0: 16286, 1.0: 2786, -1.0: 1146}
{0.0: 16463, 1.0: 2662, -1.0: 1093}
{0.0: 16111, 1.0: 2883, -1.0: 1224}
{0.0: 15885, 1.0: 3039, -1.0: 1294}
1 Creating 10 consumers
{0.0: 18011, 1.0: 1839, -1.0: 368}
Iter-0: 32.51/13.63 | Iter-1: 34.79/14.89 | Iter-2: 33.64/13.69 | Iter-3: 32.61/13.47 | Iter-4: 32.69/13.35 | 
{0.0: 16662, 1.0: 2546, -1.0: 1010}
Iter-0: 31.51/12.94 | Iter-1: 32.46/14.05 | Iter-2: 33.9/13.41 | Iter-3: 31.27/12.99 | Iter-4: 31.43/12.92 | 
{0.0: 17542, 1.0: 2100, -1.0: 576}
Iter-0: 33.01/13.45 | Iter-1: 34.75/14.76 | Iter-2: 33.76/13.4 | Iter-3: 33.43/13.23 | Iter-4: 32.78/13.22 | 
{0.0: 16862, 1.0: 2462, -1.0: 894}
Iter-0: 31.22/13.01 | Iter-1: 33.05/14.47 | Iter-2: 33.94/13.3 | Iter-3: 33.13/13.15 | Iter-4: 32.86/13.02 | 
{0.0: 17174, 1.0: 2334, -1.0: 710}
Iter-0: 32.75/13.23 | Iter-1: 34.83/15.3 | Iter-2: 33.67/13.34 | Iter-3: 32.83/13.21 | Iter-4: 32.7/13.09 | 
{0.0: 16463, 1.0: 2662, -1.0: 1093}
Iter-0: 32.83/12.83 | Iter-1: 32.41/14.0 | Iter-2: 31.74/13.02 | Iter-3: 30.99/12.82 | Iter-4: 32.48/12.79 | 
{0.0: 16286, 1.0: 2786, -1.0: 1146}
Iter-0: 31.9/12.9 | Iter-1: 35.23/14.52 | Iter-2: 31.75/13.08 | Iter-3: 31.06/12.92 | Iter-4: 31.09/12.83 | 
{0.0: 17807, 1.0: 1942, -1.0: 469}
Iter-0: 34.37/13.5 | Iter-1: 35.56/14.85 | Iter-2: 36.85/15.02 | Iter-3: 35.85/14.86 | Iter-4: 33.49/14.28 | 
{0.0: 16111, 1.0: 2883, -1.0: 1224}
Iter-0: 31.45/12.84 | Iter-1: 32.54/13.94 | Iter-2: 34.33/13.1 | Iter-3: 31.66/12.91 | Iter-4: 31.56/13.22 | 
{0.0: 15885, 1.0: 3039, -1.0: 1294}
Iter-0: 32.31/12.67 | Iter-1: 33.14/13.82 | Iter-2: 32.48/12.85 | Iter-3: 31.84/12.74 | Iter-4: 31.88/12.68 | 
prob_mse: 0.165529739176, running time: 263.612841845
7.0 ~~~~~~~~~~~~~~~~~~~~~~~~~~~~~~~~~~~~~~~~~~~~~~~~~~~~~~~~~~~~~~~`
dataset: enron method: Adv-CSL, #attack_edge:10000,T:10,test_ratio: 0.3,gamma:0.01
/network/rit/lab/ceashpc/adil/data/adv_csl/Jan2/random_noise/enron/enron-attackedges-10000-T-10-testratio-0.3-swap_ratio-0.01-gamma-0.01-realization-2-data-X.pkl
#Rule:743244 Nodes:67392 Edges:743244
0 Creating 10 consumers
{0.0: 18011, 1.0: 1839, -1.0: 368}
{0.0: 17807, 1.0: 1942, -1.0: 469}
{0.0: 17542, 1.0: 2100, -1.0: 576}
{0.0: 17174, 1.0: 2334, -1.0: 710}
{0.0: 16862, 1.0: 2462, -1.0: 894}
{0.0: 16463, 1.0: 2662, -1.0: 1093}
{0.0: 16662, 1.0: 2546, -1.0: 1010}
{0.0: 15885, 1.0: 3039, -1.0: 1294}
{0.0: 16286, 1.0: 2786, -1.0: 1146}
{0.0: 16111, 1.0: 2883, -1.0: 1224}
1 Creating 10 consumers
{0.0: 17807, 1.0: 1942, -1.0: 469}
Iter-0: 33.2/13.49 | Iter-1: 33.67/14.63 | Iter-2: 33.15/13.83 | Iter-3: 32.66/13.41 | Iter-4: 33.12/13.21 | 
{0.0: 17542, 1.0: 2100, -1.0: 576}
Iter-0: 33.07/13.38 | Iter-1: 33.87/14.46 | Iter-2: 32.5/13.41 | Iter-3: 32.69/13.33 | Iter-4: 33.08/13.1 | 
{0.0: 18011, 1.0: 1839, -1.0: 368}
Iter-0: 34.71/13.5 | Iter-1: 34.8/15.04 | Iter-2: 33.46/13.58 | Iter-3: 33.36/13.41 | Iter-4: 34.0/13.24 | 
{0.0: 17174, 1.0: 2334, -1.0: 710}
Iter-0: 34.04/14.41 | Iter-1: 33.48/14.29 | Iter-2: 32.44/13.37 | Iter-3: 32.54/13.11 | Iter-4: 32.83/13.02 | 
{0.0: 16662, 1.0: 2546, -1.0: 1010}
Iter-0: 31.71/12.92 | Iter-1: 32.36/14.05 | Iter-2: 32.87/13.09 | Iter-3: 32.95/13.04 | Iter-4: 32.35/12.92 | 
{0.0: 16862, 1.0: 2462, -1.0: 894}
Iter-0: 33.77/12.95 | Iter-1: 34.54/14.6 | Iter-2: 33.44/13.46 | Iter-3: 32.89/13.02 | Iter-4: 33.53/12.94 | 
{0.0: 16463, 1.0: 2662, -1.0: 1093}
Iter-0: 31.93/12.83 | Iter-1: 33.74/14.05 | Iter-2: 32.73/13.07 | Iter-3: 32.64/12.96 | Iter-4: 33.41/12.89 | 
{0.0: 16111, 1.0: 2883, -1.0: 1224}
Iter-0: 32.4/12.7 | Iter-1: 33.34/13.73 | Iter-2: 32.55/12.83 | Iter-3: 32.44/12.72 | Iter-4: 33.06/12.65 | 
{0.0: 15885, 1.0: 3039, -1.0: 1294}
Iter-0: 33.05/12.54 | Iter-1: 35.42/15.12 | Iter-2: 32.28/12.7 | Iter-3: 32.24/12.64 | Iter-4: 33.04/12.61 | 
{0.0: 16286, 1.0: 2786, -1.0: 1146}
Iter-0: 32.89/12.71 | Iter-1: 32.98/13.85 | Iter-2: 35.47/14.22 | Iter-3: 35.54/14.25 | Iter-4: 36.09/14.17 | 
prob_mse: 0.165529739176, running time: 269.796206951
8.0 ~~~~~~~~~~~~~~~~~~~~~~~~~~~~~~~~~~~~~~~~~~~~~~~~~~~~~~~~~~~~~~~`
dataset: enron method: Adv-CSL, #attack_edge:10000,T:10,test_ratio: 0.3,gamma:0.01
/network/rit/lab/ceashpc/adil/data/adv_csl/Jan2/random_noise/enron/enron-attackedges-10000-T-10-testratio-0.3-swap_ratio-0.01-gamma-0.01-realization-3-data-X.pkl
#Rule:743244 Nodes:67392 Edges:743244
0 Creating 10 consumers
{0.0: 18011, 1.0: 1839, -1.0: 368}
{0.0: 17807, 1.0: 1942, -1.0: 469}
{0.0: 17542, 1.0: 2100, -1.0: 576}
{0.0: 17174, 1.0: 2334, -1.0: 710}
{0.0: 16662, 1.0: 2546, -1.0: 1010}
{0.0: 16862, 1.0: 2462, -1.0: 894}
{0.0: 16463, 1.0: 2662, -1.0: 1093}
{0.0: 16286, 1.0: 2786, -1.0: 1146}
{0.0: 16111, 1.0: 2883, -1.0: 1224}
{0.0: 15885, 1.0: 3039, -1.0: 1294}
1 Creating 10 consumers
{0.0: 18011, 1.0: 1839, -1.0: 368}
Iter-0: 34.26/13.7 | Iter-1: 35.5/16.07 | Iter-2: 33.69/13.64 | Iter-3: 34.08/13.46 | Iter-4: 32.59/13.32 | 
{0.0: 17542, 1.0: 2100, -1.0: 576}
Iter-0: 35.62/13.38 | Iter-1: 33.72/14.88 | Iter-2: 33.52/13.73 | Iter-3: 33.87/13.3 | Iter-4: 31.57/13.11 | 
{0.0: 16862, 1.0: 2462, -1.0: 894}
Iter-0: 35.04/13.23 | Iter-1: 32.86/14.49 | Iter-2: 32.01/13.23 | Iter-3: 32.44/13.08 | Iter-4: 31.43/13.05 | 
{0.0: 17807, 1.0: 1942, -1.0: 469}
Iter-0: 37.76/15.01 | Iter-1: 34.13/15.04 | Iter-2: 33.25/13.48 | Iter-3: 33.62/13.33 | Iter-4: 32.46/13.24 | 
{0.0: 17174, 1.0: 2334, -1.0: 710}
Iter-0: 35.55/13.22 | Iter-1: 33.98/14.73 | Iter-2: 34.14/14.74 | Iter-3: 33.88/13.66 | Iter-4: 31.98/13.04 | 
{0.0: 16111, 1.0: 2883, -1.0: 1224}
Iter-0: 34.09/12.88 | Iter-1: 33.26/14.29 | Iter-2: 32.02/13.01 | Iter-3: 33.22/12.85 | Iter-4: 31.65/12.84 | 
{0.0: 16286, 1.0: 2786, -1.0: 1146}
Iter-0: 34.63/12.88 | Iter-1: 34.43/14.29 | Iter-2: 32.31/13.32 | Iter-3: 32.82/12.87 | Iter-4: 32.59/12.75 | 
{0.0: 16662, 1.0: 2546, -1.0: 1010}
Iter-0: 35.41/13.0 | Iter-1: 36.14/15.51 | Iter-2: 33.9/13.46 | Iter-3: 32.96/13.01 | Iter-4: 32.08/12.88 | 
{0.0: 16463, 1.0: 2662, -1.0: 1093}
Iter-0: 36.23/12.91 | Iter-1: 34.72/14.33 | Iter-2: 33.81/13.07 | Iter-3: 33.59/12.88 | Iter-4: 32.67/12.79 | 
{0.0: 15885, 1.0: 3039, -1.0: 1294}
Iter-0: 36.07/13.27 | Iter-1: 33.12/13.75 | Iter-2: 32.63/12.88 | Iter-3: 35.47/14.25 | Iter-4: 34.51/13.89 | 
prob_mse: 0.165529739176, running time: 274.980679989
9.0 ~~~~~~~~~~~~~~~~~~~~~~~~~~~~~~~~~~~~~~~~~~~~~~~~~~~~~~~~~~~~~~~`
dataset: enron method: Adv-CSL, #attack_edge:10000,T:10,test_ratio: 0.3,gamma:0.01
/network/rit/lab/ceashpc/adil/data/adv_csl/Jan2/random_noise/enron/enron-attackedges-10000-T-10-testratio-0.3-swap_ratio-0.01-gamma-0.01-realization-4-data-X.pkl
#Rule:743244 Nodes:67392 Edges:743244
0 Creating 10 consumers
{0.0: 18011, 1.0: 1839, -1.0: 368}
{0.0: 17807, 1.0: 1942, -1.0: 469}
{0.0: 17542, 1.0: 2100, -1.0: 576}
{0.0: 17174, 1.0: 2334, -1.0: 710}
{0.0: 16862, 1.0: 2462, -1.0: 894}
{0.0: 16662, 1.0: 2546, -1.0: 1010}
{0.0: 16463, 1.0: 2662, -1.0: 1093}
{0.0: 16286, 1.0: 2786, -1.0: 1146}
{0.0: 16111, 1.0: 2883, -1.0: 1224}
{0.0: 15885, 1.0: 3039, -1.0: 1294}
1 Creating 10 consumers
{0.0: 17807, 1.0: 1942, -1.0: 469}
Iter-0: 31.83/13.52 | Iter-1: 33.92/14.52 | Iter-2: 33.45/14.48 | Iter-3: 31.6/13.34 | Iter-4: 32.7/13.27 | 
{0.0: 17542, 1.0: 2100, -1.0: 576}
Iter-0: 32.86/13.39 | Iter-1: 35.46/14.56 | Iter-2: 33.22/13.41 | Iter-3: 32.63/13.18 | Iter-4: 32.68/13.1 | 
{0.0: 18011, 1.0: 1839, -1.0: 368}
Iter-0: 35.03/15.09 | Iter-1: 35.82/14.84 | Iter-2: 33.73/13.82 | Iter-3: 33.13/13.36 | Iter-4: 33.02/13.27 | 
{0.0: 17174, 1.0: 2334, -1.0: 710}
Iter-0: 31.97/13.31 | Iter-1: 35.12/14.26 | Iter-2: 32.94/13.33 | Iter-3: 32.3/13.07 | Iter-4: 32.69/13.23 | 
{0.0: 16862, 1.0: 2462, -1.0: 894}
Iter-0: 32.34/13.03 | Iter-1: 34.92/14.96 | Iter-2: 32.18/13.21 | Iter-3: 31.79/12.96 | Iter-4: 31.91/12.93 | 
{0.0: 16286, 1.0: 2786, -1.0: 1146}
Iter-0: 31.75/12.77 | Iter-1: 34.51/13.89 | Iter-2: 32.28/12.99 | Iter-3: 32.16/12.86 | Iter-4: 32.16/13.01 | 
{0.0: 16662, 1.0: 2546, -1.0: 1010}
Iter-0: 33.73/13.78 | Iter-1: 36.41/15.51 | Iter-2: 32.17/13.11 | Iter-3: 32.03/12.93 | Iter-4: 32.27/12.97 | 
{0.0: 16111, 1.0: 2883, -1.0: 1224}
Iter-0: 31.77/12.77 | Iter-1: 34.55/14.03 | Iter-2: 32.1/13.23 | Iter-3: 31.64/12.85 | Iter-4: 31.82/12.8 | 
{0.0: 16463, 1.0: 2662, -1.0: 1093}
Iter-0: 31.27/12.87 | Iter-1: 33.79/14.12 | Iter-2: 34.12/13.09 | Iter-3: 35.49/14.39 | Iter-4: 33.3/14.36 | 
{0.0: 15885, 1.0: 3039, -1.0: 1294}
Iter-0: 31.37/12.79 | Iter-1: 34.79/13.99 | Iter-2: 33.21/13.63 | Iter-3: 32.54/12.99 | Iter-4: 31.88/12.65 | 
prob_mse: 0.165529739176, running time: 266.229063034
10.0 ~~~~~~~~~~~~~~~~~~~~~~~~~~~~~~~~~~~~~~~~~~~~~~~~~~~~~~~~~~~~~~~`
dataset: enron method: Adv-CSL, #attack_edge:10000,T:10,test_ratio: 0.3,gamma:0.03
/network/rit/lab/ceashpc/adil/data/adv_csl/Jan2/random_noise/enron/enron-attackedges-10000-T-10-testratio-0.3-swap_ratio-0.01-gamma-0.03-realization-0-data-X.pkl
#Rule:743244 Nodes:67392 Edges:743244
0 Creating 10 consumers
{0.0: 18011, 1.0: 1839, -1.0: 368}
{0.0: 17807, 1.0: 1942, -1.0: 469}
{0.0: 17542, 1.0: 2100, -1.0: 576}
{0.0: 16862, 1.0: 2462, -1.0: 894}
{0.0: 17174, 1.0: 2334, -1.0: 710}
{0.0: 16662, 1.0: 2546, -1.0: 1010}
{0.0: 16463, 1.0: 2662, -1.0: 1093}
{0.0: 16286, 1.0: 2786, -1.0: 1146}
{0.0: 16111, 1.0: 2883, -1.0: 1224}
{0.0: 15885, 1.0: 3039, -1.0: 1294}
1 Creating 10 consumers
{0.0: 17542, 1.0: 2100, -1.0: 576}
Iter-0: 31.99/13.38 | Iter-1: 33.58/14.45 | Iter-2: 32.24/13.6 | Iter-3: 32.04/13.48 | Iter-4: 31.95/13.51 | 
{0.0: 18011, 1.0: 1839, -1.0: 368}
Iter-0: 33.83/14.3 | Iter-1: 35.03/14.74 | Iter-2: 33.43/13.9 | Iter-3: 32.92/13.75 | Iter-4: 32.74/13.74 | 
{0.0: 17807, 1.0: 1942, -1.0: 469}
Iter-0: 33.54/13.75 | Iter-1: 34.09/14.71 | Iter-2: 32.54/13.73 | Iter-3: 33.96/13.69 | Iter-4: 33.48/13.62 | 
{0.0: 16862, 1.0: 2462, -1.0: 894}
Iter-0: 31.72/13.1 | Iter-1: 33.31/14.1 | Iter-2: 31.99/13.28 | Iter-3: 32.0/13.22 | Iter-4: 33.35/13.27 | 
{0.0: 17174, 1.0: 2334, -1.0: 710}
Iter-0: 32.43/13.35 | Iter-1: 34.89/14.5 | Iter-2: 33.34/13.73 | Iter-3: 32.42/13.58 | Iter-4: 33.75/13.87 | 
{0.0: 16463, 1.0: 2662, -1.0: 1093}
Iter-0: 34.25/14.08 | Iter-1: 33.44/14.14 | Iter-2: 31.88/13.14 | Iter-3: 31.65/13.18 | Iter-4: 31.81/13.15 | 
{0.0: 16286, 1.0: 2786, -1.0: 1146}
Iter-0: 31.48/12.83 | Iter-1: 33.46/14.04 | Iter-2: 32.49/13.22 | Iter-3: 32.14/13.41 | Iter-4: 32.94/13.39 | 
{0.0: 16111, 1.0: 2883, -1.0: 1224}
Iter-0: 32.81/12.72 | Iter-1: 34.59/13.92 | Iter-2: 32.88/13.1 | Iter-3: 31.51/13.11 | Iter-4: 32.13/13.29 | 
{0.0: 15885, 1.0: 3039, -1.0: 1294}
Iter-0: 32.16/12.72 | Iter-1: 34.28/13.85 | Iter-2: 32.56/12.96 | Iter-3: 32.55/12.98 | Iter-4: 32.89/13.11 | 
{0.0: 16662, 1.0: 2546, -1.0: 1010}
Iter-0: 33.18/13.13 | Iter-1: 37.97/15.87 | Iter-2: 36.29/14.92 | Iter-3: 35.96/14.94 | Iter-4: 33.82/13.73 | 
prob_mse: 0.16531127708, running time: 274.374382973
11.0 ~~~~~~~~~~~~~~~~~~~~~~~~~~~~~~~~~~~~~~~~~~~~~~~~~~~~~~~~~~~~~~~`
dataset: enron method: Adv-CSL, #attack_edge:10000,T:10,test_ratio: 0.3,gamma:0.03
/network/rit/lab/ceashpc/adil/data/adv_csl/Jan2/random_noise/enron/enron-attackedges-10000-T-10-testratio-0.3-swap_ratio-0.01-gamma-0.03-realization-1-data-X.pkl
#Rule:743244 Nodes:67392 Edges:743244
0 Creating 10 consumers
{0.0: 18011, 1.0: 1839, -1.0: 368}
{0.0: 17542, 1.0: 2100, -1.0: 576}
{0.0: 17807, 1.0: 1942, -1.0: 469}
{0.0: 17174, 1.0: 2334, -1.0: 710}
{0.0: 16662, 1.0: 2546, -1.0: 1010}
{0.0: 16862, 1.0: 2462, -1.0: 894}
{0.0: 16463, 1.0: 2662, -1.0: 1093}
{0.0: 16111, 1.0: 2883, -1.0: 1224}
{0.0: 16286, 1.0: 2786, -1.0: 1146}
{0.0: 15885, 1.0: 3039, -1.0: 1294}
1 Creating 10 consumers
{0.0: 18011, 1.0: 1839, -1.0: 368}
Iter-0: 33.0/13.82 | Iter-1: 33.81/15.13 | Iter-2: 35.58/14.25 | Iter-3: 33.74/13.78 | Iter-4: 33.95/13.7 | 
{0.0: 17807, 1.0: 1942, -1.0: 469}
Iter-0: 33.27/13.7 | Iter-1: 34.26/14.85 | Iter-2: 34.1/13.96 | Iter-3: 33.06/13.69 | Iter-4: 32.91/13.6 | 
{0.0: 17542, 1.0: 2100, -1.0: 576}
Iter-0: 33.59/14.06 | Iter-1: 33.82/14.74 | Iter-2: 33.51/13.68 | Iter-3: 32.67/13.59 | Iter-4: 32.52/13.52 | 
{0.0: 16862, 1.0: 2462, -1.0: 894}
Iter-0: 32.99/13.32 | Iter-1: 33.75/14.53 | Iter-2: 33.43/13.62 | Iter-3: 33.16/13.56 | Iter-4: 32.87/13.46 | 
{0.0: 16286, 1.0: 2786, -1.0: 1146}
Iter-0: 31.7/12.92 | Iter-1: 33.14/14.28 | Iter-2: 32.22/13.23 | Iter-3: 31.61/13.23 | Iter-4: 31.76/13.23 | 
{0.0: 16662, 1.0: 2546, -1.0: 1010}
Iter-0: 32.62/13.16 | Iter-1: 33.54/14.38 | Iter-2: 33.58/13.45 | Iter-3: 33.2/13.55 | Iter-4: 32.87/13.37 | 
{0.0: 16111, 1.0: 2883, -1.0: 1224}
Iter-0: 31.82/12.81 | Iter-1: 34.26/14.05 | Iter-2: 32.67/13.18 | Iter-3: 31.41/13.01 | Iter-4: 31.62/13.06 | 
{0.0: 16463, 1.0: 2662, -1.0: 1093}
Iter-0: 32.65/13.07 | Iter-1: 32.96/14.16 | Iter-2: 32.68/13.15 | Iter-3: 33.67/13.25 | Iter-4: 33.29/13.28 | 
{0.0: 15885, 1.0: 3039, -1.0: 1294}
Iter-0: 31.89/13.05 | Iter-1: 34.57/14.17 | Iter-2: 33.99/13.12 | Iter-3: 33.68/13.18 | Iter-4: 33.33/13.1 | 
{0.0: 17174, 1.0: 2334, -1.0: 710}
Iter-0: 34.78/13.87 | Iter-1: 36.98/16.21 | Iter-2: 36.66/15.13 | Iter-3: 35.75/14.98 | Iter-4: 36.06/15.06 | 
prob_mse: 0.16531127708, running time: 275.378657103
12.0 ~~~~~~~~~~~~~~~~~~~~~~~~~~~~~~~~~~~~~~~~~~~~~~~~~~~~~~~~~~~~~~~`
dataset: enron method: Adv-CSL, #attack_edge:10000,T:10,test_ratio: 0.3,gamma:0.03
/network/rit/lab/ceashpc/adil/data/adv_csl/Jan2/random_noise/enron/enron-attackedges-10000-T-10-testratio-0.3-swap_ratio-0.01-gamma-0.03-realization-2-data-X.pkl
#Rule:743244 Nodes:67392 Edges:743244
0 Creating 10 consumers
{0.0: 18011, 1.0: 1839, -1.0: 368}
{0.0: 17807, 1.0: 1942, -1.0: 469}
{0.0: 17542, 1.0: 2100, -1.0: 576}
{0.0: 17174, 1.0: 2334, -1.0: 710}
{0.0: 16862, 1.0: 2462, -1.0: 894}
{0.0: 16662, 1.0: 2546, -1.0: 1010}
{0.0: 16463, 1.0: 2662, -1.0: 1093}
{0.0: 16286, 1.0: 2786, -1.0: 1146}
{0.0: 15885, 1.0: 3039, -1.0: 1294}
{0.0: 16111, 1.0: 2883, -1.0: 1224}
1 Creating 10 consumers
{0.0: 18011, 1.0: 1839, -1.0: 368}
Iter-0: 34.28/13.68 | Iter-1: 35.67/14.93 | Iter-2: 33.79/13.89 | Iter-3: 34.67/13.84 | Iter-4: 32.97/13.77 | 
{0.0: 17174, 1.0: 2334, -1.0: 710}
Iter-0: 35.22/14.85 | Iter-1: 33.61/14.74 | Iter-2: 32.82/14.18 | Iter-3: 32.44/13.37 | Iter-4: 32.0/13.37 | 
{0.0: 17807, 1.0: 1942, -1.0: 469}
Iter-0: 34.03/13.51 | Iter-1: 36.61/16.43 | Iter-2: 33.41/13.75 | Iter-3: 34.04/13.67 | Iter-4: 33.25/13.63 | 
{0.0: 16862, 1.0: 2462, -1.0: 894}
Iter-0: 33.1/13.48 | Iter-1: 33.87/14.49 | Iter-2: 32.63/13.46 | Iter-3: 33.03/13.31 | Iter-4: 32.5/13.36 | 
{0.0: 16286, 1.0: 2786, -1.0: 1146}
Iter-0: 32.4/12.96 | Iter-1: 33.2/14.32 | Iter-2: 31.83/13.22 | Iter-3: 32.11/13.1 | Iter-4: 31.6/13.16 | 
{0.0: 16662, 1.0: 2546, -1.0: 1010}
Iter-0: 32.38/13.09 | Iter-1: 34.73/14.61 | Iter-2: 33.51/13.66 | Iter-3: 34.29/13.3 | Iter-4: 33.44/13.38 | 
{0.0: 17542, 1.0: 2100, -1.0: 576}
Iter-0: 33.02/13.49 | Iter-1: 34.12/14.7 | Iter-2: 33.72/14.3 | Iter-3: 37.12/15.17 | Iter-4: 36.34/15.16 | 
{0.0: 16111, 1.0: 2883, -1.0: 1224}
Iter-0: 32.96/12.8 | Iter-1: 33.66/14.16 | Iter-2: 31.86/13.05 | Iter-3: 32.54/13.07 | Iter-4: 31.92/13.03 | 
{0.0: 16463, 1.0: 2662, -1.0: 1093}
Iter-0: 33.79/13.59 | Iter-1: 34.49/14.57 | Iter-2: 33.11/13.42 | Iter-3: 33.72/13.46 | Iter-4: 32.85/13.23 | 
{0.0: 15885, 1.0: 3039, -1.0: 1294}
Iter-0: 33.02/12.81 | Iter-1: 35.6/15.22 | Iter-2: 32.41/13.11 | Iter-3: 33.24/13.13 | Iter-4: 33.02/13.18 | 
prob_mse: 0.16531127708, running time: 271.749799013
13.0 ~~~~~~~~~~~~~~~~~~~~~~~~~~~~~~~~~~~~~~~~~~~~~~~~~~~~~~~~~~~~~~~`
dataset: enron method: Adv-CSL, #attack_edge:10000,T:10,test_ratio: 0.3,gamma:0.03
/network/rit/lab/ceashpc/adil/data/adv_csl/Jan2/random_noise/enron/enron-attackedges-10000-T-10-testratio-0.3-swap_ratio-0.01-gamma-0.03-realization-3-data-X.pkl
#Rule:743244 Nodes:67392 Edges:743244
0 Creating 10 consumers
{0.0: 17807, 1.0: 1942, -1.0: 469}
{0.0: 18011, 1.0: 1839, -1.0: 368}
{0.0: 17542, 1.0: 2100, -1.0: 576}
{0.0: 16862, 1.0: 2462, -1.0: 894}
{0.0: 16662, 1.0: 2546, -1.0: 1010}
{0.0: 17174, 1.0: 2334, -1.0: 710}
{0.0: 16463, 1.0: 2662, -1.0: 1093}
{0.0: 16286, 1.0: 2786, -1.0: 1146}
{0.0: 16111, 1.0: 2883, -1.0: 1224}
{0.0: 15885, 1.0: 3039, -1.0: 1294}
1 Creating 10 consumers
{0.0: 18011, 1.0: 1839, -1.0: 368}
Iter-0: 33.51/13.66 | Iter-1: 34.3/14.67 | Iter-2: 33.22/13.96 | Iter-3: 33.61/13.71 | Iter-4: 33.51/13.92 | 
{0.0: 17807, 1.0: 1942, -1.0: 469}
Iter-0: 32.69/13.55 | Iter-1: 34.29/15.5 | Iter-2: 32.21/13.89 | Iter-3: 33.67/13.57 | Iter-4: 33.9/13.77 | 
{0.0: 17174, 1.0: 2334, -1.0: 710}
Iter-0: 33.05/13.3 | Iter-1: 34.22/14.97 | Iter-2: 32.65/13.55 | Iter-3: 33.53/13.51 | Iter-4: 32.76/13.45 | 
{0.0: 16463, 1.0: 2662, -1.0: 1093}
Iter-0: 31.73/12.82 | Iter-1: 33.06/14.68 | Iter-2: 31.5/13.15 | Iter-3: 32.59/13.33 | Iter-4: 31.95/13.38 | 
{0.0: 16862, 1.0: 2462, -1.0: 894}
Iter-0: 33.98/13.25 | Iter-1: 34.71/14.82 | Iter-2: 31.76/13.31 | Iter-3: 33.28/13.3 | Iter-4: 32.05/13.37 | 
{0.0: 16662, 1.0: 2546, -1.0: 1010}
Iter-0: 32.09/13.07 | Iter-1: 34.77/14.82 | Iter-2: 32.35/13.54 | Iter-3: 32.55/13.33 | Iter-4: 31.86/13.29 | 
{0.0: 17542, 1.0: 2100, -1.0: 576}
Iter-0: 34.17/13.59 | Iter-1: 35.26/15.27 | Iter-2: 33.83/13.73 | Iter-3: 34.39/13.67 | Iter-4: 33.2/13.59 | 
{0.0: 16111, 1.0: 2883, -1.0: 1224}
Iter-0: 31.91/12.77 | Iter-1: 32.9/14.45 | Iter-2: 31.3/12.99 | Iter-3: 32.28/13.22 | Iter-4: 33.23/13.13 | 
{0.0: 16286, 1.0: 2786, -1.0: 1146}
Iter-0: 31.5/12.68 | Iter-1: 35.29/15.38 | Iter-2: 34.24/14.44 | Iter-3: 34.29/13.58 | Iter-4: 32.78/13.16 | 
{0.0: 15885, 1.0: 3039, -1.0: 1294}
Iter-0: 32.12/12.59 | Iter-1: 33.02/13.92 | Iter-2: 33.18/13.04 | Iter-3: 34.37/13.61 | Iter-4: 34.4/14.45 | 
prob_mse: 0.16531127708, running time: 272.411208153
14.0 ~~~~~~~~~~~~~~~~~~~~~~~~~~~~~~~~~~~~~~~~~~~~~~~~~~~~~~~~~~~~~~~`
dataset: enron method: Adv-CSL, #attack_edge:10000,T:10,test_ratio: 0.3,gamma:0.03
/network/rit/lab/ceashpc/adil/data/adv_csl/Jan2/random_noise/enron/enron-attackedges-10000-T-10-testratio-0.3-swap_ratio-0.01-gamma-0.03-realization-4-data-X.pkl
#Rule:743244 Nodes:67392 Edges:743244
0 Creating 10 consumers
{0.0: 18011, 1.0: 1839, -1.0: 368}
{0.0: 17807, 1.0: 1942, -1.0: 469}
{0.0: 17174, 1.0: 2334, -1.0: 710}
{0.0: 17542, 1.0: 2100, -1.0: 576}
{0.0: 16662, 1.0: 2546, -1.0: 1010}
{0.0: 16862, 1.0: 2462, -1.0: 894}
{0.0: 16463, 1.0: 2662, -1.0: 1093}
{0.0: 16286, 1.0: 2786, -1.0: 1146}
{0.0: 16111, 1.0: 2883, -1.0: 1224}
{0.0: 15885, 1.0: 3039, -1.0: 1294}
1 Creating 10 consumers
{0.0: 18011, 1.0: 1839, -1.0: 368}
Iter-0: 32.22/13.66 | Iter-1: 33.2/14.63 | Iter-2: 32.48/13.9 | Iter-3: 32.77/13.66 | Iter-4: 32.27/13.72 | 
{0.0: 17807, 1.0: 1942, -1.0: 469}
Iter-0: 32.21/13.46 | Iter-1: 34.33/14.71 | Iter-2: 33.41/13.7 | Iter-3: 34.12/13.62 | Iter-4: 33.09/13.54 | 
{0.0: 17542, 1.0: 2100, -1.0: 576}
Iter-0: 32.49/13.45 | Iter-1: 33.6/14.55 | Iter-2: 32.75/13.65 | Iter-3: 33.32/13.59 | Iter-4: 32.68/13.52 | 
{0.0: 17174, 1.0: 2334, -1.0: 710}
Iter-0: 31.58/13.19 | Iter-1: 34.16/14.39 | Iter-2: 33.73/13.48 | Iter-3: 34.25/13.43 | Iter-4: 33.16/13.39 | 
{0.0: 16662, 1.0: 2546, -1.0: 1010}
Iter-0: 31.79/12.98 | Iter-1: 33.84/14.46 | Iter-2: 32.33/13.32 | Iter-3: 32.97/13.33 | Iter-4: 32.36/13.29 | 
{0.0: 16463, 1.0: 2662, -1.0: 1093}
Iter-0: 31.38/12.81 | Iter-1: 32.48/14.0 | Iter-2: 32.97/13.22 | Iter-3: 33.88/13.23 | Iter-4: 33.04/13.28 | 
{0.0: 15885, 1.0: 3039, -1.0: 1294}
Iter-0: 30.94/12.64 | Iter-1: 32.26/13.77 | Iter-2: 31.33/12.97 | Iter-3: 32.42/13.01 | Iter-4: 31.97/13.08 | 
{0.0: 16111, 1.0: 2883, -1.0: 1224}
Iter-0: 31.54/12.75 | Iter-1: 32.75/13.94 | Iter-2: 32.15/13.18 | Iter-3: 32.75/13.1 | Iter-4: 33.49/13.19 | 
{0.0: 16862, 1.0: 2462, -1.0: 894}
Iter-0: 32.3/13.11 | Iter-1: 34.77/15.56 | Iter-2: 35.0/14.28 | Iter-3: 36.06/14.92 | Iter-4: 33.29/13.66 | 
{0.0: 16286, 1.0: 2786, -1.0: 1146}
Iter-0: 32.25/12.82 | Iter-1: 33.9/14.05 | Iter-2: 32.92/13.21 | Iter-3: 33.78/13.18 | Iter-4: 33.2/13.24 | 
prob_mse: 0.16531127708, running time: 263.21475482
15.0 ~~~~~~~~~~~~~~~~~~~~~~~~~~~~~~~~~~~~~~~~~~~~~~~~~~~~~~~~~~~~~~~`
dataset: enron method: Adv-CSL, #attack_edge:10000,T:10,test_ratio: 0.3,gamma:0.05
/network/rit/lab/ceashpc/adil/data/adv_csl/Jan2/random_noise/enron/enron-attackedges-10000-T-10-testratio-0.3-swap_ratio-0.01-gamma-0.05-realization-0-data-X.pkl
#Rule:743244 Nodes:67392 Edges:743244
0 Creating 10 consumers
{0.0: 18358, 1.0: 1463, -1.0: 397}
{0.0: 17869, 1.0: 1751, -1.0: 598}
{0.0: 18157, 1.0: 1572, -1.0: 489}
{0.0: 17529, 1.0: 1979, -1.0: 710}
{0.0: 17236, 1.0: 2109, -1.0: 873}
{0.0: 17034, 1.0: 2190, -1.0: 994}
{0.0: 16817, 1.0: 2349, -1.0: 1052}
{0.0: 16462, 1.0: 2536, -1.0: 1220}
{0.0: 16645, 1.0: 2442, -1.0: 1131}
{0.0: 16227, 1.0: 2674, -1.0: 1317}
1 Creating 10 consumers
{0.0: 18358, 1.0: 1463, -1.0: 397}
Iter-0: 33.76/13.85 | Iter-1: 37.56/15.88 | Iter-2: 35.1/15.43 | Iter-3: 34.81/14.91 | Iter-4: 33.5/13.82 | 
{0.0: 17869, 1.0: 1751, -1.0: 598}
Iter-0: 33.04/13.53 | Iter-1: 36.66/15.67 | Iter-2: 35.16/14.74 | Iter-3: 32.42/13.78 | Iter-4: 33.79/13.75 | 
{0.0: 17529, 1.0: 1979, -1.0: 710}
Iter-0: 34.2/13.55 | Iter-1: 37.78/15.37 | Iter-2: 33.57/14.12 | Iter-3: 32.41/13.67 | Iter-4: 32.39/13.55 | 
{0.0: 18157, 1.0: 1572, -1.0: 489}
Iter-0: 33.02/13.75 | Iter-1: 37.58/15.39 | Iter-2: 35.79/15.16 | Iter-3: 35.6/15.66 | Iter-4: 34.41/15.24 | 
{0.0: 17236, 1.0: 2109, -1.0: 873}
Iter-0: 34.06/13.36 | Iter-1: 37.77/16.12 | Iter-2: 33.6/13.89 | Iter-3: 33.33/13.54 | Iter-4: 33.31/13.59 | 
{0.0: 17034, 1.0: 2190, -1.0: 994}
Iter-0: 33.17/13.25 | Iter-1: 38.87/15.99 | Iter-2: 33.91/13.83 | Iter-3: 33.49/13.46 | Iter-4: 33.62/13.5 | 
{0.0: 16817, 1.0: 2349, -1.0: 1052}
Iter-0: 33.41/13.34 | Iter-1: 37.62/15.57 | Iter-2: 33.62/13.51 | Iter-3: 33.36/13.3 | Iter-4: 33.43/13.36 | 
{0.0: 16462, 1.0: 2536, -1.0: 1220}
Iter-0: 32.47/12.97 | Iter-1: 36.33/15.31 | Iter-2: 32.1/13.33 | Iter-3: 32.48/13.16 | Iter-4: 33.8/13.34 | 
{0.0: 16645, 1.0: 2442, -1.0: 1131}
Iter-0: 34.46/13.22 | Iter-1: 38.12/15.75 | Iter-2: 33.61/13.38 | Iter-3: 33.37/13.27 | Iter-4: 33.6/13.31 | 
{0.0: 16227, 1.0: 2674, -1.0: 1317}
Iter-0: 32.53/12.78 | Iter-1: 38.98/16.03 | Iter-2: 34.01/13.61 | Iter-3: 33.7/13.42 | Iter-4: 32.12/13.24 | 
prob_mse: 0.15121895011, running time: 279.262145042
16.0 ~~~~~~~~~~~~~~~~~~~~~~~~~~~~~~~~~~~~~~~~~~~~~~~~~~~~~~~~~~~~~~~`
dataset: enron method: Adv-CSL, #attack_edge:10000,T:10,test_ratio: 0.3,gamma:0.05
/network/rit/lab/ceashpc/adil/data/adv_csl/Jan2/random_noise/enron/enron-attackedges-10000-T-10-testratio-0.3-swap_ratio-0.01-gamma-0.05-realization-1-data-X.pkl
#Rule:743244 Nodes:67392 Edges:743244
0 Creating 10 consumers
{0.0: 18358, 1.0: 1463, -1.0: 397}
{0.0: 18157, 1.0: 1572, -1.0: 489}
{0.0: 17869, 1.0: 1751, -1.0: 598}
{0.0: 17529, 1.0: 1979, -1.0: 710}
{0.0: 17236, 1.0: 2109, -1.0: 873}
{0.0: 17034, 1.0: 2190, -1.0: 994}
{0.0: 16817, 1.0: 2349, -1.0: 1052}
{0.0: 16462, 1.0: 2536, -1.0: 1220}
{0.0: 16645, 1.0: 2442, -1.0: 1131}
{0.0: 16227, 1.0: 2674, -1.0: 1317}
1 Creating 10 consumers
{0.0: 18358, 1.0: 1463, -1.0: 397}
Iter-0: 33.91/14.85 | Iter-1: 33.85/14.79 | Iter-2: 34.9/14.19 | Iter-3: 33.67/13.97 | Iter-4: 33.68/13.87 | 
{0.0: 17869, 1.0: 1751, -1.0: 598}
Iter-0: 33.07/13.94 | Iter-1: 33.85/14.87 | Iter-2: 34.36/14.03 | Iter-3: 32.53/13.75 | Iter-4: 35.25/14.13 | 
{0.0: 16645, 1.0: 2442, -1.0: 1131}
Iter-0: 31.35/12.94 | Iter-1: 32.65/14.15 | Iter-2: 32.37/13.38 | Iter-3: 32.02/13.34 | Iter-4: 31.77/13.31 | 
{0.0: 17034, 1.0: 2190, -1.0: 994}
Iter-0: 33.51/13.18 | Iter-1: 33.14/14.59 | Iter-2: 32.6/13.56 | Iter-3: 32.0/13.37 | Iter-4: 33.7/13.41 | 
{0.0: 17236, 1.0: 2109, -1.0: 873}
Iter-0: 32.53/13.38 | Iter-1: 33.65/14.49 | Iter-2: 34.05/13.81 | Iter-3: 33.32/13.67 | Iter-4: 33.31/13.64 | 
{0.0: 17529, 1.0: 1979, -1.0: 710}
Iter-0: 33.66/13.51 | Iter-1: 34.68/14.7 | Iter-2: 34.94/13.86 | Iter-3: 34.43/13.69 | Iter-4: 33.22/14.48 | 
{0.0: 18157, 1.0: 1572, -1.0: 489}
Iter-0: 34.68/14.19 | Iter-1: 37.04/16.49 | Iter-2: 36.56/15.66 | Iter-3: 33.76/14.0 | Iter-4: 33.4/13.9 | 
{0.0: 16817, 1.0: 2349, -1.0: 1052}
Iter-0: 32.39/13.05 | Iter-1: 33.51/14.17 | Iter-2: 33.41/13.43 | Iter-3: 32.88/13.43 | Iter-4: 32.79/13.44 | 
{0.0: 16462, 1.0: 2536, -1.0: 1220}
Iter-0: 31.65/13.03 | Iter-1: 33.76/14.46 | Iter-2: 32.9/13.71 | Iter-3: 31.96/13.29 | Iter-4: 33.28/13.34 | 
{0.0: 16227, 1.0: 2674, -1.0: 1317}
Iter-0: 32.18/13.03 | Iter-1: 34.14/14.05 | Iter-2: 32.6/13.49 | Iter-3: 33.23/13.19 | Iter-4: 34.04/13.64 | 
prob_mse: 0.15121895011, running time: 265.422391891
17.0 ~~~~~~~~~~~~~~~~~~~~~~~~~~~~~~~~~~~~~~~~~~~~~~~~~~~~~~~~~~~~~~~`
dataset: enron method: Adv-CSL, #attack_edge:10000,T:10,test_ratio: 0.3,gamma:0.05
/network/rit/lab/ceashpc/adil/data/adv_csl/Jan2/random_noise/enron/enron-attackedges-10000-T-10-testratio-0.3-swap_ratio-0.01-gamma-0.05-realization-2-data-X.pkl
#Rule:743244 Nodes:67392 Edges:743244
0 Creating 10 consumers
{0.0: 18358, 1.0: 1463, -1.0: 397}
{0.0: 17869, 1.0: 1751, -1.0: 598}
{0.0: 18157, 1.0: 1572, -1.0: 489}
{0.0: 17529, 1.0: 1979, -1.0: 710}
{0.0: 17034, 1.0: 2190, -1.0: 994}
{0.0: 17236, 1.0: 2109, -1.0: 873}
{0.0: 16817, 1.0: 2349, -1.0: 1052}
{0.0: 16645, 1.0: 2442, -1.0: 1131}
{0.0: 16462, 1.0: 2536, -1.0: 1220}
{0.0: 16227, 1.0: 2674, -1.0: 1317}
1 Creating 10 consumers
{0.0: 17869, 1.0: 1751, -1.0: 598}
Iter-0: 32.11/13.54 | Iter-1: 33.83/14.7 | Iter-2: 33.28/13.99 | Iter-3: 32.3/13.7 | Iter-4: 32.24/13.68 | 
{0.0: 18358, 1.0: 1463, -1.0: 397}
Iter-0: 33.78/13.86 | Iter-1: 34.3/14.78 | Iter-2: 33.43/14.15 | Iter-3: 33.42/13.85 | Iter-4: 33.39/13.83 | 
{0.0: 18157, 1.0: 1572, -1.0: 489}
Iter-0: 32.61/13.51 | Iter-1: 34.29/14.6 | Iter-2: 33.2/13.94 | Iter-3: 32.9/13.7 | Iter-4: 32.75/13.72 | 
{0.0: 17529, 1.0: 1979, -1.0: 710}
Iter-0: 32.71/13.32 | Iter-1: 34.68/14.57 | Iter-2: 33.08/13.73 | Iter-3: 32.78/13.58 | Iter-4: 32.79/13.58 | 
{0.0: 16817, 1.0: 2349, -1.0: 1052}
