

--------------------------------------------------
--------------------------------------------------

-------------------Mon, 21 Jan 2019 11:32:14 PM EST---------------------

0 ~~~~~~~~~~~~~~~~~~~~~~~~~~~~~~~~~~~~~~~~~~~~~~~~~~~~~~~~~~~~~~~`
dataset: facebook method: Adv-CSL, #attack_edge:10000,T:10,test_ratio: 0.3,gamma:0.0
/network/rit/lab/ceashpc/adil/data/adv_csl/Jan2/random_pgd_gcn_vae/facebook/facebook-attackedges-10000-T-10-testratio-0.3-swap_ratio-0.01-gamma-0.0-realization-7-data-X.pkl
#Rule:372936 Nodes:8078 Edges:372936
0 Creating 10 consumers
{0.0: 2249, 1.0: 101, -1.0: 74}
{0.0: 2220, 1.0: 120, -1.0: 84}
{0.0: 2171, 1.0: 142, -1.0: 111}
{0.0: 2192, 1.0: 131, -1.0: 101}
{0.0: 2152, 1.0: 148, -1.0: 124}
{0.0: 2129, 1.0: 168, -1.0: 127}
{0.0: 2110, 1.0: 183, -1.0: 131}
{0.0: 2093, 1.0: 192, -1.0: 139}
{0.0: 2088, 1.0: 190, -1.0: 146}
{0.0: 2057, 1.0: 205, -1.0: 162}
1 Creating 10 consumers
{0.0: 2152, 1.0: 148, -1.0: 124}
{0.0: 2171, 1.0: 142, -1.0: 111}
{0.0: 2110, 1.0: 183, -1.0: 131}
Iter-0: 10.07/3.45 | Iter-1: 11.96/5.44 | 
{0.0: 2129, 1.0: 168, -1.0: 127}
Iter-0: 10.01/3.45 | Iter-1: 11.92/5.44 | 
{0.0: 2057, 1.0: 205, -1.0: 162}
Iter-0: 10.03/3.44 | Iter-1: 11.99/5.41 | 
{0.0: 2088, 1.0: 190, -1.0: 146}
Iter-0: 10.44/3.43 | Iter-1: 12.44/5.41 | 
{0.0: 2093, 1.0: 192, -1.0: 139}
Iter-0: 10.14/3.43 | Iter-1: 13.12/5.94 | 
{0.0: 2249, 1.0: 101, -1.0: 74}
Iter-0: 10.04/3.47 | Iter-1: 12.17/5.59 | Iter-2: 10.82/4.26 | Iter-3: 11.48/4.9 | Iter-4: 11.7/5.1 | 
{0.0: 2220, 1.0: 120, -1.0: 84}
Iter-0: 9.99/3.49 | Iter-1: 12.0/5.51 | Iter-2: 10.68/4.2 | Iter-3: 11.33/4.83 | Iter-4: 11.73/5.02 | 
{0.0: 2192, 1.0: 131, -1.0: 101}
Iter-0: 10.46/3.47 | Iter-1: 12.01/5.52 | Iter-2: 10.99/4.2 | Iter-3: 11.82/4.86 | Iter-4: 12.13/5.0 | 
prob_mse: 0.103152860286, running time: 81.3592810631
1.0 ~~~~~~~~~~~~~~~~~~~~~~~~~~~~~~~~~~~~~~~~~~~~~~~~~~~~~~~~~~~~~~~`
dataset: facebook method: Adv-CSL, #attack_edge:10000,T:10,test_ratio: 0.3,gamma:0.01
/network/rit/lab/ceashpc/adil/data/adv_csl/Jan2/random_pgd_gcn_vae/facebook/facebook-attackedges-10000-T-10-testratio-0.3-swap_ratio-0.01-gamma-0.01-realization-7-data-X.pkl
#Rule:372936 Nodes:8078 Edges:372936
0 Creating 10 consumers
{0.0: 2249, 1.0: 101, -1.0: 74}
{0.0: 2220, 1.0: 120, -1.0: 84}
{0.0: 2192, 1.0: 131, -1.0: 101}
{0.0: 2171, 1.0: 142, -1.0: 111}
{0.0: 2152, 1.0: 148, -1.0: 124}
{0.0: 2110, 1.0: 183, -1.0: 131}
{0.0: 2129, 1.0: 168, -1.0: 127}
{0.0: 2093, 1.0: 192, -1.0: 139}
{0.0: 2088, 1.0: 190, -1.0: 146}
{0.0: 2057, 1.0: 205, -1.0: 162}
1 Creating 10 consumers
{0.0: 2152, 1.0: 148, -1.0: 124}
{0.0: 2171, 1.0: 142, -1.0: 111}
{0.0: 2249, 1.0: 101, -1.0: 74}
Iter-0: 12.83/6.35 | Iter-1: 13.46/6.86 | Iter-2: 12.81/6.3 | Iter-3: 12.53/6.05 | Iter-4: 12.31/5.77 | 
{0.0: 2220, 1.0: 120, -1.0: 84}
Iter-0: 12.66/6.22 | Iter-1: 13.3/6.77 | Iter-2: 12.68/6.21 | Iter-3: 13.0/6.01 | Iter-4: 12.86/5.73 | 
{0.0: 2192, 1.0: 131, -1.0: 101}
Iter-0: 12.86/6.28 | Iter-1: 13.82/6.81 | Iter-2: 13.14/6.26 | Iter-3: 12.88/6.0 | Iter-4: 12.74/5.72 | 
{0.0: 2088, 1.0: 190, -1.0: 146}
Iter-0: 12.6/6.06 | Iter-1: 13.14/6.62 | Iter-2: 12.54/6.09 | Iter-3: 12.27/5.83 | Iter-4: 12.15/5.54 | 
{0.0: 2129, 1.0: 168, -1.0: 127}
Iter-0: 12.85/6.05 | Iter-1: 13.53/6.66 | Iter-2: 12.92/6.18 | Iter-3: 12.71/5.9 | Iter-4: 12.52/5.6 | 
{0.0: 2057, 1.0: 205, -1.0: 162}
Iter-0: 12.43/5.94 | Iter-1: 13.13/6.56 | Iter-2: 12.53/6.08 | Iter-3: 12.3/5.83 | Iter-4: 12.13/5.51 | 
{0.0: 2093, 1.0: 192, -1.0: 139}
Iter-0: 12.62/6.1 | Iter-1: 13.26/6.65 | Iter-2: 13.14/6.23 | Iter-3: 12.79/5.93 | Iter-4: 12.28/5.59 | 
{0.0: 2110, 1.0: 183, -1.0: 131}
Iter-0: 12.79/6.05 | Iter-1: 13.77/6.72 | Iter-2: 12.87/6.19 | Iter-3: 12.42/5.91 | Iter-4: 13.31/6.06 | 
prob_mse: 0.277146094609, running time: 95.7032608986
2.0 ~~~~~~~~~~~~~~~~~~~~~~~~~~~~~~~~~~~~~~~~~~~~~~~~~~~~~~~~~~~~~~~`
dataset: facebook method: Adv-CSL, #attack_edge:10000,T:10,test_ratio: 0.3,gamma:0.03
/network/rit/lab/ceashpc/adil/data/adv_csl/Jan2/random_pgd_gcn_vae/facebook/facebook-attackedges-10000-T-10-testratio-0.3-swap_ratio-0.01-gamma-0.03-realization-7-data-X.pkl
#Rule:372936 Nodes:8078 Edges:372936
0 Creating 10 consumers
{0.0: 2220, 1.0: 120, -1.0: 84}
{0.0: 2249, 1.0: 101, -1.0: 74}
{0.0: 2192, 1.0: 131, -1.0: 101}
{0.0: 2171, 1.0: 142, -1.0: 111}
{0.0: 2152, 1.0: 148, -1.0: 124}
{0.0: 2129, 1.0: 168, -1.0: 127}
{0.0: 2110, 1.0: 183, -1.0: 131}
{0.0: 2093, 1.0: 192, -1.0: 139}
{0.0: 2088, 1.0: 190, -1.0: 146}
{0.0: 2057, 1.0: 205, -1.0: 162}
1 Creating 10 consumers
{0.0: 2171, 1.0: 142, -1.0: 111}
{0.0: 2152, 1.0: 148, -1.0: 124}
{0.0: 2220, 1.0: 120, -1.0: 84}
Iter-0: 12.57/6.19 | Iter-1: 13.48/7.04 | Iter-2: 13.07/6.52 | Iter-3: 12.59/6.26 | Iter-4: 12.48/6.02 | 
{0.0: 2110, 1.0: 183, -1.0: 131}
Iter-0: 12.32/5.94 | Iter-1: 13.24/6.82 | Iter-2: 12.93/6.36 | Iter-3: 12.5/6.1 | Iter-4: 12.43/5.85 | 
{0.0: 2129, 1.0: 168, -1.0: 127}
Iter-0: 12.95/6.03 | Iter-1: 13.59/6.95 | Iter-2: 13.09/6.42 | Iter-3: 12.62/6.16 | Iter-4: 12.57/5.9 | 
{0.0: 2249, 1.0: 101, -1.0: 74}
Iter-0: 13.98/6.97 | Iter-1: 14.33/7.68 | Iter-2: 13.19/6.58 | Iter-3: 12.73/6.3 | Iter-4: 13.56/6.54 | 
{0.0: 2192, 1.0: 131, -1.0: 101}
Iter-0: 12.92/6.18 | Iter-1: 13.84/7.14 | Iter-2: 14.05/7.23 | Iter-3: 13.21/6.27 | Iter-4: 13.09/6.04 | 
{0.0: 2088, 1.0: 190, -1.0: 146}
Iter-0: 12.38/5.94 | Iter-1: 13.27/6.82 | Iter-2: 12.94/6.36 | Iter-3: 12.49/6.09 | Iter-4: 12.92/5.91 | 
{0.0: 2093, 1.0: 192, -1.0: 139}
Iter-0: 12.35/5.92 | Iter-1: 13.26/6.8 | Iter-2: 13.26/6.34 | Iter-3: 13.0/6.1 | Iter-4: 12.91/5.86 | 
{0.0: 2057, 1.0: 205, -1.0: 162}
Iter-0: 12.51/5.91 | Iter-1: 13.36/6.73 | Iter-2: 13.07/6.3 | Iter-3: 12.59/6.05 | Iter-4: 12.74/5.9 | 
prob_mse: 0.27604590209, running time: 96.6648669243
3.0 ~~~~~~~~~~~~~~~~~~~~~~~~~~~~~~~~~~~~~~~~~~~~~~~~~~~~~~~~~~~~~~~`
dataset: facebook method: Adv-CSL, #attack_edge:10000,T:10,test_ratio: 0.3,gamma:0.05
/network/rit/lab/ceashpc/adil/data/adv_csl/Jan2/random_pgd_gcn_vae/facebook/facebook-attackedges-10000-T-10-testratio-0.3-swap_ratio-0.01-gamma-0.05-realization-7-data-X.pkl
#Rule:372936 Nodes:8078 Edges:372936
0 Creating 10 consumers
{0.0: 2249, 1.0: 101, -1.0: 74}
{0.0: 2192, 1.0: 131, -1.0: 101}
{0.0: 2171, 1.0: 142, -1.0: 111}
{0.0: 2220, 1.0: 120, -1.0: 84}
{0.0: 2152, 1.0: 148, -1.0: 124}
{0.0: 2129, 1.0: 168, -1.0: 127}
{0.0: 2110, 1.0: 183, -1.0: 131}
{0.0: 2093, 1.0: 192, -1.0: 139}
{0.0: 2088, 1.0: 190, -1.0: 146}
{0.0: 2057, 1.0: 205, -1.0: 162}
1 Creating 10 consumers
{0.0: 2171, 1.0: 142, -1.0: 111}
{0.0: 2152, 1.0: 148, -1.0: 124}
{0.0: 2249, 1.0: 101, -1.0: 74}
Iter-0: 12.71/6.31 | Iter-1: 13.69/7.18 | Iter-2: 13.14/6.71 | Iter-3: 13.08/6.5 | Iter-4: 13.25/6.23 | 
{0.0: 2192, 1.0: 131, -1.0: 101}
Iter-0: 12.67/6.28 | Iter-1: 13.61/7.13 | Iter-2: 13.12/6.71 | Iter-3: 12.87/6.48 | Iter-4: 12.72/6.18 | 
{0.0: 2220, 1.0: 120, -1.0: 84}
Iter-0: 12.62/6.27 | Iter-1: 13.96/7.16 | Iter-2: 13.13/6.7 | Iter-3: 12.9/6.51 | Iter-4: 13.17/6.18 | 
{0.0: 2129, 1.0: 168, -1.0: 127}
Iter-0: 12.42/6.03 | Iter-1: 13.58/6.98 | Iter-2: 12.94/6.53 | Iter-3: 12.8/6.37 | Iter-4: 12.53/6.06 | 
{0.0: 2110, 1.0: 183, -1.0: 131}
Iter-0: 12.4/5.96 | Iter-1: 13.43/6.91 | Iter-2: 12.96/6.5 | Iter-3: 13.06/6.35 | Iter-4: 12.94/6.04 | 
{0.0: 2093, 1.0: 192, -1.0: 139}
Iter-0: 12.68/6.03 | Iter-1: 13.61/6.96 | Iter-2: 13.16/6.56 | Iter-3: 13.02/6.38 | Iter-4: 12.84/6.08 | 
{0.0: 2057, 1.0: 205, -1.0: 162}
Iter-0: 12.39/5.94 | Iter-1: 13.55/7.14 | Iter-2: 13.22/6.41 | Iter-3: 12.86/6.3 | Iter-4: 12.4/5.97 | 
{0.0: 2088, 1.0: 190, -1.0: 146}
Iter-0: 12.71/6.02 | Iter-1: 13.63/6.89 | Iter-2: 13.26/6.57 | Iter-3: 12.99/6.31 | Iter-4: 12.79/6.02 | 
prob_mse: 0.274636386139, running time: 97.7784450054
4.0 ~~~~~~~~~~~~~~~~~~~~~~~~~~~~~~~~~~~~~~~~~~~~~~~~~~~~~~~~~~~~~~~`
dataset: facebook method: Adv-CSL, #attack_edge:10000,T:10,test_ratio: 0.3,gamma:0.07
/network/rit/lab/ceashpc/adil/data/adv_csl/Jan2/random_pgd_gcn_vae/facebook/facebook-attackedges-10000-T-10-testratio-0.3-swap_ratio-0.01-gamma-0.07-realization-7-data-X.pkl
#Rule:372936 Nodes:8078 Edges:372936
0 Creating 10 consumers
{0.0: 2249, 1.0: 101, -1.0: 74}
{0.0: 2192, 1.0: 131, -1.0: 101}
{0.0: 2220, 1.0: 120, -1.0: 84}
{0.0: 2171, 1.0: 142, -1.0: 111}
{0.0: 2152, 1.0: 148, -1.0: 124}
{0.0: 2129, 1.0: 168, -1.0: 127}
{0.0: 2110, 1.0: 183, -1.0: 131}
{0.0: 2093, 1.0: 192, -1.0: 139}
{0.0: 2088, 1.0: 190, -1.0: 146}
{0.0: 2057, 1.0: 205, -1.0: 162}
1 Creating 10 consumers
{0.0: 2171, 1.0: 142, -1.0: 111}
{0.0: 2152, 1.0: 148, -1.0: 124}
{0.0: 2192, 1.0: 131, -1.0: 101}
Iter-0: 12.83/6.24 | Iter-1: 13.59/7.06 | Iter-2: 12.97/6.59 | Iter-3: 12.91/6.53 | Iter-4: 12.64/6.15 | 
{0.0: 2110, 1.0: 183, -1.0: 131}
Iter-0: 12.58/5.96 | Iter-1: 13.32/6.88 | Iter-2: 12.89/6.46 | Iter-3: 12.85/6.41 | Iter-4: 12.6/6.02 | 
{0.0: 2249, 1.0: 101, -1.0: 74}
Iter-0: 13.23/6.27 | Iter-1: 14.01/7.19 | Iter-2: 13.45/6.71 | Iter-3: 13.39/6.65 | Iter-4: 13.07/6.26 | 
{0.0: 2220, 1.0: 120, -1.0: 84}
Iter-0: 13.16/6.21 | Iter-1: 13.9/7.16 | Iter-2: 13.38/6.67 | Iter-3: 13.27/6.62 | Iter-4: 13.02/6.23 | 
{0.0: 2129, 1.0: 168, -1.0: 127}
Iter-0: 12.64/6.05 | Iter-1: 13.49/6.97 | Iter-2: 12.95/6.55 | Iter-3: 13.03/6.51 | Iter-4: 13.19/6.11 | 
{0.0: 2088, 1.0: 190, -1.0: 146}
Iter-0: 12.63/5.97 | Iter-1: 13.83/6.89 | Iter-2: 13.36/6.45 | Iter-3: 13.28/6.38 | Iter-4: 13.05/6.01 | 
{0.0: 2057, 1.0: 205, -1.0: 162}
Iter-0: 12.63/5.94 | Iter-1: 13.84/6.95 | Iter-2: 13.29/6.42 | Iter-3: 13.26/6.41 | Iter-4: 13.02/6.02 | 
{0.0: 2093, 1.0: 192, -1.0: 139}
Iter-0: 13.73/6.6 | Iter-1: 14.52/7.62 | Iter-2: 14.03/7.16 | Iter-3: 13.91/7.12 | Iter-4: 12.71/6.02 | 
prob_mse: 0.273673872387, running time: 99.056910038
5.0 ~~~~~~~~~~~~~~~~~~~~~~~~~~~~~~~~~~~~~~~~~~~~~~~~~~~~~~~~~~~~~~~`
dataset: facebook method: Adv-CSL, #attack_edge:10000,T:10,test_ratio: 0.3,gamma:0.09
/network/rit/lab/ceashpc/adil/data/adv_csl/Jan2/random_pgd_gcn_vae/facebook/facebook-attackedges-10000-T-10-testratio-0.3-swap_ratio-0.01-gamma-0.09-realization-7-data-X.pkl
#Rule:372936 Nodes:8078 Edges:372936
0 Creating 10 consumers
{0.0: 2249, 1.0: 101, -1.0: 74}
{0.0: 2220, 1.0: 120, -1.0: 84}
{0.0: 2171, 1.0: 142, -1.0: 111}
{0.0: 2192, 1.0: 131, -1.0: 101}
{0.0: 2152, 1.0: 148, -1.0: 124}
{0.0: 2129, 1.0: 168, -1.0: 127}
{0.0: 2110, 1.0: 183, -1.0: 131}
{0.0: 2093, 1.0: 192, -1.0: 139}
{0.0: 2088, 1.0: 190, -1.0: 146}
{0.0: 2057, 1.0: 205, -1.0: 162}
1 Creating 10 consumers
{0.0: 2171, 1.0: 142, -1.0: 111}
{0.0: 2152, 1.0: 148, -1.0: 124}
{0.0: 2220, 1.0: 120, -1.0: 84}
Iter-0: 12.54/6.16 | Iter-1: 13.47/7.08 | Iter-2: 12.94/6.6 | Iter-3: 13.07/6.68 | Iter-4: 12.65/6.18 | 
{0.0: 2249, 1.0: 101, -1.0: 74}
Iter-0: 13.14/6.27 | Iter-1: 14.01/7.16 | Iter-2: 13.49/6.67 | Iter-3: 13.53/6.72 | Iter-4: 13.52/6.93 | 
{0.0: 2088, 1.0: 190, -1.0: 146}
Iter-0: 12.36/5.93 | Iter-1: 13.28/6.88 | Iter-2: 12.79/6.43 | Iter-3: 12.91/6.51 | Iter-4: 12.54/6.02 | 
{0.0: 2192, 1.0: 131, -1.0: 101}
Iter-0: 12.8/6.16 | Iter-1: 13.98/7.08 | Iter-2: 13.51/6.62 | Iter-3: 13.6/6.67 | Iter-4: 13.06/6.18 | 
{0.0: 2093, 1.0: 192, -1.0: 139}
Iter-0: 12.96/5.97 | Iter-1: 13.77/6.83 | Iter-2: 13.33/6.42 | Iter-3: 13.11/6.5 | Iter-4: 12.39/5.97 | 
{0.0: 2129, 1.0: 168, -1.0: 127}
Iter-0: 12.81/5.95 | Iter-1: 13.9/6.98 | Iter-2: 13.39/6.47 | Iter-3: 13.6/6.61 | Iter-4: 12.87/6.06 | 
{0.0: 2057, 1.0: 205, -1.0: 162}
Iter-0: 12.55/5.91 | Iter-1: 13.41/6.8 | Iter-2: 12.95/6.38 | Iter-3: 13.07/6.47 | Iter-4: 12.61/5.99 | 
{0.0: 2110, 1.0: 183, -1.0: 131}
Iter-0: 13.18/6.58 | Iter-1: 14.21/7.62 | Iter-2: 13.66/7.1 | Iter-3: 13.99/6.98 | Iter-4: 12.97/6.04 | 
prob_mse: 0.273158030803, running time: 98.3752069473
6.0 ~~~~~~~~~~~~~~~~~~~~~~~~~~~~~~~~~~~~~~~~~~~~~~~~~~~~~~~~~~~~~~~`
dataset: facebook method: Adv-CSL, #attack_edge:10000,T:10,test_ratio: 0.3,gamma:0.2
/network/rit/lab/ceashpc/adil/data/adv_csl/Jan2/random_pgd_gcn_vae/facebook/facebook-attackedges-10000-T-10-testratio-0.3-swap_ratio-0.01-gamma-0.2-realization-7-data-X.pkl
#Rule:372936 Nodes:8078 Edges:372936
0 Creating 10 consumers
{0.0: 2192, 1.0: 131, -1.0: 101}
{0.0: 2249, 1.0: 101, -1.0: 74}
{0.0: 2220, 1.0: 120, -1.0: 84}
{0.0: 2171, 1.0: 142, -1.0: 111}
{0.0: 2152, 1.0: 148, -1.0: 124}
{0.0: 2129, 1.0: 168, -1.0: 127}
{0.0: 2110, 1.0: 183, -1.0: 131}
{0.0: 2093, 1.0: 192, -1.0: 139}
{0.0: 2088, 1.0: 190, -1.0: 146}
{0.0: 2057, 1.0: 205, -1.0: 162}
1 Creating 10 consumers
{0.0: 2171, 1.0: 142, -1.0: 111}
{0.0: 2152, 1.0: 148, -1.0: 124}
{0.0: 2220, 1.0: 120, -1.0: 84}
Iter-0: 12.6/6.19 | Iter-1: 13.23/6.85 | Iter-2: 13.35/6.79 | Iter-3: 13.09/6.64 | Iter-4: 12.52/6.17 | 
{0.0: 2249, 1.0: 101, -1.0: 74}
Iter-0: 12.55/6.22 | Iter-1: 13.21/6.88 | Iter-2: 13.31/6.8 | Iter-3: 13.25/6.66 | Iter-4: 13.13/6.24 | 
{0.0: 2192, 1.0: 131, -1.0: 101}
Iter-0: 12.54/6.19 | Iter-1: 13.12/6.78 | Iter-2: 13.24/6.74 | Iter-3: 13.11/6.58 | Iter-4: 13.03/6.15 | 
{0.0: 2129, 1.0: 168, -1.0: 127}
Iter-0: 12.47/6.02 | Iter-1: 12.99/6.64 | Iter-2: 13.17/6.63 | Iter-3: 12.94/6.5 | Iter-4: 12.46/6.06 | 
{0.0: 2093, 1.0: 192, -1.0: 139}
Iter-0: 12.26/5.92 | Iter-1: 12.86/6.5 | Iter-2: 13.06/6.53 | Iter-3: 12.88/6.4 | Iter-4: 12.47/5.94 | 
{0.0: 2088, 1.0: 190, -1.0: 146}
Iter-0: 12.25/5.92 | Iter-1: 12.85/6.5 | Iter-2: 13.02/6.51 | Iter-3: 12.89/6.4 | Iter-4: 12.3/5.92 | 
{0.0: 2110, 1.0: 183, -1.0: 131}
Iter-0: 12.4/6.04 | Iter-1: 12.95/6.58 | Iter-2: 13.72/6.61 | Iter-3: 13.43/6.49 | Iter-4: 12.92/6.02 | 
{0.0: 2057, 1.0: 205, -1.0: 162}
Iter-0: 12.56/5.97 | Iter-1: 13.13/6.56 | Iter-2: 13.59/6.53 | Iter-3: 13.49/6.4 | Iter-4: 12.84/5.95 | 
prob_mse: 0.266041611661, running time: 96.9737730026
7.0 ~~~~~~~~~~~~~~~~~~~~~~~~~~~~~~~~~~~~~~~~~~~~~~~~~~~~~~~~~~~~~~~`
dataset: facebook method: Adv-CSL, #attack_edge:10000,T:10,test_ratio: 0.3,gamma:0.3
/network/rit/lab/ceashpc/adil/data/adv_csl/Jan2/random_pgd_gcn_vae/facebook/facebook-attackedges-10000-T-10-testratio-0.3-swap_ratio-0.01-gamma-0.3-realization-7-data-X.pkl
#Rule:372936 Nodes:8078 Edges:372936
0 Creating 10 consumers
{0.0: 2249, 1.0: 101, -1.0: 74}
{0.0: 2220, 1.0: 120, -1.0: 84}
{0.0: 2192, 1.0: 131, -1.0: 101}
{0.0: 2171, 1.0: 142, -1.0: 111}
{0.0: 2152, 1.0: 148, -1.0: 124}
{0.0: 2129, 1.0: 168, -1.0: 127}
{0.0: 2110, 1.0: 183, -1.0: 131}
{0.0: 2093, 1.0: 192, -1.0: 139}
{0.0: 2088, 1.0: 190, -1.0: 146}
{0.0: 2057, 1.0: 205, -1.0: 162}
1 Creating 10 consumers
{0.0: 2171, 1.0: 142, -1.0: 111}
{0.0: 2152, 1.0: 148, -1.0: 124}
{0.0: 2192, 1.0: 131, -1.0: 101}
Iter-0: 12.72/6.19 | Iter-1: 12.93/6.47 | Iter-2: 13.16/6.72 | Iter-3: 12.85/6.2 | Iter-4: 12.68/6.22 | 
{0.0: 2220, 1.0: 120, -1.0: 84}
Iter-0: 13.06/6.32 | Iter-1: 13.58/6.58 | Iter-2: 13.78/6.81 | Iter-3: 12.95/6.27 | Iter-4: 12.78/6.28 | 
{0.0: 2249, 1.0: 101, -1.0: 74}
Iter-0: 13.47/6.41 | Iter-1: 13.65/6.67 | Iter-2: 13.87/6.91 | Iter-3: 13.48/6.36 | Iter-4: 13.32/6.37 | 
{0.0: 2129, 1.0: 168, -1.0: 127}
Iter-0: 12.84/6.06 | Iter-1: 12.99/6.27 | Iter-2: 13.37/6.63 | Iter-3: 13.0/6.11 | Iter-4: 12.9/6.11 | 
{0.0: 2088, 1.0: 190, -1.0: 146}
Iter-0: 12.7/5.96 | Iter-1: 13.08/6.17 | Iter-2: 13.38/6.5 | Iter-3: 12.64/6.04 | Iter-4: 12.79/6.02 | 
{0.0: 2093, 1.0: 192, -1.0: 139}
Iter-0: 12.56/5.99 | Iter-1: 12.7/6.2 | Iter-2: 13.22/6.53 | Iter-3: 13.98/6.73 | Iter-4: 13.39/6.75 | 
{0.0: 2057, 1.0: 205, -1.0: 162}
Iter-0: 12.66/5.95 | Iter-1: 12.84/6.2 | Iter-2: 13.14/6.49 | Iter-3: 12.93/6.03 | Iter-4: 12.89/6.05 | 
{0.0: 2110, 1.0: 183, -1.0: 131}
Iter-0: 13.35/6.09 | Iter-1: 14.07/6.93 | Iter-2: 14.03/7.33 | Iter-3: 13.21/6.15 | Iter-4: 13.22/6.13 | 
prob_mse: 0.255211908691, running time: 98.8216190338
8.0 ~~~~~~~~~~~~~~~~~~~~~~~~~~~~~~~~~~~~~~~~~~~~~~~~~~~~~~~~~~~~~~~`
dataset: facebook method: Adv-CSL, #attack_edge:10000,T:10,test_ratio: 0.3,gamma:0.4
/network/rit/lab/ceashpc/adil/data/adv_csl/Jan2/random_pgd_gcn_vae/facebook/facebook-attackedges-10000-T-10-testratio-0.3-swap_ratio-0.01-gamma-0.4-realization-7-data-X.pkl
#Rule:372936 Nodes:8078 Edges:372936
0 Creating 10 consumers
{0.0: 2249, 1.0: 101, -1.0: 74}
{0.0: 2192, 1.0: 131, -1.0: 101}
{0.0: 2220, 1.0: 120, -1.0: 84}
{0.0: 2152, 1.0: 148, -1.0: 124}
{0.0: 2171, 1.0: 142, -1.0: 111}
{0.0: 2129, 1.0: 168, -1.0: 127}
{0.0: 2093, 1.0: 192, -1.0: 139}
{0.0: 2110, 1.0: 183, -1.0: 131}
{0.0: 2057, 1.0: 205, -1.0: 162}
{0.0: 2088, 1.0: 190, -1.0: 146}
1 Creating 10 consumers
{0.0: 2171, 1.0: 142, -1.0: 111}
{0.0: 2152, 1.0: 148, -1.0: 124}
{0.0: 2129, 1.0: 168, -1.0: 127}
Iter-0: 12.67/6.06 | Iter-1: 13.0/6.32 | Iter-2: 13.1/6.26 | Iter-3: 12.79/6.03 | Iter-4: 13.12/6.07 | 
{0.0: 2249, 1.0: 101, -1.0: 74}
Iter-0: 13.62/6.63 | Iter-1: 13.71/6.71 | Iter-2: 13.63/6.55 | Iter-3: 12.97/6.28 | Iter-4: 13.29/6.3 | 
{0.0: 2110, 1.0: 183, -1.0: 131}
Iter-0: 12.68/6.05 | Iter-1: 13.02/6.33 | Iter-2: 13.18/6.29 | Iter-3: 12.48/5.99 | Iter-4: 13.23/6.03 | 
{0.0: 2192, 1.0: 131, -1.0: 101}
Iter-0: 13.3/6.44 | Iter-1: 13.61/6.61 | Iter-2: 14.72/7.16 | Iter-3: 12.72/6.16 | Iter-4: 12.91/6.18 | 
{0.0: 2220, 1.0: 120, -1.0: 84}
Iter-0: 13.47/6.45 | Iter-1: 13.89/6.81 | Iter-2: 14.12/6.5 | Iter-3: 13.34/6.29 | Iter-4: 13.64/6.27 | 
{0.0: 2088, 1.0: 190, -1.0: 146}
Iter-0: 12.75/5.93 | Iter-1: 12.82/6.28 | Iter-2: 13.61/6.2 | Iter-3: 13.04/5.98 | Iter-4: 13.3/6.07 | 
{0.0: 2093, 1.0: 192, -1.0: 139}
Iter-0: 13.39/6.03 | Iter-1: 13.31/6.3 | Iter-2: 13.73/6.28 | Iter-3: 13.18/6.07 | Iter-4: 13.27/6.15 | 
{0.0: 2057, 1.0: 205, -1.0: 162}
Iter-0: 13.1/5.94 | Iter-1: 13.6/6.57 | Iter-2: 13.46/6.15 | Iter-3: 12.77/5.94 | Iter-4: 12.75/6.1 | 
prob_mse: 0.253046067107, running time: 97.1418850422
9.0 ~~~~~~~~~~~~~~~~~~~~~~~~~~~~~~~~~~~~~~~~~~~~~~~~~~~~~~~~~~~~~~~`
dataset: facebook method: Adv-CSL, #attack_edge:10000,T:10,test_ratio: 0.3,gamma:0.5
/network/rit/lab/ceashpc/adil/data/adv_csl/Jan2/random_pgd_gcn_vae/facebook/facebook-attackedges-10000-T-10-testratio-0.3-swap_ratio-0.01-gamma-0.5-realization-7-data-X.pkl
#Rule:372936 Nodes:8078 Edges:372936
0 Creating 10 consumers
{0.0: 1220, 1.0: 1, -1.0: 1203}
{0.0: 1214, 1.0: 1, -1.0: 1209}
{0.0: 1215, 1.0: 1, -1.0: 1208}
{0.0: 1214, 1.0: 1, -1.0: 1209}
{0.0: 1208, 1.0: 1, -1.0: 1215}
{0.0: 1219, 1.0: 1, -1.0: 1204}
{0.0: 1229, 1.0: 1, -1.0: 1194}
{0.0: 1227, 1.0: 1, -1.0: 1196}
{0.0: 1232, 1.0: 2, -1.0: 1190}
{0.0: 1233, 1.0: 1, -1.0: 1190}
1 Creating 10 consumers
{0.0: 1214, 1.0: 1, -1.0: 1209}
{0.0: 1220, 1.0: 1, -1.0: 1203}
{0.0: 1214, 1.0: 1, -1.0: 1209}
{0.0: 1215, 1.0: 1, -1.0: 1208}
{0.0: 1208, 1.0: 1, -1.0: 1215}
{0.0: 1219, 1.0: 1, -1.0: 1204}
{0.0: 1229, 1.0: 1, -1.0: 1194}
{0.0: 1227, 1.0: 1, -1.0: 1196}
{0.0: 1233, 1.0: 1, -1.0: 1190}
{0.0: 1232, 1.0: 2, -1.0: 1190}
prob_mse: 0.413530143014, running time: 45.2569849491
10.0 ~~~~~~~~~~~~~~~~~~~~~~~~~~~~~~~~~~~~~~~~~~~~~~~~~~~~~~~~~~~~~~~`
dataset: facebook method: Adv-CSL, #attack_edge:10000,T:10,test_ratio: 0.3,gamma:0.0
/network/rit/lab/ceashpc/adil/data/adv_csl/Jan2/random_pgd_gcn_vae/facebook/facebook-attackedges-10000-T-10-testratio-0.3-swap_ratio-0.01-gamma-0.0-realization-8-data-X.pkl
#Rule:372936 Nodes:8078 Edges:372936
0 Creating 10 consumers
{0.0: 2253, 1.0: 94, -1.0: 77}
{0.0: 2226, 1.0: 109, -1.0: 89}
{0.0: 2205, 1.0: 117, -1.0: 102}
{0.0: 2158, 1.0: 138, -1.0: 128}
{0.0: 2184, 1.0: 121, -1.0: 119}
{0.0: 2119, 1.0: 156, -1.0: 149}
{0.0: 2134, 1.0: 149, -1.0: 141}
{0.0: 2099, 1.0: 162, -1.0: 163}
{0.0: 2082, 1.0: 175, -1.0: 167}
{0.0: 2062, 1.0: 188, -1.0: 174}
1 Creating 10 consumers
{0.0: 2184, 1.0: 121, -1.0: 119}
{0.0: 2134, 1.0: 149, -1.0: 141}
{0.0: 2205, 1.0: 117, -1.0: 102}
Iter-0: 9.86/3.46 | 
{0.0: 2158, 1.0: 138, -1.0: 128}
Iter-0: 9.87/3.46 | 
{0.0: 2119, 1.0: 156, -1.0: 149}
Iter-0: 9.98/3.47 | Iter-1: 11.99/5.52 | 
{0.0: 2099, 1.0: 162, -1.0: 163}
Iter-0: 10.41/3.45 | Iter-1: 12.4/5.45 | 
{0.0: 2082, 1.0: 175, -1.0: 167}
Iter-0: 10.46/3.45 | Iter-1: 12.17/5.64 | 
{0.0: 2062, 1.0: 188, -1.0: 174}
Iter-0: 10.41/3.45 | Iter-1: 12.4/5.37 | 
{0.0: 2226, 1.0: 109, -1.0: 89}
Iter-0: 9.94/3.48 | Iter-1: 12.08/5.6 | Iter-2: 10.93/4.24 | 
{0.0: 2253, 1.0: 94, -1.0: 77}
Iter-0: 10.66/3.53 | Iter-1: 12.79/5.73 | Iter-2: 11.53/4.26 | 
prob_mse: 0.0929760176018, running time: 72.0322041512
11.0 ~~~~~~~~~~~~~~~~~~~~~~~~~~~~~~~~~~~~~~~~~~~~~~~~~~~~~~~~~~~~~~~`
dataset: facebook method: Adv-CSL, #attack_edge:10000,T:10,test_ratio: 0.3,gamma:0.01
/network/rit/lab/ceashpc/adil/data/adv_csl/Jan2/random_pgd_gcn_vae/facebook/facebook-attackedges-10000-T-10-testratio-0.3-swap_ratio-0.01-gamma-0.01-realization-8-data-X.pkl
#Rule:372936 Nodes:8078 Edges:372936
0 Creating 10 consumers
{0.0: 2253, 1.0: 94, -1.0: 77}
{0.0: 2205, 1.0: 117, -1.0: 102}
{0.0: 2226, 1.0: 109, -1.0: 89}
{0.0: 2184, 1.0: 121, -1.0: 119}
{0.0: 2134, 1.0: 149, -1.0: 141}
{0.0: 2158, 1.0: 138, -1.0: 128}
{0.0: 2119, 1.0: 156, -1.0: 149}
{0.0: 2099, 1.0: 162, -1.0: 163}
{0.0: 2082, 1.0: 175, -1.0: 167}
{0.0: 2062, 1.0: 188, -1.0: 174}
1 Creating 10 consumers
{0.0: 2184, 1.0: 121, -1.0: 119}
{0.0: 2134, 1.0: 149, -1.0: 141}
{0.0: 2253, 1.0: 94, -1.0: 77}
Iter-0: 13.7/6.39 | Iter-1: 13.65/7.14 | Iter-2: 12.72/6.25 | Iter-3: 12.51/6.09 | Iter-4: 12.18/5.72 | 
{0.0: 2226, 1.0: 109, -1.0: 89}
Iter-0: 13.76/6.47 | Iter-1: 13.79/7.18 | Iter-2: 12.72/6.22 | Iter-3: 12.41/6.01 | Iter-4: 12.09/5.7 | 
{0.0: 2119, 1.0: 156, -1.0: 149}
Iter-0: 13.82/6.35 | Iter-1: 13.07/6.59 | Iter-2: 12.65/6.04 | Iter-3: 12.23/5.81 | Iter-4: 12.01/5.58 | 
{0.0: 2205, 1.0: 117, -1.0: 102}
Iter-0: 13.8/6.62 | Iter-1: 13.55/6.95 | Iter-2: 13.02/6.15 | Iter-3: 12.88/5.93 | Iter-4: 12.64/5.67 | 
{0.0: 2099, 1.0: 162, -1.0: 163}
Iter-0: 13.96/6.38 | Iter-1: 13.06/6.58 | Iter-2: 12.69/6.05 | Iter-3: 12.19/5.8 | Iter-4: 12.0/5.57 | 
{0.0: 2158, 1.0: 138, -1.0: 128}
Iter-0: 14.36/6.36 | Iter-1: 13.65/6.67 | Iter-2: 13.08/6.12 | Iter-3: 12.53/5.92 | Iter-4: 12.21/5.68 | 
{0.0: 2082, 1.0: 175, -1.0: 167}
Iter-0: 13.85/6.45 | Iter-1: 13.01/6.51 | Iter-2: 12.79/6.05 | Iter-3: 13.65/6.58 | Iter-4: 12.6/5.59 | 
{0.0: 2062, 1.0: 188, -1.0: 174}
Iter-0: 13.53/6.5 | Iter-1: 13.51/6.52 | Iter-2: 13.06/6.04 | Iter-3: 12.76/5.79 | Iter-4: 12.43/5.48 | 
prob_mse: 0.268448514851, running time: 97.1719949245
12.0 ~~~~~~~~~~~~~~~~~~~~~~~~~~~~~~~~~~~~~~~~~~~~~~~~~~~~~~~~~~~~~~~`
dataset: facebook method: Adv-CSL, #attack_edge:10000,T:10,test_ratio: 0.3,gamma:0.03
/network/rit/lab/ceashpc/adil/data/adv_csl/Jan2/random_pgd_gcn_vae/facebook/facebook-attackedges-10000-T-10-testratio-0.3-swap_ratio-0.01-gamma-0.03-realization-8-data-X.pkl
#Rule:372936 Nodes:8078 Edges:372936
0 Creating 10 consumers
{0.0: 2253, 1.0: 94, -1.0: 77}
{0.0: 2226, 1.0: 109, -1.0: 89}
{0.0: 2205, 1.0: 117, -1.0: 102}
{0.0: 2184, 1.0: 121, -1.0: 119}
{0.0: 2158, 1.0: 138, -1.0: 128}
{0.0: 2134, 1.0: 149, -1.0: 141}
{0.0: 2119, 1.0: 156, -1.0: 149}
{0.0: 2099, 1.0: 162, -1.0: 163}
{0.0: 2082, 1.0: 175, -1.0: 167}
{0.0: 2062, 1.0: 188, -1.0: 174}
1 Creating 10 consumers
{0.0: 2184, 1.0: 121, -1.0: 119}
{0.0: 2134, 1.0: 149, -1.0: 141}
{0.0: 2226, 1.0: 109, -1.0: 89}
Iter-0: 13.53/6.34 | Iter-1: 14.03/7.51 | Iter-2: 13.4/6.56 | Iter-3: 12.79/6.29 | Iter-4: 12.43/5.99 | 
{0.0: 2253, 1.0: 94, -1.0: 77}
Iter-0: 13.41/6.35 | Iter-1: 13.97/7.47 | Iter-2: 14.31/6.64 | Iter-3: 13.46/6.44 | Iter-4: 13.32/6.13 | 
{0.0: 2158, 1.0: 138, -1.0: 128}
Iter-0: 14.03/6.39 | Iter-1: 13.78/6.94 | Iter-2: 13.98/6.49 | Iter-3: 12.89/6.12 | Iter-4: 12.75/5.95 | 
{0.0: 2205, 1.0: 117, -1.0: 102}
Iter-0: 14.16/6.34 | Iter-1: 14.4/7.19 | Iter-2: 14.04/6.56 | Iter-3: 13.39/6.26 | Iter-4: 12.96/5.97 | 
{0.0: 2099, 1.0: 162, -1.0: 163}
Iter-0: 13.69/6.48 | Iter-1: 13.9/6.78 | Iter-2: 13.98/6.34 | Iter-3: 13.06/6.06 | Iter-4: 12.98/5.9 | 
{0.0: 2119, 1.0: 156, -1.0: 149}
Iter-0: 14.17/6.52 | Iter-1: 14.13/6.96 | Iter-2: 14.22/6.44 | Iter-3: 13.15/6.08 | Iter-4: 12.9/5.93 | 
{0.0: 2082, 1.0: 175, -1.0: 167}
Iter-0: 13.81/6.64 | Iter-1: 14.6/7.52 | Iter-2: 13.92/6.55 | Iter-3: 13.2/6.11 | Iter-4: 12.58/6.04 | 
{0.0: 2062, 1.0: 188, -1.0: 174}
Iter-0: 14.15/6.87 | Iter-1: 13.6/6.71 | Iter-2: 13.89/6.49 | Iter-3: 12.9/6.03 | Iter-4: 13.28/6.43 | 
prob_mse: 0.267451457646, running time: 100.857473135
13.0 ~~~~~~~~~~~~~~~~~~~~~~~~~~~~~~~~~~~~~~~~~~~~~~~~~~~~~~~~~~~~~~~`
dataset: facebook method: Adv-CSL, #attack_edge:10000,T:10,test_ratio: 0.3,gamma:0.05
/network/rit/lab/ceashpc/adil/data/adv_csl/Jan2/random_pgd_gcn_vae/facebook/facebook-attackedges-10000-T-10-testratio-0.3-swap_ratio-0.01-gamma-0.05-realization-8-data-X.pkl
#Rule:372936 Nodes:8078 Edges:372936
0 Creating 10 consumers
{0.0: 2253, 1.0: 94, -1.0: 77}
{0.0: 2226, 1.0: 109, -1.0: 89}
{0.0: 2205, 1.0: 117, -1.0: 102}
{0.0: 2184, 1.0: 121, -1.0: 119}
{0.0: 2158, 1.0: 138, -1.0: 128}
{0.0: 2119, 1.0: 156, -1.0: 149}
{0.0: 2134, 1.0: 149, -1.0: 141}
{0.0: 2099, 1.0: 162, -1.0: 163}
{0.0: 2062, 1.0: 188, -1.0: 174}
{0.0: 2082, 1.0: 175, -1.0: 167}
1 Creating 10 consumers
{0.0: 2184, 1.0: 121, -1.0: 119}
{0.0: 2134, 1.0: 149, -1.0: 141}
{0.0: 2226, 1.0: 109, -1.0: 89}
Iter-0: 13.39/6.46 | Iter-1: 13.83/7.37 | Iter-2: 13.12/6.67 | Iter-3: 13.1/6.69 | Iter-4: 12.52/6.15 | 
{0.0: 2205, 1.0: 117, -1.0: 102}
Iter-0: 13.43/6.35 | Iter-1: 13.67/7.21 | Iter-2: 13.13/6.59 | Iter-3: 12.96/6.56 | Iter-4: 12.52/6.09 | 
{0.0: 2253, 1.0: 94, -1.0: 77}
Iter-0: 13.83/6.5 | Iter-1: 14.37/7.59 | Iter-2: 13.47/6.74 | Iter-3: 13.36/6.68 | Iter-4: 12.88/6.21 | 
{0.0: 2099, 1.0: 162, -1.0: 163}
Iter-0: 13.44/6.54 | Iter-1: 13.54/6.88 | Iter-2: 13.04/6.44 | Iter-3: 12.57/6.22 | Iter-4: 12.46/5.98 | 
{0.0: 2158, 1.0: 138, -1.0: 128}
Iter-0: 13.42/6.35 | Iter-1: 13.81/7.02 | Iter-2: 13.88/6.59 | Iter-3: 13.4/6.29 | Iter-4: 12.95/6.0 | 
{0.0: 2119, 1.0: 156, -1.0: 149}
Iter-0: 13.6/6.56 | Iter-1: 13.91/6.91 | Iter-2: 13.76/6.71 | Iter-3: 13.37/6.26 | Iter-4: 12.87/5.96 | 
{0.0: 2082, 1.0: 175, -1.0: 167}
Iter-0: 14.23/6.92 | Iter-1: 13.26/6.76 | Iter-2: 13.3/6.83 | Iter-3: 12.9/6.28 | Iter-4: 12.42/5.98 | 
{0.0: 2062, 1.0: 188, -1.0: 174}
Iter-0: 14.09/6.75 | Iter-1: 13.31/6.73 | Iter-2: 13.63/6.52 | Iter-3: 13.22/6.26 | Iter-4: 12.8/5.95 | 
prob_mse: 0.266763806381, running time: 99.9595689774
14.0 ~~~~~~~~~~~~~~~~~~~~~~~~~~~~~~~~~~~~~~~~~~~~~~~~~~~~~~~~~~~~~~~`
dataset: facebook method: Adv-CSL, #attack_edge:10000,T:10,test_ratio: 0.3,gamma:0.07
/network/rit/lab/ceashpc/adil/data/adv_csl/Jan2/random_pgd_gcn_vae/facebook/facebook-attackedges-10000-T-10-testratio-0.3-swap_ratio-0.01-gamma-0.07-realization-8-data-X.pkl
#Rule:372936 Nodes:8078 Edges:372936
0 Creating 10 consumers
{0.0: 2253, 1.0: 94, -1.0: 77}
{0.0: 2205, 1.0: 117, -1.0: 102}
{0.0: 2226, 1.0: 109, -1.0: 89}
{0.0: 2158, 1.0: 138, -1.0: 128}
{0.0: 2134, 1.0: 149, -1.0: 141}
{0.0: 2184, 1.0: 121, -1.0: 119}
{0.0: 2119, 1.0: 156, -1.0: 149}
{0.0: 2099, 1.0: 162, -1.0: 163}
{0.0: 2082, 1.0: 175, -1.0: 167}
{0.0: 2062, 1.0: 188, -1.0: 174}
1 Creating 10 consumers
{0.0: 2184, 1.0: 121, -1.0: 119}
{0.0: 2134, 1.0: 149, -1.0: 141}
{0.0: 2205, 1.0: 117, -1.0: 102}
Iter-0: 23.35/11.9 | Iter-1: 21.93/12.29 | Iter-2: 23.5/11.78 | Iter-3: 17.82/10.76 | Iter-4: 12.7/6.29 | 
{0.0: 2158, 1.0: 138, -1.0: 128}
Iter-0: 21.86/10.2 | Iter-1: 20.63/12.18 | Iter-2: 21.92/9.11 | Iter-3: 19.12/11.3 | Iter-4: 13.18/6.22 | 
{0.0: 2253, 1.0: 94, -1.0: 77}
Iter-0: 21.87/11.33 | Iter-1: 23.99/14.12 | Iter-2: 24.59/12.36 | Iter-3: 18.17/11.08 | Iter-4: 12.84/6.43 | 
{0.0: 2099, 1.0: 162, -1.0: 163}
Iter-0: 21.21/10.63 | Iter-1: 19.87/10.21 | Iter-2: 24.45/11.94 | Iter-3: 16.99/9.57 | Iter-4: 12.97/6.08 | 
{0.0: 2226, 1.0: 109, -1.0: 89}
Iter-0: 23.75/11.24 | Iter-1: 22.6/12.56 | Iter-2: 26.79/13.49 | Iter-3: 16.26/9.42 | Iter-4: 12.58/6.19 | 
{0.0: 2082, 1.0: 175, -1.0: 167}
Iter-0: 21.87/10.29 | Iter-1: 21.2/11.08 | Iter-2: 24.59/12.63 | Iter-3: 16.0/8.88 | Iter-4: 12.39/5.99 | 
{0.0: 2119, 1.0: 156, -1.0: 149}
Iter-0: 23.38/11.22 | Iter-1: 22.11/11.5 | Iter-2: 24.68/12.62 | Iter-3: 16.39/8.44 | Iter-4: 12.87/6.03 | 
{0.0: 2062, 1.0: 188, -1.0: 174}
Iter-0: 23.96/11.03 | Iter-1: 20.91/9.92 | Iter-2: 24.56/12.38 | Iter-3: 14.63/7.74 | Iter-4: 12.71/6.0 | 
prob_mse: 0.264838366337, running time: 142.345159054
15.0 ~~~~~~~~~~~~~~~~~~~~~~~~~~~~~~~~~~~~~~~~~~~~~~~~~~~~~~~~~~~~~~~`
dataset: facebook method: Adv-CSL, #attack_edge:10000,T:10,test_ratio: 0.3,gamma:0.09
/network/rit/lab/ceashpc/adil/data/adv_csl/Jan2/random_pgd_gcn_vae/facebook/facebook-attackedges-10000-T-10-testratio-0.3-swap_ratio-0.01-gamma-0.09-realization-8-data-X.pkl
#Rule:372936 Nodes:8078 Edges:372936
0 Creating 10 consumers
{0.0: 2253, 1.0: 94, -1.0: 77}
{0.0: 2205, 1.0: 117, -1.0: 102}
{0.0: 2226, 1.0: 109, -1.0: 89}
{0.0: 2184, 1.0: 121, -1.0: 119}
{0.0: 2134, 1.0: 149, -1.0: 141}
{0.0: 2158, 1.0: 138, -1.0: 128}
{0.0: 2119, 1.0: 156, -1.0: 149}
{0.0: 2099, 1.0: 162, -1.0: 163}
{0.0: 2082, 1.0: 175, -1.0: 167}
{0.0: 2062, 1.0: 188, -1.0: 174}
1 Creating 10 consumers
{0.0: 2184, 1.0: 121, -1.0: 119}
{0.0: 2134, 1.0: 149, -1.0: 141}
{0.0: 2205, 1.0: 117, -1.0: 102}
Iter-0: 14.15/6.84 | Iter-1: 13.91/7.13 | Iter-2: 13.65/6.72 | Iter-3: 13.36/6.57 | Iter-4: 12.82/6.15 | 
{0.0: 2253, 1.0: 94, -1.0: 77}
Iter-0: 14.8/7.2 | Iter-1: 13.92/7.39 | Iter-2: 13.44/6.88 | Iter-3: 13.88/6.72 | Iter-4: 13.24/6.23 | 
{0.0: 2158, 1.0: 138, -1.0: 128}
Iter-0: 13.73/6.45 | Iter-1: 13.95/6.97 | Iter-2: 13.38/6.76 | Iter-3: 13.59/6.51 | Iter-4: 13.01/6.07 | 
{0.0: 2119, 1.0: 156, -1.0: 149}
Iter-0: 14.4/6.83 | Iter-1: 13.65/7.07 | Iter-2: 13.2/6.68 | Iter-3: 13.28/6.56 | Iter-4: 12.54/6.05 | 
{0.0: 2226, 1.0: 109, -1.0: 89}
Iter-0: 13.97/6.6 | Iter-1: 14.31/7.39 | Iter-2: 14.08/6.84 | Iter-3: 13.91/6.74 | Iter-4: 13.53/6.85 | 
{0.0: 2099, 1.0: 162, -1.0: 163}
Iter-0: 13.74/6.8 | Iter-1: 14.17/6.89 | Iter-2: 13.59/6.57 | Iter-3: 13.37/6.39 | Iter-4: 12.88/5.97 | 
{0.0: 2082, 1.0: 175, -1.0: 167}
Iter-0: 13.56/6.64 | Iter-1: 13.52/6.8 | Iter-2: 13.75/6.69 | Iter-3: 13.47/6.45 | Iter-4: 12.97/6.02 | 
{0.0: 2062, 1.0: 188, -1.0: 174}
Iter-0: 13.86/6.39 | Iter-1: 13.64/6.79 | Iter-2: 13.49/6.69 | Iter-3: 13.46/6.51 | Iter-4: 12.74/6.01 | 
prob_mse: 0.263428850385, running time: 100.112725973
16.0 ~~~~~~~~~~~~~~~~~~~~~~~~~~~~~~~~~~~~~~~~~~~~~~~~~~~~~~~~~~~~~~~`
dataset: facebook method: Adv-CSL, #attack_edge:10000,T:10,test_ratio: 0.3,gamma:0.2
/network/rit/lab/ceashpc/adil/data/adv_csl/Jan2/random_pgd_gcn_vae/facebook/facebook-attackedges-10000-T-10-testratio-0.3-swap_ratio-0.01-gamma-0.2-realization-8-data-X.pkl
#Rule:372936 Nodes:8078 Edges:372936
0 Creating 10 consumers
{0.0: 2253, 1.0: 94, -1.0: 77}
{0.0: 2205, 1.0: 117, -1.0: 102}
{0.0: 2226, 1.0: 109, -1.0: 89}
{0.0: 2184, 1.0: 121, -1.0: 119}
{0.0: 2158, 1.0: 138, -1.0: 128}
{0.0: 2134, 1.0: 149, -1.0: 141}
{0.0: 2119, 1.0: 156, -1.0: 149}
{0.0: 2099, 1.0: 162, -1.0: 163}
{0.0: 2082, 1.0: 175, -1.0: 167}
{0.0: 2062, 1.0: 188, -1.0: 174}
1 Creating 10 consumers
{0.0: 2184, 1.0: 121, -1.0: 119}
{0.0: 2134, 1.0: 149, -1.0: 141}
{0.0: 2226, 1.0: 109, -1.0: 89}
Iter-0: 13.59/6.52 | Iter-1: 13.9/7.2 | Iter-2: 13.45/6.9 | Iter-3: 13.17/6.7 | Iter-4: 12.62/6.21 | 
{0.0: 2253, 1.0: 94, -1.0: 77}
Iter-0: 13.68/6.5 | Iter-1: 13.83/7.13 | Iter-2: 13.49/6.96 | Iter-3: 13.39/6.84 | Iter-4: 13.33/6.31 | 
{0.0: 2205, 1.0: 117, -1.0: 102}
Iter-0: 13.99/6.68 | Iter-1: 13.83/6.94 | Iter-2: 13.42/6.79 | Iter-3: 13.1/6.62 | Iter-4: 12.6/6.14 | 
{0.0: 2099, 1.0: 162, -1.0: 163}
Iter-0: 13.26/6.22 | Iter-1: 13.33/6.55 | Iter-2: 13.6/6.83 | Iter-3: 13.1/6.47 | Iter-4: 12.45/6.01 | 
{0.0: 2119, 1.0: 156, -1.0: 149}
Iter-0: 13.47/6.36 | Iter-1: 13.35/6.64 | Iter-2: 13.54/6.83 | Iter-3: 13.51/6.52 | Iter-4: 12.89/6.0 | 
{0.0: 2158, 1.0: 138, -1.0: 128}
Iter-0: 13.85/6.32 | Iter-1: 13.99/6.81 | Iter-2: 14.06/6.99 | Iter-3: 13.56/6.56 | Iter-4: 12.99/6.13 | 
{0.0: 2062, 1.0: 188, -1.0: 174}
Iter-0: 13.53/6.34 | Iter-1: 13.65/6.47 | Iter-2: 13.71/6.92 | Iter-3: 13.14/6.37 | Iter-4: 12.56/5.93 | 
{0.0: 2082, 1.0: 175, -1.0: 167}
Iter-0: 14.43/6.96 | Iter-1: 14.01/6.5 | Iter-2: 13.7/6.75 | Iter-3: 13.49/6.44 | Iter-4: 12.84/5.94 | 
prob_mse: 0.256484158416, running time: 100.251040936
17.0 ~~~~~~~~~~~~~~~~~~~~~~~~~~~~~~~~~~~~~~~~~~~~~~~~~~~~~~~~~~~~~~~`
dataset: facebook method: Adv-CSL, #attack_edge:10000,T:10,test_ratio: 0.3,gamma:0.3
/network/rit/lab/ceashpc/adil/data/adv_csl/Jan2/random_pgd_gcn_vae/facebook/facebook-attackedges-10000-T-10-testratio-0.3-swap_ratio-0.01-gamma-0.3-realization-8-data-X.pkl
#Rule:372936 Nodes:8078 Edges:372936
0 Creating 10 consumers
{0.0: 2253, 1.0: 94, -1.0: 77}
{0.0: 2226, 1.0: 109, -1.0: 89}
{0.0: 2205, 1.0: 117, -1.0: 102}
{0.0: 2184, 1.0: 121, -1.0: 119}
{0.0: 2158, 1.0: 138, -1.0: 128}
{0.0: 2134, 1.0: 149, -1.0: 141}
{0.0: 2119, 1.0: 156, -1.0: 149}
{0.0: 2099, 1.0: 162, -1.0: 163}
{0.0: 2082, 1.0: 175, -1.0: 167}
{0.0: 2062, 1.0: 188, -1.0: 174}
1 Creating 10 consumers
{0.0: 2184, 1.0: 121, -1.0: 119}
{0.0: 2134, 1.0: 149, -1.0: 141}
{0.0: 2226, 1.0: 109, -1.0: 89}
Iter-0: 13.46/6.58 | Iter-1: 13.18/6.68 | Iter-2: 14.38/6.97 | Iter-3: 13.51/6.42 | Iter-4: 13.29/6.3 | 
{0.0: 2205, 1.0: 117, -1.0: 102}
Iter-0: 14.87/7.13 | Iter-1: 13.62/6.58 | Iter-2: 13.75/6.96 | Iter-3: 12.75/6.19 | Iter-4: 12.71/6.21 | 
{0.0: 2253, 1.0: 94, -1.0: 77}
Iter-0: 14.22/6.92 | Iter-1: 13.92/7.0 | Iter-2: 14.7/7.15 | Iter-3: 13.49/6.35 | Iter-4: 12.99/6.39 | 
{0.0: 2158, 1.0: 138, -1.0: 128}
Iter-0: 13.41/6.58 | Iter-1: 13.57/6.26 | Iter-2: 13.98/6.69 | Iter-3: 13.11/6.18 | Iter-4: 12.63/6.12 | 
{0.0: 2099, 1.0: 162, -1.0: 163}
Iter-0: 13.82/6.85 | Iter-1: 13.46/6.2 | Iter-2: 14.04/6.68 | Iter-3: 12.48/6.01 | Iter-4: 12.46/6.03 | 
{0.0: 2119, 1.0: 156, -1.0: 149}
Iter-0: 13.24/6.42 | Iter-1: 13.76/6.27 | Iter-2: 14.05/6.76 | Iter-3: 13.08/6.09 | Iter-4: 13.08/6.11 | 
{0.0: 2062, 1.0: 188, -1.0: 174}
Iter-0: 12.87/6.24 | Iter-1: 13.2/6.17 | Iter-2: 13.83/6.58 | Iter-3: 12.95/5.98 | Iter-4: 12.98/6.01 | 
{0.0: 2082, 1.0: 175, -1.0: 167}
Iter-0: 13.04/6.35 | Iter-1: 13.65/6.12 | Iter-2: 13.81/6.71 | Iter-3: 12.98/6.02 | Iter-4: 13.0/6.04 | 
prob_mse: 0.24802640264, running time: 99.191890955
18.0 ~~~~~~~~~~~~~~~~~~~~~~~~~~~~~~~~~~~~~~~~~~~~~~~~~~~~~~~~~~~~~~~`
dataset: facebook method: Adv-CSL, #attack_edge:10000,T:10,test_ratio: 0.3,gamma:0.4
/network/rit/lab/ceashpc/adil/data/adv_csl/Jan2/random_pgd_gcn_vae/facebook/facebook-attackedges-10000-T-10-testratio-0.3-swap_ratio-0.01-gamma-0.4-realization-8-data-X.pkl
#Rule:372936 Nodes:8078 Edges:372936
0 Creating 10 consumers
{0.0: 2253, 1.0: 94, -1.0: 77}
{0.0: 2226, 1.0: 109, -1.0: 89}
{0.0: 2205, 1.0: 117, -1.0: 102}
{0.0: 2184, 1.0: 121, -1.0: 119}
{0.0: 2158, 1.0: 138, -1.0: 128}
{0.0: 2134, 1.0: 149, -1.0: 141}
{0.0: 2119, 1.0: 156, -1.0: 149}
{0.0: 2082, 1.0: 175, -1.0: 167}
{0.0: 2099, 1.0: 162, -1.0: 163}
{0.0: 2062, 1.0: 188, -1.0: 174}
1 Creating 10 consumers
{0.0: 2184, 1.0: 121, -1.0: 119}
{0.0: 2134, 1.0: 149, -1.0: 141}
{0.0: 2253, 1.0: 94, -1.0: 77}
Iter-0: 12.92/6.29 | Iter-1: 13.11/6.56 | Iter-2: 12.96/6.52 | Iter-3: 12.8/6.23 | Iter-4: 13.32/6.35 | 
{0.0: 2205, 1.0: 117, -1.0: 102}
Iter-0: 12.82/6.18 | Iter-1: 13.09/6.45 | Iter-2: 12.88/6.44 | Iter-3: 12.69/6.17 | Iter-4: 12.65/6.21 | 
{0.0: 2099, 1.0: 162, -1.0: 163}
Iter-0: 12.58/5.94 | Iter-1: 12.68/6.23 | Iter-2: 12.57/6.14 | Iter-3: 12.52/5.98 | Iter-4: 12.86/6.01 | 
{0.0: 2158, 1.0: 138, -1.0: 128}
Iter-0: 12.97/6.02 | Iter-1: 13.01/6.25 | Iter-2: 13.03/6.27 | Iter-3: 13.06/6.24 | Iter-4: 12.82/6.08 | 
{0.0: 2226, 1.0: 109, -1.0: 89}
Iter-0: 12.99/6.32 | Iter-1: 13.69/6.6 | Iter-2: 13.45/6.52 | Iter-3: 13.34/6.57 | Iter-4: 13.8/6.93 | 
{0.0: 2119, 1.0: 156, -1.0: 149}
Iter-0: 12.65/5.99 | Iter-1: 12.89/6.17 | Iter-2: 13.25/6.28 | Iter-3: 13.12/6.05 | Iter-4: 13.17/6.13 | 
{0.0: 2082, 1.0: 175, -1.0: 167}
Iter-0: 12.62/5.91 | Iter-1: 12.61/6.1 | Iter-2: 12.66/6.1 | Iter-3: 13.1/5.98 | Iter-4: 13.15/6.01 | 
{0.0: 2062, 1.0: 188, -1.0: 174}
Iter-0: 12.74/5.88 | Iter-1: 12.67/6.05 | Iter-2: 12.65/6.04 | Iter-3: 12.66/5.97 | Iter-4: 13.1/6.16 | 
prob_mse: 0.245310423542, running time: 97.0482170582
19.0 ~~~~~~~~~~~~~~~~~~~~~~~~~~~~~~~~~~~~~~~~~~~~~~~~~~~~~~~~~~~~~~~`
dataset: facebook method: Adv-CSL, #attack_edge:10000,T:10,test_ratio: 0.3,gamma:0.5
/network/rit/lab/ceashpc/adil/data/adv_csl/Jan2/random_pgd_gcn_vae/facebook/facebook-attackedges-10000-T-10-testratio-0.3-swap_ratio-0.01-gamma-0.5-realization-8-data-X.pkl
#Rule:372936 Nodes:8078 Edges:372936
0 Creating 10 consumers
{0.0: 1216, -1.0: 1208}
{0.0: 1220, -1.0: 1204}
{0.0: 1212, -1.0: 1212}
{0.0: 1200, -1.0: 1224}
{0.0: 1204, -1.0: 1220}
{0.0: 1203, -1.0: 1221}
{0.0: 1203, -1.0: 1221}
{0.0: 1197, -1.0: 1227}
{0.0: 1205, -1.0: 1219}
{0.0: 1205, -1.0: 1219}
1 Creating 10 consumers
{0.0: 1216, -1.0: 1208}
{0.0: 1220, -1.0: 1204}
{0.0: 1212, -1.0: 1212}
{0.0: 1200, -1.0: 1224}
{0.0: 1204, -1.0: 1220}
{0.0: 1203, -1.0: 1221}
{0.0: 1203, -1.0: 1221}
{0.0: 1197, -1.0: 1227}
{0.0: 1205, -1.0: 1219}
{0.0: 1205, -1.0: 1219}
prob_mse: 0.418548982398, running time: 45.1928641796
20.0 ~~~~~~~~~~~~~~~~~~~~~~~~~~~~~~~~~~~~~~~~~~~~~~~~~~~~~~~~~~~~~~~`
dataset: facebook method: Adv-CSL, #attack_edge:10000,T:10,test_ratio: 0.3,gamma:0.0
/network/rit/lab/ceashpc/adil/data/adv_csl/Jan2/random_pgd_gcn_vae/facebook/facebook-attackedges-10000-T-10-testratio-0.3-swap_ratio-0.01-gamma-0.0-realization-9-data-X.pkl
#Rule:372936 Nodes:8078 Edges:372936
0 Creating 10 consumers
{0.0: 2260, 1.0: 92, -1.0: 72}
{0.0: 2205, 1.0: 119, -1.0: 100}
{0.0: 2230, 1.0: 106, -1.0: 88}
{0.0: 2185, 1.0: 132, -1.0: 107}
{0.0: 2157, 1.0: 140, -1.0: 127}
{0.0: 2129, 1.0: 152, -1.0: 143}
{0.0: 2113, 1.0: 162, -1.0: 149}
{0.0: 2104, 1.0: 168, -1.0: 152}
{0.0: 2097, 1.0: 169, -1.0: 158}
{0.0: 2077, 1.0: 179, -1.0: 168}
1 Creating 10 consumers
{0.0: 2205, 1.0: 119, -1.0: 100}
{0.0: 2185, 1.0: 132, -1.0: 107}
{0.0: 2157, 1.0: 140, -1.0: 127}
{0.0: 2113, 1.0: 162, -1.0: 149}
Iter-0: 10.17/3.44 | Iter-1: 11.8/5.41 | 
{0.0: 2097, 1.0: 169, -1.0: 158}
Iter-0: 9.9/3.42 | Iter-1: 11.82/5.38 | 
{0.0: 2129, 1.0: 152, -1.0: 143}
Iter-0: 10.47/3.44 | Iter-1: 12.42/5.48 | 
{0.0: 2104, 1.0: 168, -1.0: 152}
Iter-0: 10.2/3.42 | Iter-1: 12.09/5.4 | 
{0.0: 2077, 1.0: 179, -1.0: 168}
Iter-0: 10.31/3.46 | Iter-1: 11.75/5.34 | 
{0.0: 2230, 1.0: 106, -1.0: 88}
Iter-0: 10.22/3.45 | Iter-1: 12.32/5.57 | Iter-2: 11.05/4.25 | Iter-3: 11.61/4.89 | Iter-4: 11.73/5.06 | 
{0.0: 2260, 1.0: 92, -1.0: 72}
Iter-0: 10.84/3.69 | Iter-1: 13.29/6.15 | Iter-2: 11.19/4.66 | Iter-3: 11.23/4.87 | Iter-4: 11.38/5.03 | 
prob_mse: 0.0975485148515, running time: 81.6107649803
21.0 ~~~~~~~~~~~~~~~~~~~~~~~~~~~~~~~~~~~~~~~~~~~~~~~~~~~~~~~~~~~~~~~`
dataset: facebook method: Adv-CSL, #attack_edge:10000,T:10,test_ratio: 0.3,gamma:0.01
/network/rit/lab/ceashpc/adil/data/adv_csl/Jan2/random_pgd_gcn_vae/facebook/facebook-attackedges-10000-T-10-testratio-0.3-swap_ratio-0.01-gamma-0.01-realization-9-data-X.pkl
#Rule:372936 Nodes:8078 Edges:372936
0 Creating 10 consumers
{0.0: 2230, 1.0: 106, -1.0: 88}
{0.0: 2260, 1.0: 92, -1.0: 72}
{0.0: 2205, 1.0: 119, -1.0: 100}
{0.0: 2185, 1.0: 132, -1.0: 107}
{0.0: 2157, 1.0: 140, -1.0: 127}
{0.0: 2129, 1.0: 152, -1.0: 143}
{0.0: 2113, 1.0: 162, -1.0: 149}
{0.0: 2104, 1.0: 168, -1.0: 152}
{0.0: 2097, 1.0: 169, -1.0: 158}
{0.0: 2077, 1.0: 179, -1.0: 168}
1 Creating 10 consumers
{0.0: 2205, 1.0: 119, -1.0: 100}
{0.0: 2185, 1.0: 132, -1.0: 107}
{0.0: 2157, 1.0: 140, -1.0: 127}
{0.0: 2260, 1.0: 92, -1.0: 72}
Iter-0: 13.1/6.43 | Iter-1: 14.29/6.94 | Iter-2: 12.67/6.28 | Iter-3: 13.02/6.07 | Iter-4: 12.78/5.81 | 
{0.0: 2230, 1.0: 106, -1.0: 88}
Iter-0: 13.08/6.49 | Iter-1: 14.37/6.84 | Iter-2: 13.29/6.24 | Iter-3: 12.97/6.0 | Iter-4: 12.82/5.74 | 
{0.0: 2113, 1.0: 162, -1.0: 149}
Iter-0: 12.88/6.36 | Iter-1: 13.55/6.76 | Iter-2: 12.66/6.14 | Iter-3: 12.37/5.9 | Iter-4: 12.11/5.63 | 
{0.0: 2129, 1.0: 152, -1.0: 143}
Iter-0: 13.07/6.4 | Iter-1: 13.49/6.71 | Iter-2: 13.08/6.13 | Iter-3: 12.89/6.19 | Iter-4: 12.12/5.63 | 
{0.0: 2097, 1.0: 169, -1.0: 158}
Iter-0: 12.83/6.37 | Iter-1: 13.3/6.57 | Iter-2: 13.0/6.09 | Iter-3: 12.91/5.96 | Iter-4: 12.49/5.58 | 
{0.0: 2077, 1.0: 179, -1.0: 168}
Iter-0: 13.0/6.21 | Iter-1: 13.49/6.61 | Iter-2: 12.88/6.14 | Iter-3: 12.52/5.9 | Iter-4: 12.16/5.56 | 
