

--------------------------------------------------
--------------------------------------------------

-------------------Mon, 21 Jan 2019 11:31:06 PM EST---------------------

0 ~~~~~~~~~~~~~~~~~~~~~~~~~~~~~~~~~~~~~~~~~~~~~~~~~~~~~~~~~~~~~~~`
dataset: facebook method: Adv-CSL, #attack_edge:10000,T:10,test_ratio: 0.3,gamma:0.0
/network/rit/lab/ceashpc/adil/data/adv_csl/Jan2/random_pgd_gcn_vae/facebook/facebook-attackedges-10000-T-10-testratio-0.3-swap_ratio-0.01-gamma-0.0-realization-3-data-X.pkl
#Rule:372936 Nodes:8078 Edges:372936
0 Creating 10 consumers
{0.0: 2255, 1.0: 95, -1.0: 74}
{0.0: 2221, 1.0: 109, -1.0: 94}
{0.0: 2248, 1.0: 95, -1.0: 81}
{0.0: 2204, 1.0: 117, -1.0: 103}
{0.0: 2171, 1.0: 136, -1.0: 117}
{0.0: 2155, 1.0: 145, -1.0: 124}
{0.0: 2137, 1.0: 152, -1.0: 135}
{0.0: 2125, 1.0: 156, -1.0: 143}
{0.0: 2113, 1.0: 162, -1.0: 149}
{0.0: 2092, 1.0: 168, -1.0: 164}
1 Creating 10 consumers
{0.0: 2221, 1.0: 109, -1.0: 94}
{0.0: 2204, 1.0: 117, -1.0: 103}
{0.0: 2137, 1.0: 152, -1.0: 135}
{0.0: 2171, 1.0: 136, -1.0: 117}
Iter-0: 9.78/3.47 | 
{0.0: 2155, 1.0: 145, -1.0: 124}
Iter-0: 9.75/3.46 | 
{0.0: 2255, 1.0: 95, -1.0: 74}
Iter-0: 10.17/3.47 | Iter-1: 12.21/5.54 | 
{0.0: 2248, 1.0: 95, -1.0: 81}
Iter-0: 10.18/3.48 | Iter-1: 12.11/5.53 | 
{0.0: 2113, 1.0: 162, -1.0: 149}
Iter-0: 9.85/3.44 | Iter-1: 11.78/5.34 | Iter-2: 10.57/4.17 | 
{0.0: 2125, 1.0: 156, -1.0: 143}
Iter-0: 9.85/3.46 | Iter-1: 11.93/5.4 | Iter-2: 10.95/4.21 | 
{0.0: 2092, 1.0: 168, -1.0: 164}
Iter-0: 10.22/3.45 | Iter-1: 12.46/5.58 | Iter-2: 10.97/4.18 | 
prob_mse: 0.0865133663366, running time: 74.3298540115
1.0 ~~~~~~~~~~~~~~~~~~~~~~~~~~~~~~~~~~~~~~~~~~~~~~~~~~~~~~~~~~~~~~~`
dataset: facebook method: Adv-CSL, #attack_edge:10000,T:10,test_ratio: 0.3,gamma:0.01
/network/rit/lab/ceashpc/adil/data/adv_csl/Jan2/random_pgd_gcn_vae/facebook/facebook-attackedges-10000-T-10-testratio-0.3-swap_ratio-0.01-gamma-0.01-realization-3-data-X.pkl
#Rule:372936 Nodes:8078 Edges:372936
0 Creating 10 consumers
{0.0: 2255, 1.0: 95, -1.0: 74}
{0.0: 2248, 1.0: 95, -1.0: 81}
{0.0: 2204, 1.0: 117, -1.0: 103}
{0.0: 2221, 1.0: 109, -1.0: 94}
{0.0: 2171, 1.0: 136, -1.0: 117}
{0.0: 2155, 1.0: 145, -1.0: 124}
{0.0: 2137, 1.0: 152, -1.0: 135}
{0.0: 2125, 1.0: 156, -1.0: 143}
{0.0: 2113, 1.0: 162, -1.0: 149}
{0.0: 2092, 1.0: 168, -1.0: 164}
1 Creating 10 consumers
{0.0: 2221, 1.0: 109, -1.0: 94}
{0.0: 2204, 1.0: 117, -1.0: 103}
{0.0: 2137, 1.0: 152, -1.0: 135}
{0.0: 2255, 1.0: 95, -1.0: 74}
Iter-0: 12.87/6.36 | Iter-1: 13.16/6.82 | Iter-2: 12.64/6.31 | Iter-3: 12.4/6.05 | Iter-4: 12.47/5.76 | 
{0.0: 2248, 1.0: 95, -1.0: 81}
Iter-0: 12.86/6.24 | Iter-1: 13.24/6.77 | Iter-2: 12.7/6.26 | Iter-3: 12.45/6.0 | Iter-4: 12.49/5.72 | 
{0.0: 2113, 1.0: 162, -1.0: 149}
Iter-0: 12.42/5.88 | Iter-1: 12.81/6.46 | Iter-2: 12.41/5.98 | Iter-3: 12.22/5.82 | Iter-4: 11.86/5.44 | 
{0.0: 2171, 1.0: 136, -1.0: 117}
Iter-0: 12.58/6.05 | Iter-1: 13.13/6.62 | Iter-2: 13.01/6.16 | Iter-3: 12.88/5.93 | Iter-4: 12.81/5.62 | 
{0.0: 2155, 1.0: 145, -1.0: 124}
Iter-0: 12.62/6.0 | Iter-1: 13.01/6.59 | Iter-2: 12.73/6.1 | Iter-3: 13.26/6.53 | Iter-4: 12.46/5.54 | 
{0.0: 2125, 1.0: 156, -1.0: 143}
Iter-0: 12.47/5.91 | Iter-1: 12.87/6.49 | Iter-2: 12.89/6.02 | Iter-3: 12.85/5.84 | Iter-4: 12.61/5.5 | 
{0.0: 2092, 1.0: 168, -1.0: 164}
Iter-0: 12.48/5.85 | Iter-1: 12.8/6.39 | Iter-2: 12.6/5.93 | Iter-3: 12.83/5.83 | Iter-4: 12.59/5.41 | 
prob_mse: 0.245242079208, running time: 94.6488730907
2.0 ~~~~~~~~~~~~~~~~~~~~~~~~~~~~~~~~~~~~~~~~~~~~~~~~~~~~~~~~~~~~~~~`
dataset: facebook method: Adv-CSL, #attack_edge:10000,T:10,test_ratio: 0.3,gamma:0.03
/network/rit/lab/ceashpc/adil/data/adv_csl/Jan2/random_pgd_gcn_vae/facebook/facebook-attackedges-10000-T-10-testratio-0.3-swap_ratio-0.01-gamma-0.03-realization-3-data-X.pkl
#Rule:372936 Nodes:8078 Edges:372936
0 Creating 10 consumers
{0.0: 2255, 1.0: 95, -1.0: 74}
{0.0: 2248, 1.0: 95, -1.0: 81}
{0.0: 2204, 1.0: 117, -1.0: 103}
{0.0: 2221, 1.0: 109, -1.0: 94}
{0.0: 2171, 1.0: 136, -1.0: 117}
{0.0: 2137, 1.0: 152, -1.0: 135}
{0.0: 2155, 1.0: 145, -1.0: 124}
{0.0: 2125, 1.0: 156, -1.0: 143}
{0.0: 2113, 1.0: 162, -1.0: 149}
{0.0: 2092, 1.0: 168, -1.0: 164}
1 Creating 10 consumers
{0.0: 2221, 1.0: 109, -1.0: 94}
{0.0: 2204, 1.0: 117, -1.0: 103}
{0.0: 2137, 1.0: 152, -1.0: 135}
{0.0: 2255, 1.0: 95, -1.0: 74}
Iter-0: 12.76/6.34 | Iter-1: 13.53/7.12 | Iter-2: 13.09/6.65 | Iter-3: 13.27/6.38 | Iter-4: 13.24/6.19 | 
{0.0: 2248, 1.0: 95, -1.0: 81}
Iter-0: 12.75/6.36 | Iter-1: 13.6/7.19 | Iter-2: 13.21/6.75 | Iter-3: 12.91/6.4 | Iter-4: 13.15/6.15 | 
{0.0: 2155, 1.0: 145, -1.0: 124}
Iter-0: 12.37/6.06 | Iter-1: 13.23/6.89 | Iter-2: 12.82/6.43 | Iter-3: 12.56/6.18 | Iter-4: 12.4/5.93 | 
{0.0: 2171, 1.0: 136, -1.0: 117}
Iter-0: 12.5/6.14 | Iter-1: 13.24/6.88 | Iter-2: 13.38/6.45 | Iter-3: 13.17/6.19 | Iter-4: 13.03/5.95 | 
{0.0: 2125, 1.0: 156, -1.0: 143}
Iter-0: 12.57/5.97 | Iter-1: 13.33/6.84 | Iter-2: 13.07/6.4 | Iter-3: 12.66/6.08 | Iter-4: 12.56/5.94 | 
{0.0: 2113, 1.0: 162, -1.0: 149}
Iter-0: 12.27/5.92 | Iter-1: 13.1/6.76 | Iter-2: 12.79/6.31 | Iter-3: 12.73/6.09 | Iter-4: 12.9/5.85 | 
{0.0: 2092, 1.0: 168, -1.0: 164}
Iter-0: 12.49/5.92 | Iter-1: 13.23/6.67 | Iter-2: 13.04/6.25 | Iter-3: 12.94/6.05 | Iter-4: 13.36/6.45 | 
prob_mse: 0.243316886689, running time: 97.2380769253
3.0 ~~~~~~~~~~~~~~~~~~~~~~~~~~~~~~~~~~~~~~~~~~~~~~~~~~~~~~~~~~~~~~~`
dataset: facebook method: Adv-CSL, #attack_edge:10000,T:10,test_ratio: 0.3,gamma:0.05
/network/rit/lab/ceashpc/adil/data/adv_csl/Jan2/random_pgd_gcn_vae/facebook/facebook-attackedges-10000-T-10-testratio-0.3-swap_ratio-0.01-gamma-0.05-realization-3-data-X.pkl
#Rule:372936 Nodes:8078 Edges:372936
0 Creating 10 consumers
{0.0: 2248, 1.0: 95, -1.0: 81}
{0.0: 2255, 1.0: 95, -1.0: 74}
{0.0: 2221, 1.0: 109, -1.0: 94}
{0.0: 2204, 1.0: 117, -1.0: 103}
{0.0: 2171, 1.0: 136, -1.0: 117}
{0.0: 2155, 1.0: 145, -1.0: 124}
{0.0: 2137, 1.0: 152, -1.0: 135}
{0.0: 2125, 1.0: 156, -1.0: 143}
{0.0: 2113, 1.0: 162, -1.0: 149}
{0.0: 2092, 1.0: 168, -1.0: 164}
1 Creating 10 consumers
{0.0: 2221, 1.0: 109, -1.0: 94}
{0.0: 2204, 1.0: 117, -1.0: 103}
{0.0: 2137, 1.0: 152, -1.0: 135}
{0.0: 2255, 1.0: 95, -1.0: 74}
Iter-0: 12.63/6.27 | Iter-1: 13.5/7.14 | Iter-2: 13.16/6.74 | Iter-3: 12.95/6.54 | Iter-4: 12.81/6.25 | 
{0.0: 2248, 1.0: 95, -1.0: 81}
Iter-0: 12.72/6.28 | Iter-1: 13.5/7.12 | Iter-2: 13.28/6.66 | Iter-3: 13.46/6.51 | Iter-4: 12.77/6.22 | 
{0.0: 2171, 1.0: 136, -1.0: 117}
Iter-0: 12.45/6.0 | Iter-1: 13.28/6.86 | Iter-2: 12.95/6.47 | Iter-3: 12.81/6.29 | Iter-4: 12.52/6.0 | 
{0.0: 2155, 1.0: 145, -1.0: 124}
Iter-0: 12.36/5.97 | Iter-1: 13.26/6.87 | Iter-2: 12.91/6.46 | Iter-3: 12.8/6.29 | Iter-4: 12.48/6.0 | 
{0.0: 2125, 1.0: 156, -1.0: 143}
Iter-0: 12.38/5.9 | Iter-1: 13.26/6.79 | Iter-2: 13.1/6.4 | Iter-3: 12.84/6.23 | Iter-4: 12.63/5.95 | 
{0.0: 2113, 1.0: 162, -1.0: 149}
Iter-0: 12.33/5.89 | Iter-1: 13.17/6.74 | Iter-2: 12.9/6.43 | Iter-3: 12.99/6.23 | Iter-4: 12.65/5.93 | 
{0.0: 2092, 1.0: 168, -1.0: 164}
Iter-0: 12.73/5.83 | Iter-1: 13.41/6.64 | Iter-2: 12.78/6.29 | Iter-3: 12.63/6.11 | Iter-4: 12.31/5.85 | 
prob_mse: 0.242079180418, running time: 95.2955930233
4.0 ~~~~~~~~~~~~~~~~~~~~~~~~~~~~~~~~~~~~~~~~~~~~~~~~~~~~~~~~~~~~~~~`
dataset: facebook method: Adv-CSL, #attack_edge:10000,T:10,test_ratio: 0.3,gamma:0.07
/network/rit/lab/ceashpc/adil/data/adv_csl/Jan2/random_pgd_gcn_vae/facebook/facebook-attackedges-10000-T-10-testratio-0.3-swap_ratio-0.01-gamma-0.07-realization-3-data-X.pkl
#Rule:372936 Nodes:8078 Edges:372936
0 Creating 10 consumers
{0.0: 2255, 1.0: 95, -1.0: 74}
{0.0: 2248, 1.0: 95, -1.0: 81}
{0.0: 2221, 1.0: 109, -1.0: 94}
{0.0: 2204, 1.0: 117, -1.0: 103}
{0.0: 2171, 1.0: 136, -1.0: 117}
{0.0: 2155, 1.0: 145, -1.0: 124}
{0.0: 2137, 1.0: 152, -1.0: 135}
{0.0: 2125, 1.0: 156, -1.0: 143}
{0.0: 2113, 1.0: 162, -1.0: 149}
{0.0: 2092, 1.0: 168, -1.0: 164}
1 Creating 10 consumers
{0.0: 2221, 1.0: 109, -1.0: 94}
{0.0: 2204, 1.0: 117, -1.0: 103}
{0.0: 2137, 1.0: 152, -1.0: 135}
{0.0: 2255, 1.0: 95, -1.0: 74}
Iter-0: 12.65/6.32 | Iter-1: 13.48/7.15 | Iter-2: 13.28/6.73 | Iter-3: 13.05/6.67 | Iter-4: 12.77/6.29 | 
{0.0: 2171, 1.0: 136, -1.0: 117}
Iter-0: 12.43/6.05 | Iter-1: 13.31/6.94 | Iter-2: 13.17/6.52 | Iter-3: 12.9/6.49 | Iter-4: 12.75/6.12 | 
{0.0: 2155, 1.0: 145, -1.0: 124}
Iter-0: 12.34/5.98 | Iter-1: 13.23/6.87 | Iter-2: 13.12/6.46 | Iter-3: 12.84/6.43 | Iter-4: 12.95/6.05 | 
{0.0: 2125, 1.0: 156, -1.0: 143}
Iter-0: 12.33/5.92 | Iter-1: 13.22/6.81 | Iter-2: 13.1/6.4 | Iter-3: 12.86/6.39 | Iter-4: 12.85/6.33 | 
{0.0: 2092, 1.0: 168, -1.0: 164}
Iter-0: 12.26/5.88 | Iter-1: 13.1/6.71 | Iter-2: 13.04/6.36 | Iter-3: 12.91/6.32 | Iter-4: 13.1/5.99 | 
{0.0: 2113, 1.0: 162, -1.0: 149}
Iter-0: 12.3/5.88 | Iter-1: 13.17/6.73 | Iter-2: 13.64/6.36 | Iter-3: 13.32/6.35 | Iter-4: 12.58/5.97 | 
{0.0: 2248, 1.0: 95, -1.0: 81}
Iter-0: 13.55/6.48 | Iter-1: 14.98/7.95 | Iter-2: 14.62/7.46 | Iter-3: 13.15/6.67 | Iter-4: 12.8/6.33 | 
prob_mse: 0.240669664466, running time: 95.7137258053
5.0 ~~~~~~~~~~~~~~~~~~~~~~~~~~~~~~~~~~~~~~~~~~~~~~~~~~~~~~~~~~~~~~~`
dataset: facebook method: Adv-CSL, #attack_edge:10000,T:10,test_ratio: 0.3,gamma:0.09
/network/rit/lab/ceashpc/adil/data/adv_csl/Jan2/random_pgd_gcn_vae/facebook/facebook-attackedges-10000-T-10-testratio-0.3-swap_ratio-0.01-gamma-0.09-realization-3-data-X.pkl
#Rule:372936 Nodes:8078 Edges:372936
0 Creating 10 consumers
{0.0: 2248, 1.0: 95, -1.0: 81}
{0.0: 2255, 1.0: 95, -1.0: 74}
{0.0: 2221, 1.0: 109, -1.0: 94}
{0.0: 2171, 1.0: 136, -1.0: 117}
{0.0: 2204, 1.0: 117, -1.0: 103}
{0.0: 2137, 1.0: 152, -1.0: 135}
{0.0: 2155, 1.0: 145, -1.0: 124}
{0.0: 2125, 1.0: 156, -1.0: 143}
{0.0: 2113, 1.0: 162, -1.0: 149}
{0.0: 2092, 1.0: 168, -1.0: 164}
1 Creating 10 consumers
{0.0: 2204, 1.0: 117, -1.0: 103}
{0.0: 2221, 1.0: 109, -1.0: 94}
{0.0: 2137, 1.0: 152, -1.0: 135}
{0.0: 2171, 1.0: 136, -1.0: 117}
Iter-0: 12.42/6.09 | Iter-1: 13.24/6.92 | Iter-2: 12.86/6.49 | Iter-3: 12.95/6.61 | Iter-4: 12.67/6.09 | 
{0.0: 2255, 1.0: 95, -1.0: 74}
Iter-0: 12.73/6.37 | Iter-1: 13.56/7.2 | Iter-2: 13.21/6.79 | Iter-3: 13.26/6.85 | Iter-4: 14.03/6.6 | 
{0.0: 2248, 1.0: 95, -1.0: 81}
Iter-0: 12.82/6.32 | Iter-1: 13.75/7.23 | Iter-2: 13.35/6.79 | Iter-3: 13.41/6.86 | Iter-4: 13.3/6.41 | 
{0.0: 2113, 1.0: 162, -1.0: 149}
Iter-0: 12.23/5.91 | Iter-1: 13.07/6.76 | Iter-2: 12.82/6.38 | Iter-3: 12.77/6.45 | Iter-4: 12.48/5.99 | 
{0.0: 2155, 1.0: 145, -1.0: 124}
Iter-0: 12.43/6.05 | Iter-1: 13.3/6.94 | Iter-2: 13.44/6.51 | Iter-3: 13.0/6.6 | Iter-4: 13.25/6.09 | 
{0.0: 2125, 1.0: 156, -1.0: 143}
Iter-0: 12.55/5.97 | Iter-1: 13.4/6.82 | Iter-2: 13.3/6.49 | Iter-3: 13.27/6.53 | Iter-4: 12.82/6.07 | 
{0.0: 2092, 1.0: 168, -1.0: 164}
Iter-0: 12.26/5.9 | Iter-1: 13.24/6.71 | Iter-2: 13.36/6.36 | Iter-3: 13.31/6.41 | Iter-4: 12.9/5.98 | 
prob_mse: 0.239603932893, running time: 96.710244894
6.0 ~~~~~~~~~~~~~~~~~~~~~~~~~~~~~~~~~~~~~~~~~~~~~~~~~~~~~~~~~~~~~~~`
dataset: facebook method: Adv-CSL, #attack_edge:10000,T:10,test_ratio: 0.3,gamma:0.2
/network/rit/lab/ceashpc/adil/data/adv_csl/Jan2/random_pgd_gcn_vae/facebook/facebook-attackedges-10000-T-10-testratio-0.3-swap_ratio-0.01-gamma-0.2-realization-3-data-X.pkl
#Rule:372936 Nodes:8078 Edges:372936
0 Creating 10 consumers
{0.0: 2248, 1.0: 95, -1.0: 81}
{0.0: 2255, 1.0: 95, -1.0: 74}
{0.0: 2221, 1.0: 109, -1.0: 94}
{0.0: 2204, 1.0: 117, -1.0: 103}
{0.0: 2155, 1.0: 145, -1.0: 124}
{0.0: 2171, 1.0: 136, -1.0: 117}
{0.0: 2125, 1.0: 156, -1.0: 143}
{0.0: 2137, 1.0: 152, -1.0: 135}
{0.0: 2113, 1.0: 162, -1.0: 149}
{0.0: 2092, 1.0: 168, -1.0: 164}
1 Creating 10 consumers
{0.0: 2221, 1.0: 109, -1.0: 94}
{0.0: 2204, 1.0: 117, -1.0: 103}
{0.0: 2137, 1.0: 152, -1.0: 135}
{0.0: 2255, 1.0: 95, -1.0: 74}
Iter-0: 12.72/6.31 | Iter-1: 13.38/6.97 | Iter-2: 13.33/6.87 | Iter-3: 13.16/6.72 | Iter-4: 13.36/6.27 | 
{0.0: 2248, 1.0: 95, -1.0: 81}
Iter-0: 12.63/6.23 | Iter-1: 13.28/6.88 | Iter-2: 13.27/6.8 | Iter-3: 13.07/6.64 | Iter-4: 13.79/6.41 | 
{0.0: 2125, 1.0: 156, -1.0: 143}
Iter-0: 12.29/5.91 | Iter-1: 12.86/6.48 | Iter-2: 12.99/6.51 | Iter-3: 13.03/6.38 | Iter-4: 12.58/5.94 | 
{0.0: 2171, 1.0: 136, -1.0: 117}
Iter-0: 12.64/6.06 | Iter-1: 13.49/6.68 | Iter-2: 13.27/6.65 | Iter-3: 13.21/6.49 | Iter-4: 12.83/6.06 | 
{0.0: 2155, 1.0: 145, -1.0: 124}
Iter-0: 12.42/5.98 | Iter-1: 12.99/6.57 | Iter-2: 13.58/6.57 | Iter-3: 13.45/6.46 | Iter-4: 13.23/6.02 | 
{0.0: 2113, 1.0: 162, -1.0: 149}
Iter-0: 12.5/5.9 | Iter-1: 13.43/6.48 | Iter-2: 13.1/6.43 | Iter-3: 12.81/6.29 | Iter-4: 12.49/5.86 | 
{0.0: 2092, 1.0: 168, -1.0: 164}
Iter-0: 12.43/5.85 | Iter-1: 13.37/6.43 | Iter-2: 13.55/6.46 | Iter-3: 13.29/6.33 | Iter-4: 13.04/5.91 | 
prob_mse: 0.23320929593, running time: 96.5324239731
7.0 ~~~~~~~~~~~~~~~~~~~~~~~~~~~~~~~~~~~~~~~~~~~~~~~~~~~~~~~~~~~~~~~`
dataset: facebook method: Adv-CSL, #attack_edge:10000,T:10,test_ratio: 0.3,gamma:0.3
/network/rit/lab/ceashpc/adil/data/adv_csl/Jan2/random_pgd_gcn_vae/facebook/facebook-attackedges-10000-T-10-testratio-0.3-swap_ratio-0.01-gamma-0.3-realization-3-data-X.pkl
#Rule:372936 Nodes:8078 Edges:372936
0 Creating 10 consumers
{0.0: 2248, 1.0: 95, -1.0: 81}
{0.0: 2255, 1.0: 95, -1.0: 74}
{0.0: 2204, 1.0: 117, -1.0: 103}
{0.0: 2221, 1.0: 109, -1.0: 94}
{0.0: 2171, 1.0: 136, -1.0: 117}
{0.0: 2155, 1.0: 145, -1.0: 124}
{0.0: 2137, 1.0: 152, -1.0: 135}
{0.0: 2113, 1.0: 162, -1.0: 149}
{0.0: 2125, 1.0: 156, -1.0: 143}
{0.0: 2092, 1.0: 168, -1.0: 164}
1 Creating 10 consumers
{0.0: 2221, 1.0: 109, -1.0: 94}
{0.0: 2204, 1.0: 117, -1.0: 103}
{0.0: 2137, 1.0: 152, -1.0: 135}
{0.0: 2248, 1.0: 95, -1.0: 81}
Iter-0: 12.71/6.33 | Iter-1: 13.02/6.62 | Iter-2: 13.41/6.81 | Iter-3: 12.7/6.29 | Iter-4: 13.18/6.32 | 
{0.0: 2255, 1.0: 95, -1.0: 74}
Iter-0: 12.72/6.35 | Iter-1: 13.06/6.67 | Iter-2: 14.47/7.41 | Iter-3: 12.7/6.32 | Iter-4: 12.97/6.39 | 
{0.0: 2125, 1.0: 156, -1.0: 143}
Iter-0: 12.31/5.94 | Iter-1: 12.51/6.15 | Iter-2: 13.01/6.42 | Iter-3: 12.39/6.0 | Iter-4: 12.58/6.03 | 
{0.0: 2171, 1.0: 136, -1.0: 117}
Iter-0: 12.42/6.07 | Iter-1: 12.67/6.31 | Iter-2: 13.96/6.59 | Iter-3: 13.1/6.15 | Iter-4: 13.03/6.19 | 
{0.0: 2113, 1.0: 162, -1.0: 149}
Iter-0: 12.3/5.89 | Iter-1: 12.51/6.1 | Iter-2: 12.96/6.33 | Iter-3: 12.43/5.97 | Iter-4: 12.99/6.0 | 
{0.0: 2155, 1.0: 145, -1.0: 124}
Iter-0: 12.71/6.02 | Iter-1: 12.96/6.25 | Iter-2: 13.66/6.55 | Iter-3: 12.83/6.09 | Iter-4: 13.12/6.12 | 
{0.0: 2092, 1.0: 168, -1.0: 164}
Iter-0: 12.44/5.86 | Iter-1: 13.45/6.77 | Iter-2: 12.92/6.31 | Iter-3: 12.61/5.92 | Iter-4: 13.77/6.62 | 
prob_mse: 0.222139438944, running time: 95.9097571373
8.0 ~~~~~~~~~~~~~~~~~~~~~~~~~~~~~~~~~~~~~~~~~~~~~~~~~~~~~~~~~~~~~~~`
dataset: facebook method: Adv-CSL, #attack_edge:10000,T:10,test_ratio: 0.3,gamma:0.4
/network/rit/lab/ceashpc/adil/data/adv_csl/Jan2/random_pgd_gcn_vae/facebook/facebook-attackedges-10000-T-10-testratio-0.3-swap_ratio-0.01-gamma-0.4-realization-3-data-X.pkl
#Rule:372936 Nodes:8078 Edges:372936
0 Creating 10 consumers
{0.0: 2255, 1.0: 95, -1.0: 74}
{0.0: 2221, 1.0: 109, -1.0: 94}
{0.0: 2248, 1.0: 95, -1.0: 81}
{0.0: 2204, 1.0: 117, -1.0: 103}
{0.0: 2155, 1.0: 145, -1.0: 124}
{0.0: 2171, 1.0: 136, -1.0: 117}
{0.0: 2137, 1.0: 152, -1.0: 135}
{0.0: 2125, 1.0: 156, -1.0: 143}
{0.0: 2113, 1.0: 162, -1.0: 149}
{0.0: 2092, 1.0: 168, -1.0: 164}
1 Creating 10 consumers
{0.0: 2221, 1.0: 109, -1.0: 94}
{0.0: 2204, 1.0: 117, -1.0: 103}
{0.0: 2137, 1.0: 152, -1.0: 135}
{0.0: 2255, 1.0: 95, -1.0: 74}
Iter-0: 12.74/6.33 | Iter-1: 13.0/6.6 | Iter-2: 13.37/6.53 | Iter-3: 12.63/6.26 | Iter-4: 12.72/6.3 | 
{0.0: 2248, 1.0: 95, -1.0: 81}
Iter-0: 12.65/6.28 | Iter-1: 12.91/6.55 | Iter-2: 13.14/6.5 | Iter-3: 12.63/6.23 | Iter-4: 12.71/6.27 | 
{0.0: 2155, 1.0: 145, -1.0: 124}
Iter-0: 12.48/6.02 | Iter-1: 12.69/6.2 | Iter-2: 13.0/6.21 | Iter-3: 12.56/6.05 | Iter-4: 12.7/6.09 | 
{0.0: 2171, 1.0: 136, -1.0: 117}
Iter-0: 12.52/6.05 | Iter-1: 12.72/6.26 | Iter-2: 13.35/6.27 | Iter-3: 12.58/6.08 | Iter-4: 13.19/6.12 | 
{0.0: 2092, 1.0: 168, -1.0: 164}
Iter-0: 12.24/5.84 | Iter-1: 12.43/6.01 | Iter-2: 12.55/5.86 | Iter-3: 12.3/5.88 | Iter-4: 12.38/5.92 | 
{0.0: 2113, 1.0: 162, -1.0: 149}
Iter-0: 12.27/5.89 | Iter-1: 12.65/6.06 | Iter-2: 12.64/5.97 | Iter-3: 12.52/5.94 | Iter-4: 13.0/6.03 | 
{0.0: 2125, 1.0: 156, -1.0: 143}
Iter-0: 12.27/5.92 | Iter-1: 12.59/6.09 | Iter-2: 13.41/6.11 | Iter-3: 13.12/6.0 | Iter-4: 13.25/6.04 | 
prob_mse: 0.220695544554, running time: 95.2980499268
9.0 ~~~~~~~~~~~~~~~~~~~~~~~~~~~~~~~~~~~~~~~~~~~~~~~~~~~~~~~~~~~~~~~`
dataset: facebook method: Adv-CSL, #attack_edge:10000,T:10,test_ratio: 0.3,gamma:0.5
/network/rit/lab/ceashpc/adil/data/adv_csl/Jan2/random_pgd_gcn_vae/facebook/facebook-attackedges-10000-T-10-testratio-0.3-swap_ratio-0.01-gamma-0.5-realization-3-data-X.pkl
#Rule:372936 Nodes:8078 Edges:372936
0 Creating 10 consumers
{0.0: 1215, -1.0: 1209}
{0.0: 1209, -1.0: 1215}
{0.0: 1208, -1.0: 1216}
{0.0: 1207, -1.0: 1217}
{0.0: 1213, -1.0: 1211}
{0.0: 1210, -1.0: 1214}
{0.0: 1212, -1.0: 1212}
{0.0: 1210, -1.0: 1214}
{0.0: 1215, -1.0: 1209}
{0.0: 1209, -1.0: 1215}
1 Creating 10 consumers
{0.0: 1215, -1.0: 1209}
{0.0: 1209, -1.0: 1215}
{0.0: 1208, -1.0: 1216}
{0.0: 1207, -1.0: 1217}
{0.0: 1210, -1.0: 1214}
{0.0: 1213, -1.0: 1211}
{0.0: 1210, -1.0: 1214}
{0.0: 1215, -1.0: 1209}
{0.0: 1212, -1.0: 1212}
{0.0: 1209, -1.0: 1215}
prob_mse: 0.417071287129, running time: 44.2049880028
10.0 ~~~~~~~~~~~~~~~~~~~~~~~~~~~~~~~~~~~~~~~~~~~~~~~~~~~~~~~~~~~~~~~`
dataset: facebook method: Adv-CSL, #attack_edge:10000,T:10,test_ratio: 0.3,gamma:0.0
/network/rit/lab/ceashpc/adil/data/adv_csl/Jan2/random_pgd_gcn_vae/facebook/facebook-attackedges-10000-T-10-testratio-0.3-swap_ratio-0.01-gamma-0.0-realization-4-data-X.pkl
#Rule:372936 Nodes:8078 Edges:372936
0 Creating 10 consumers
{0.0: 2247, 1.0: 102, -1.0: 75}
{0.0: 2268, 1.0: 91, -1.0: 65}
{0.0: 2207, 1.0: 122, -1.0: 95}
{0.0: 2226, 1.0: 112, -1.0: 86}
{0.0: 2193, 1.0: 124, -1.0: 107}
{0.0: 2171, 1.0: 135, -1.0: 118}
{0.0: 2147, 1.0: 146, -1.0: 131}
{0.0: 2127, 1.0: 154, -1.0: 143}
{0.0: 2087, 1.0: 166, -1.0: 171}
{0.0: 2113, 1.0: 156, -1.0: 155}
1 Creating 10 consumers
{0.0: 2147, 1.0: 146, -1.0: 131}
{0.0: 2193, 1.0: 124, -1.0: 107}
Iter-0: 10.72/3.83 | 
{0.0: 2247, 1.0: 102, -1.0: 75}
Iter-0: 10.18/3.46 | Iter-1: 12.22/5.52 | 
{0.0: 2226, 1.0: 112, -1.0: 86}
Iter-0: 10.18/3.46 | Iter-1: 12.12/5.49 | 
{0.0: 2207, 1.0: 122, -1.0: 95}
Iter-0: 10.19/3.45 | Iter-1: 13.02/6.05 | 
{0.0: 2127, 1.0: 154, -1.0: 143}
Iter-0: 10.05/3.45 | Iter-1: 12.1/5.4 | Iter-2: 11.05/4.27 | 
{0.0: 2113, 1.0: 156, -1.0: 155}
Iter-0: 10.15/3.52 | Iter-1: 12.5/5.41 | Iter-2: 11.05/4.38 | 
{0.0: 2087, 1.0: 166, -1.0: 171}
Iter-0: 10.09/3.66 | Iter-1: 12.65/5.39 | Iter-2: 11.06/4.43 | 
{0.0: 2268, 1.0: 91, -1.0: 65}
Iter-0: 10.64/3.52 | Iter-1: 12.43/5.57 | Iter-2: 11.44/4.37 | Iter-3: 11.82/4.92 | Iter-4: 12.34/5.59 | 
{0.0: 2171, 1.0: 135, -1.0: 118}
Iter-0: 10.15/3.48 | Iter-1: 12.01/5.42 | Iter-2: 11.71/4.43 | Iter-3: 11.35/4.75 | Iter-4: 11.39/4.91 | 
prob_mse: 0.08874779978, running time: 83.9848480225
11.0 ~~~~~~~~~~~~~~~~~~~~~~~~~~~~~~~~~~~~~~~~~~~~~~~~~~~~~~~~~~~~~~~`
dataset: facebook method: Adv-CSL, #attack_edge:10000,T:10,test_ratio: 0.3,gamma:0.01
/network/rit/lab/ceashpc/adil/data/adv_csl/Jan2/random_pgd_gcn_vae/facebook/facebook-attackedges-10000-T-10-testratio-0.3-swap_ratio-0.01-gamma-0.01-realization-4-data-X.pkl
#Rule:372936 Nodes:8078 Edges:372936
0 Creating 10 consumers
{0.0: 2268, 1.0: 91, -1.0: 65}
{0.0: 2247, 1.0: 102, -1.0: 75}
{0.0: 2226, 1.0: 112, -1.0: 86}
{0.0: 2207, 1.0: 122, -1.0: 95}
{0.0: 2193, 1.0: 124, -1.0: 107}
{0.0: 2171, 1.0: 135, -1.0: 118}
{0.0: 2147, 1.0: 146, -1.0: 131}
{0.0: 2127, 1.0: 154, -1.0: 143}
{0.0: 2113, 1.0: 156, -1.0: 155}
{0.0: 2087, 1.0: 166, -1.0: 171}
1 Creating 10 consumers
{0.0: 2147, 1.0: 146, -1.0: 131}
{0.0: 2193, 1.0: 124, -1.0: 107}
Iter-0: 12.51/6.04 | Iter-1: 13.04/6.63 | Iter-2: 12.56/6.14 | Iter-3: 12.23/5.87 | Iter-4: 12.83/5.85 | 
{0.0: 2247, 1.0: 102, -1.0: 75}
Iter-0: 12.76/6.22 | Iter-1: 13.38/6.95 | Iter-2: 12.82/6.25 | Iter-3: 12.61/5.96 | Iter-4: 13.48/6.06 | 
{0.0: 2207, 1.0: 122, -1.0: 95}
Iter-0: 12.77/6.08 | Iter-1: 13.35/6.88 | Iter-2: 12.76/6.17 | Iter-3: 12.42/5.91 | Iter-4: 12.76/5.75 | 
{0.0: 2171, 1.0: 135, -1.0: 118}
Iter-0: 12.52/6.01 | Iter-1: 13.09/6.65 | Iter-2: 12.61/6.15 | Iter-3: 12.26/5.86 | Iter-4: 12.71/5.83 | 
{0.0: 2226, 1.0: 112, -1.0: 86}
Iter-0: 12.64/6.16 | Iter-1: 13.34/6.91 | Iter-2: 13.37/6.23 | Iter-3: 13.03/5.98 | Iter-4: 13.3/5.99 | 
{0.0: 2268, 1.0: 91, -1.0: 65}
Iter-0: 12.96/6.33 | Iter-1: 14.41/7.03 | Iter-2: 13.82/6.38 | Iter-3: 13.41/6.11 | Iter-4: 13.92/6.24 | 
{0.0: 2127, 1.0: 154, -1.0: 143}
Iter-0: 12.5/5.93 | Iter-1: 12.97/6.57 | Iter-2: 13.13/6.15 | Iter-3: 12.86/5.86 | Iter-4: 13.15/5.85 | 
{0.0: 2087, 1.0: 166, -1.0: 171}
Iter-0: 12.73/5.94 | Iter-1: 12.95/6.49 | Iter-2: 13.0/6.11 | Iter-3: 12.81/5.78 | Iter-4: 12.95/5.83 | 
{0.0: 2113, 1.0: 156, -1.0: 155}
Iter-0: 13.68/6.51 | Iter-1: 13.57/6.58 | Iter-2: 13.01/6.08 | Iter-3: 13.06/5.8 | Iter-4: 13.01/5.94 | 
prob_mse: 0.29516179868, running time: 99.6598498821
12.0 ~~~~~~~~~~~~~~~~~~~~~~~~~~~~~~~~~~~~~~~~~~~~~~~~~~~~~~~~~~~~~~~`
dataset: facebook method: Adv-CSL, #attack_edge:10000,T:10,test_ratio: 0.3,gamma:0.03
/network/rit/lab/ceashpc/adil/data/adv_csl/Jan2/random_pgd_gcn_vae/facebook/facebook-attackedges-10000-T-10-testratio-0.3-swap_ratio-0.01-gamma-0.03-realization-4-data-X.pkl
#Rule:372936 Nodes:8078 Edges:372936
0 Creating 10 consumers
{0.0: 2268, 1.0: 91, -1.0: 65}
{0.0: 2247, 1.0: 102, -1.0: 75}
{0.0: 2207, 1.0: 122, -1.0: 95}
{0.0: 2226, 1.0: 112, -1.0: 86}
{0.0: 2193, 1.0: 124, -1.0: 107}
{0.0: 2171, 1.0: 135, -1.0: 118}
{0.0: 2147, 1.0: 146, -1.0: 131}
{0.0: 2127, 1.0: 154, -1.0: 143}
{0.0: 2113, 1.0: 156, -1.0: 155}
{0.0: 2087, 1.0: 166, -1.0: 171}
1 Creating 10 consumers
{0.0: 2147, 1.0: 146, -1.0: 131}
{0.0: 2171, 1.0: 135, -1.0: 118}
Iter-0: 12.47/6.0 | Iter-1: 13.34/6.93 | Iter-2: 12.83/6.39 | Iter-3: 12.84/6.12 | Iter-4: 13.17/6.29 | 
{0.0: 2226, 1.0: 112, -1.0: 86}
Iter-0: 12.93/6.29 | Iter-1: 13.66/7.18 | Iter-2: 13.22/6.62 | Iter-3: 13.78/6.3 | Iter-4: 13.92/6.54 | 
{0.0: 2193, 1.0: 124, -1.0: 107}
Iter-0: 12.89/6.14 | Iter-1: 13.6/7.02 | Iter-2: 13.07/6.45 | Iter-3: 13.22/6.17 | Iter-4: 13.6/6.55 | 
{0.0: 2127, 1.0: 154, -1.0: 143}
Iter-0: 12.66/5.94 | Iter-1: 13.37/6.88 | Iter-2: 12.89/6.46 | Iter-3: 12.98/6.13 | Iter-4: 13.17/6.39 | 
{0.0: 2207, 1.0: 122, -1.0: 95}
Iter-0: 13.39/6.15 | Iter-1: 14.11/7.09 | Iter-2: 13.47/6.54 | Iter-3: 13.09/6.2 | Iter-4: 13.8/6.48 | 
{0.0: 2268, 1.0: 91, -1.0: 65}
Iter-0: 13.08/6.44 | Iter-1: 14.11/7.32 | Iter-2: 13.99/6.65 | Iter-3: 14.11/6.37 | Iter-4: 14.22/6.51 | 
{0.0: 2247, 1.0: 102, -1.0: 75}
Iter-0: 13.76/6.62 | Iter-1: 14.31/7.37 | Iter-2: 13.68/6.68 | Iter-3: 13.84/6.36 | Iter-4: 13.79/6.55 | 
{0.0: 2113, 1.0: 156, -1.0: 155}
Iter-0: 12.94/5.93 | Iter-1: 13.78/6.86 | Iter-2: 13.32/6.39 | Iter-3: 13.69/6.11 | Iter-4: 13.41/6.33 | 
{0.0: 2087, 1.0: 166, -1.0: 171}
Iter-0: 12.88/5.91 | Iter-1: 13.62/6.78 | Iter-2: 13.4/6.43 | Iter-3: 13.74/6.08 | Iter-4: 13.43/6.36 | 
prob_mse: 0.293133305831, running time: 99.7050378323
13.0 ~~~~~~~~~~~~~~~~~~~~~~~~~~~~~~~~~~~~~~~~~~~~~~~~~~~~~~~~~~~~~~~`
dataset: facebook method: Adv-CSL, #attack_edge:10000,T:10,test_ratio: 0.3,gamma:0.05
/network/rit/lab/ceashpc/adil/data/adv_csl/Jan2/random_pgd_gcn_vae/facebook/facebook-attackedges-10000-T-10-testratio-0.3-swap_ratio-0.01-gamma-0.05-realization-4-data-X.pkl
#Rule:372936 Nodes:8078 Edges:372936
0 Creating 10 consumers
{0.0: 2268, 1.0: 91, -1.0: 65}
{0.0: 2247, 1.0: 102, -1.0: 75}
{0.0: 2207, 1.0: 122, -1.0: 95}
{0.0: 2226, 1.0: 112, -1.0: 86}
{0.0: 2171, 1.0: 135, -1.0: 118}
{0.0: 2147, 1.0: 146, -1.0: 131}
{0.0: 2127, 1.0: 154, -1.0: 143}
{0.0: 2193, 1.0: 124, -1.0: 107}
{0.0: 2113, 1.0: 156, -1.0: 155}
{0.0: 2087, 1.0: 166, -1.0: 171}
1 Creating 10 consumers
{0.0: 2147, 1.0: 146, -1.0: 131}
{0.0: 2226, 1.0: 112, -1.0: 86}
Iter-0: 12.86/6.2 | Iter-1: 13.73/7.29 | Iter-2: 13.16/6.65 | Iter-3: 12.83/6.43 | Iter-4: 13.3/6.3 | 
{0.0: 2247, 1.0: 102, -1.0: 75}
Iter-0: 13.17/6.21 | Iter-1: 14.12/7.18 | Iter-2: 13.29/6.84 | Iter-3: 12.79/6.42 | Iter-4: 13.35/6.58 | 
{0.0: 2207, 1.0: 122, -1.0: 95}
Iter-0: 12.72/6.09 | Iter-1: 13.65/7.05 | Iter-2: 13.59/6.63 | Iter-3: 13.41/6.42 | Iter-4: 13.94/6.6 | 
{0.0: 2113, 1.0: 156, -1.0: 155}
Iter-0: 12.78/5.92 | Iter-1: 13.4/6.87 | Iter-2: 12.87/6.42 | Iter-3: 12.84/6.25 | Iter-4: 13.18/6.39 | 
{0.0: 2193, 1.0: 124, -1.0: 107}
Iter-0: 12.84/6.01 | Iter-1: 14.16/7.17 | Iter-2: 13.44/6.53 | Iter-3: 13.36/6.36 | Iter-4: 13.98/6.64 | 
{0.0: 2268, 1.0: 91, -1.0: 65}
Iter-0: 13.48/6.36 | Iter-1: 14.92/7.6 | Iter-2: 14.11/6.89 | Iter-3: 13.78/6.58 | Iter-4: 14.46/6.86 | 
{0.0: 2171, 1.0: 135, -1.0: 118}
Iter-0: 13.31/6.01 | Iter-1: 14.06/7.07 | Iter-2: 13.45/6.51 | Iter-3: 13.44/6.29 | Iter-4: 13.65/6.41 | 
{0.0: 2087, 1.0: 166, -1.0: 171}
Iter-0: 12.61/5.92 | Iter-1: 13.5/6.75 | Iter-2: 13.03/6.37 | Iter-3: 13.15/6.19 | Iter-4: 13.24/6.32 | 
{0.0: 2127, 1.0: 154, -1.0: 143}
Iter-0: 12.51/5.99 | Iter-1: 14.58/7.71 | Iter-2: 13.53/6.6 | Iter-3: 13.27/6.36 | Iter-4: 13.28/6.59 | 
prob_mse: 0.291001677668, running time: 98.3490948677
14.0 ~~~~~~~~~~~~~~~~~~~~~~~~~~~~~~~~~~~~~~~~~~~~~~~~~~~~~~~~~~~~~~~`
dataset: facebook method: Adv-CSL, #attack_edge:10000,T:10,test_ratio: 0.3,gamma:0.07
/network/rit/lab/ceashpc/adil/data/adv_csl/Jan2/random_pgd_gcn_vae/facebook/facebook-attackedges-10000-T-10-testratio-0.3-swap_ratio-0.01-gamma-0.07-realization-4-data-X.pkl
#Rule:372936 Nodes:8078 Edges:372936
0 Creating 10 consumers
{0.0: 2268, 1.0: 91, -1.0: 65}
{0.0: 2247, 1.0: 102, -1.0: 75}
{0.0: 2226, 1.0: 112, -1.0: 86}
{0.0: 2207, 1.0: 122, -1.0: 95}
{0.0: 2193, 1.0: 124, -1.0: 107}
{0.0: 2171, 1.0: 135, -1.0: 118}
{0.0: 2147, 1.0: 146, -1.0: 131}
{0.0: 2113, 1.0: 156, -1.0: 155}
{0.0: 2127, 1.0: 154, -1.0: 143}
{0.0: 2087, 1.0: 166, -1.0: 171}
1 Creating 10 consumers
{0.0: 2147, 1.0: 146, -1.0: 131}
{0.0: 2247, 1.0: 102, -1.0: 75}
Iter-0: 12.68/6.21 | Iter-1: 13.84/7.4 | Iter-2: 13.11/6.65 | Iter-3: 13.05/6.56 | Iter-4: 15.64/6.61 | 
{0.0: 2226, 1.0: 112, -1.0: 86}
Iter-0: 12.81/6.38 | Iter-1: 14.14/7.4 | Iter-2: 13.31/6.82 | Iter-3: 13.11/6.58 | Iter-4: 16.03/6.74 | 
{0.0: 2268, 1.0: 91, -1.0: 65}
Iter-0: 12.82/6.31 | Iter-1: 14.23/7.46 | Iter-2: 13.73/6.9 | Iter-3: 13.58/6.69 | Iter-4: 17.59/7.14 | 
{0.0: 2193, 1.0: 124, -1.0: 107}
Iter-0: 12.88/5.99 | Iter-1: 13.53/6.93 | Iter-2: 12.97/6.48 | Iter-3: 13.13/6.45 | Iter-4: 17.72/7.41 | 
{0.0: 2171, 1.0: 135, -1.0: 118}
Iter-0: 12.84/6.04 | Iter-1: 13.5/6.94 | Iter-2: 12.93/6.47 | Iter-3: 13.29/6.44 | Iter-4: 17.82/7.02 | 
{0.0: 2207, 1.0: 122, -1.0: 95}
Iter-0: 12.89/6.06 | Iter-1: 14.12/7.06 | Iter-2: 13.61/6.58 | Iter-3: 13.71/6.52 | Iter-4: 18.36/7.42 | 
{0.0: 2113, 1.0: 156, -1.0: 155}
Iter-0: 12.69/5.9 | Iter-1: 13.38/6.87 | Iter-2: 12.92/6.41 | Iter-3: 13.53/6.39 | Iter-4: 17.54/7.32 | 
{0.0: 2127, 1.0: 154, -1.0: 143}
Iter-0: 12.67/6.03 | Iter-1: 13.55/6.88 | Iter-2: 13.44/6.46 | Iter-3: 13.72/6.45 | Iter-4: 19.11/7.84 | 
{0.0: 2087, 1.0: 166, -1.0: 171}
Iter-0: 12.56/5.98 | Iter-1: 13.58/6.75 | Iter-2: 13.4/6.38 | Iter-3: 13.72/6.46 | Iter-4: 19.09/8.09 | 
prob_mse: 0.289007728273, running time: 106.635915995
15.0 ~~~~~~~~~~~~~~~~~~~~~~~~~~~~~~~~~~~~~~~~~~~~~~~~~~~~~~~~~~~~~~~`
dataset: facebook method: Adv-CSL, #attack_edge:10000,T:10,test_ratio: 0.3,gamma:0.09
/network/rit/lab/ceashpc/adil/data/adv_csl/Jan2/random_pgd_gcn_vae/facebook/facebook-attackedges-10000-T-10-testratio-0.3-swap_ratio-0.01-gamma-0.09-realization-4-data-X.pkl
#Rule:372936 Nodes:8078 Edges:372936
0 Creating 10 consumers
{0.0: 2268, 1.0: 91, -1.0: 65}
{0.0: 2247, 1.0: 102, -1.0: 75}
{0.0: 2226, 1.0: 112, -1.0: 86}
{0.0: 2193, 1.0: 124, -1.0: 107}
{0.0: 2207, 1.0: 122, -1.0: 95}
{0.0: 2127, 1.0: 154, -1.0: 143}
{0.0: 2171, 1.0: 135, -1.0: 118}
{0.0: 2147, 1.0: 146, -1.0: 131}
{0.0: 2113, 1.0: 156, -1.0: 155}
{0.0: 2087, 1.0: 166, -1.0: 171}
1 Creating 10 consumers
{0.0: 2147, 1.0: 146, -1.0: 131}
{0.0: 2268, 1.0: 91, -1.0: 65}
Iter-0: 22.69/10.45 | Iter-1: 21.08/12.96 | Iter-2: 13.43/7.05 | Iter-3: 13.12/6.74 | Iter-4: 13.43/6.54 | 
{0.0: 2247, 1.0: 102, -1.0: 75}
Iter-0: 22.57/10.69 | Iter-1: 20.39/12.58 | Iter-2: 13.32/6.95 | Iter-3: 13.06/6.7 | Iter-4: 13.39/6.56 | 
{0.0: 2226, 1.0: 112, -1.0: 86}
Iter-0: 22.8/10.68 | Iter-1: 20.55/13.0 | Iter-2: 13.19/6.73 | Iter-3: 13.18/6.7 | Iter-4: 13.51/6.66 | 
{0.0: 2207, 1.0: 122, -1.0: 95}
Iter-0: 22.77/10.82 | Iter-1: 19.98/12.4 | Iter-2: 13.27/6.8 | Iter-3: 13.31/6.8 | Iter-4: 13.54/6.67 | 
{0.0: 2087, 1.0: 166, -1.0: 171}
Iter-0: 19.6/10.64 | Iter-1: 19.33/11.69 | Iter-2: 13.14/6.6 | Iter-3: 13.13/6.61 | Iter-4: 13.27/6.43 | 
{0.0: 2193, 1.0: 124, -1.0: 107}
Iter-0: 21.07/9.9 | Iter-1: 20.9/13.17 | Iter-2: 13.95/6.94 | Iter-3: 13.26/6.73 | Iter-4: 13.62/6.78 | 
{0.0: 2127, 1.0: 154, -1.0: 143}
Iter-0: 22.94/11.0 | Iter-1: 19.21/11.25 | Iter-2: 13.47/6.5 | Iter-3: 13.76/6.56 | Iter-4: 13.06/6.41 | 
{0.0: 2171, 1.0: 135, -1.0: 118}
Iter-0: 22.75/10.62 | Iter-1: 20.08/12.11 | Iter-2: 13.66/6.65 | Iter-3: 13.74/6.61 | Iter-4: 13.71/6.56 | 
{0.0: 2113, 1.0: 156, -1.0: 155}
Iter-0: 22.45/11.33 | Iter-1: 18.57/10.93 | Iter-2: 13.59/6.6 | Iter-3: 13.78/6.58 | Iter-4: 13.7/6.54 | 
prob_mse: 0.288148184818, running time: 133.83732295
16.0 ~~~~~~~~~~~~~~~~~~~~~~~~~~~~~~~~~~~~~~~~~~~~~~~~~~~~~~~~~~~~~~~`
dataset: facebook method: Adv-CSL, #attack_edge:10000,T:10,test_ratio: 0.3,gamma:0.2
/network/rit/lab/ceashpc/adil/data/adv_csl/Jan2/random_pgd_gcn_vae/facebook/facebook-attackedges-10000-T-10-testratio-0.3-swap_ratio-0.01-gamma-0.2-realization-4-data-X.pkl
#Rule:372936 Nodes:8078 Edges:372936
0 Creating 10 consumers
{0.0: 2268, 1.0: 91, -1.0: 65}
{0.0: 2226, 1.0: 112, -1.0: 86}
{0.0: 2247, 1.0: 102, -1.0: 75}
{0.0: 2207, 1.0: 122, -1.0: 95}
{0.0: 2171, 1.0: 135, -1.0: 118}
{0.0: 2147, 1.0: 146, -1.0: 131}
{0.0: 2193, 1.0: 124, -1.0: 107}
{0.0: 2087, 1.0: 166, -1.0: 171}
{0.0: 2127, 1.0: 154, -1.0: 143}
{0.0: 2113, 1.0: 156, -1.0: 155}
1 Creating 10 consumers
{0.0: 2147, 1.0: 146, -1.0: 131}
{0.0: 2268, 1.0: 91, -1.0: 65}
Iter-0: 13.05/6.41 | Iter-1: 13.59/7.12 | Iter-2: 13.34/6.89 | Iter-3: 13.21/6.75 | Iter-4: 13.57/6.67 | 
{0.0: 2207, 1.0: 122, -1.0: 95}
Iter-0: 12.81/6.17 | Iter-1: 13.36/6.85 | Iter-2: 13.21/6.75 | Iter-3: 13.1/6.62 | Iter-4: 13.37/6.43 | 
{0.0: 2193, 1.0: 124, -1.0: 107}
Iter-0: 12.86/6.14 | Iter-1: 13.3/6.78 | Iter-2: 13.14/6.71 | Iter-3: 13.08/6.64 | Iter-4: 13.11/6.34 | 
{0.0: 2226, 1.0: 112, -1.0: 86}
Iter-0: 12.84/6.23 | Iter-1: 13.47/6.92 | Iter-2: 13.26/6.76 | Iter-3: 13.14/6.63 | Iter-4: 13.97/6.59 | 
{0.0: 2171, 1.0: 135, -1.0: 118}
Iter-0: 12.65/6.08 | Iter-1: 13.18/6.71 | Iter-2: 13.07/6.63 | Iter-3: 13.0/6.5 | Iter-4: 13.34/6.4 | 
{0.0: 2127, 1.0: 154, -1.0: 143}
Iter-0: 12.9/6.2 | Iter-1: 13.2/6.64 | Iter-2: 13.13/6.61 | Iter-3: 13.02/6.51 | Iter-4: 13.32/6.54 | 
{0.0: 2247, 1.0: 102, -1.0: 75}
Iter-0: 13.63/6.29 | Iter-1: 13.89/7.1 | Iter-2: 13.85/6.88 | Iter-3: 13.81/6.73 | Iter-4: 14.05/6.69 | 
{0.0: 2087, 1.0: 166, -1.0: 171}
Iter-0: 12.94/6.17 | Iter-1: 13.57/6.57 | Iter-2: 13.37/6.55 | Iter-3: 13.4/6.47 | Iter-4: 13.51/6.59 | 
{0.0: 2113, 1.0: 156, -1.0: 155}
Iter-0: 13.43/6.39 | Iter-1: 13.64/6.58 | Iter-2: 13.54/6.6 | Iter-3: 13.81/6.5 | Iter-4: 13.61/6.47 | 
prob_mse: 0.280137843784, running time: 100.337996006
17.0 ~~~~~~~~~~~~~~~~~~~~~~~~~~~~~~~~~~~~~~~~~~~~~~~~~~~~~~~~~~~~~~~`
dataset: facebook method: Adv-CSL, #attack_edge:10000,T:10,test_ratio: 0.3,gamma:0.3
/network/rit/lab/ceashpc/adil/data/adv_csl/Jan2/random_pgd_gcn_vae/facebook/facebook-attackedges-10000-T-10-testratio-0.3-swap_ratio-0.01-gamma-0.3-realization-4-data-X.pkl
#Rule:372936 Nodes:8078 Edges:372936
0 Creating 10 consumers
{0.0: 2268, 1.0: 91, -1.0: 65}
{0.0: 2226, 1.0: 112, -1.0: 86}
{0.0: 2247, 1.0: 102, -1.0: 75}
{0.0: 2207, 1.0: 122, -1.0: 95}
{0.0: 2193, 1.0: 124, -1.0: 107}
{0.0: 2171, 1.0: 135, -1.0: 118}
{0.0: 2147, 1.0: 146, -1.0: 131}
{0.0: 2127, 1.0: 154, -1.0: 143}
{0.0: 2113, 1.0: 156, -1.0: 155}
{0.0: 2087, 1.0: 166, -1.0: 171}
1 Creating 10 consumers
{0.0: 2147, 1.0: 146, -1.0: 131}
{0.0: 2226, 1.0: 112, -1.0: 86}
Iter-0: 12.92/6.24 | Iter-1: 12.95/6.58 | Iter-2: 13.11/6.74 | Iter-3: 12.54/6.21 | Iter-4: 13.22/6.44 | 
{0.0: 2207, 1.0: 122, -1.0: 95}
Iter-0: 12.88/6.22 | Iter-1: 13.07/6.52 | Iter-2: 13.09/6.69 | Iter-3: 12.52/6.17 | Iter-4: 13.24/6.37 | 
{0.0: 2247, 1.0: 102, -1.0: 75}
Iter-0: 13.27/6.29 | Iter-1: 13.76/6.73 | Iter-2: 13.6/6.95 | Iter-3: 12.65/6.27 | Iter-4: 13.5/6.72 | 
{0.0: 2113, 1.0: 156, -1.0: 155}
Iter-0: 12.69/6.0 | Iter-1: 12.61/6.18 | Iter-2: 12.94/6.51 | Iter-3: 12.43/6.05 | Iter-4: 13.34/6.49 | 
{0.0: 2193, 1.0: 124, -1.0: 107}
Iter-0: 12.76/6.12 | Iter-1: 13.57/6.92 | Iter-2: 13.93/7.31 | Iter-3: 13.36/6.75 | Iter-4: 13.44/6.7 | 
{0.0: 2171, 1.0: 135, -1.0: 118}
Iter-0: 13.52/6.24 | Iter-1: 13.27/6.38 | Iter-2: 13.25/6.63 | Iter-3: 12.81/6.11 | Iter-4: 13.42/6.65 | 
{0.0: 2127, 1.0: 154, -1.0: 143}
Iter-0: 13.46/6.24 | Iter-1: 12.84/6.18 | Iter-2: 13.11/6.51 | Iter-3: 12.63/6.02 | Iter-4: 13.36/6.5 | 
{0.0: 2087, 1.0: 166, -1.0: 171}
Iter-0: 13.33/6.33 | Iter-1: 13.01/6.17 | Iter-2: 13.02/6.43 | Iter-3: 12.77/5.96 | Iter-4: 13.4/6.47 | 
{0.0: 2268, 1.0: 91, -1.0: 65}
Iter-0: 13.89/6.35 | Iter-1: 14.2/6.9 | Iter-2: 14.14/6.93 | Iter-3: 13.69/6.36 | Iter-4: 14.46/6.93 | 
prob_mse: 0.266661083608, running time: 98.2392299175
18.0 ~~~~~~~~~~~~~~~~~~~~~~~~~~~~~~~~~~~~~~~~~~~~~~~~~~~~~~~~~~~~~~~`
dataset: facebook method: Adv-CSL, #attack_edge:10000,T:10,test_ratio: 0.3,gamma:0.4
/network/rit/lab/ceashpc/adil/data/adv_csl/Jan2/random_pgd_gcn_vae/facebook/facebook-attackedges-10000-T-10-testratio-0.3-swap_ratio-0.01-gamma-0.4-realization-4-data-X.pkl
#Rule:372936 Nodes:8078 Edges:372936
0 Creating 10 consumers
{0.0: 2268, 1.0: 91, -1.0: 65}
{0.0: 2247, 1.0: 102, -1.0: 75}
{0.0: 2226, 1.0: 112, -1.0: 86}
{0.0: 2207, 1.0: 122, -1.0: 95}
{0.0: 2193, 1.0: 124, -1.0: 107}
{0.0: 2171, 1.0: 135, -1.0: 118}
{0.0: 2147, 1.0: 146, -1.0: 131}
{0.0: 2127, 1.0: 154, -1.0: 143}
{0.0: 2113, 1.0: 156, -1.0: 155}
{0.0: 2087, 1.0: 166, -1.0: 171}
1 Creating 10 consumers
{0.0: 2147, 1.0: 146, -1.0: 131}
{0.0: 2268, 1.0: 91, -1.0: 65}
Iter-0: 13.12/6.42 | Iter-1: 13.18/6.69 | Iter-2: 13.08/6.62 | Iter-3: 12.96/6.29 | Iter-4: 13.12/6.46 | 
{0.0: 2193, 1.0: 124, -1.0: 107}
Iter-0: 12.95/6.13 | Iter-1: 12.96/6.28 | Iter-2: 12.87/6.35 | Iter-3: 12.72/6.08 | Iter-4: 12.74/6.19 | 
{0.0: 2226, 1.0: 112, -1.0: 86}
Iter-0: 13.02/6.3 | Iter-1: 13.44/6.62 | Iter-2: 13.32/6.55 | Iter-3: 13.13/6.25 | Iter-4: 13.3/6.46 | 
{0.0: 2207, 1.0: 122, -1.0: 95}
Iter-0: 13.83/6.61 | Iter-1: 13.35/6.4 | Iter-2: 13.24/6.48 | Iter-3: 12.82/6.23 | Iter-4: 12.97/6.42 | 
{0.0: 2247, 1.0: 102, -1.0: 75}
Iter-0: 12.98/6.37 | Iter-1: 13.84/7.22 | Iter-2: 13.83/7.25 | Iter-3: 13.71/6.89 | Iter-4: 13.44/6.34 | 
{0.0: 2113, 1.0: 156, -1.0: 155}
Iter-0: 12.93/6.18 | Iter-1: 12.76/6.14 | Iter-2: 12.74/6.23 | Iter-3: 12.61/6.02 | Iter-4: 12.72/6.13 | 
{0.0: 2171, 1.0: 135, -1.0: 118}
Iter-0: 13.15/6.17 | Iter-1: 13.17/6.23 | Iter-2: 13.24/6.35 | Iter-3: 13.16/6.09 | Iter-4: 13.38/6.33 | 
{0.0: 2127, 1.0: 154, -1.0: 143}
Iter-0: 12.85/6.21 | Iter-1: 12.89/6.21 | Iter-2: 13.07/6.3 | Iter-3: 13.02/6.06 | Iter-4: 13.37/6.35 | 
{0.0: 2087, 1.0: 166, -1.0: 171}
Iter-0: 12.89/6.12 | Iter-1: 12.87/6.11 | Iter-2: 12.79/6.16 | Iter-3: 12.91/5.99 | Iter-4: 12.92/6.11 | 
prob_mse: 0.261951237624, running time: 97.7339780331
19.0 ~~~~~~~~~~~~~~~~~~~~~~~~~~~~~~~~~~~~~~~~~~~~~~~~~~~~~~~~~~~~~~~`
dataset: facebook method: Adv-CSL, #attack_edge:10000,T:10,test_ratio: 0.3,gamma:0.5
/network/rit/lab/ceashpc/adil/data/adv_csl/Jan2/random_pgd_gcn_vae/facebook/facebook-attackedges-10000-T-10-testratio-0.3-swap_ratio-0.01-gamma-0.5-realization-4-data-X.pkl
#Rule:372936 Nodes:8078 Edges:372936
0 Creating 10 consumers
{0.0: 1218, -1.0: 1206}
{0.0: 1218, -1.0: 1206}
{0.0: 1218, -1.0: 1206}
{0.0: 1213, -1.0: 1211}
{0.0: 1211, 1.0: 1, -1.0: 1212}
{0.0: 1207, 1.0: 1, -1.0: 1216}
{0.0: 1219, -1.0: 1205}
{0.0: 1203, 1.0: 1, -1.0: 1220}
{0.0: 1199, 1.0: 1, -1.0: 1224}
{0.0: 1195, 1.0: 1, -1.0: 1228}
1 Creating 10 consumers
{0.0: 1218, -1.0: 1206}
{0.0: 1218, -1.0: 1206}
{0.0: 1219, -1.0: 1205}
{0.0: 1218, -1.0: 1206}
{0.0: 1213, -1.0: 1211}
{0.0: 1211, 1.0: 1, -1.0: 1212}
{0.0: 1207, 1.0: 1, -1.0: 1216}
{0.0: 1199, 1.0: 1, -1.0: 1224}
{0.0: 1203, 1.0: 1, -1.0: 1220}
{0.0: 1195, 1.0: 1, -1.0: 1228}
prob_mse: 0.417311606161, running time: 44.0369038582
20.0 ~~~~~~~~~~~~~~~~~~~~~~~~~~~~~~~~~~~~~~~~~~~~~~~~~~~~~~~~~~~~~~~`
dataset: facebook method: Adv-CSL, #attack_edge:10000,T:10,test_ratio: 0.3,gamma:0.0
/network/rit/lab/ceashpc/adil/data/adv_csl/Jan2/random_pgd_gcn_vae/facebook/facebook-attackedges-10000-T-10-testratio-0.3-swap_ratio-0.01-gamma-0.0-realization-5-data-X.pkl
#Rule:372936 Nodes:8078 Edges:372936
0 Creating 10 consumers
{0.0: 2249, 1.0: 90, -1.0: 85}
{0.0: 2267, 1.0: 83, -1.0: 74}
{0.0: 2200, 1.0: 119, -1.0: 105}
{0.0: 2229, 1.0: 100, -1.0: 95}
{0.0: 2185, 1.0: 127, -1.0: 112}
{0.0: 2161, 1.0: 138, -1.0: 125}
{0.0: 2139, 1.0: 149, -1.0: 136}
{0.0: 2124, 1.0: 157, -1.0: 143}
{0.0: 2101, 1.0: 168, -1.0: 155}
{0.0: 2084, 1.0: 173, -1.0: 167}
1 Creating 10 consumers
{0.0: 2139, 1.0: 149, -1.0: 136}
{0.0: 2249, 1.0: 90, -1.0: 85}
Iter-0: 9.93/3.54 | Iter-1: 12.69/5.81 | Iter-2: 11.08/4.4 | 
{0.0: 2185, 1.0: 127, -1.0: 112}
Iter-0: 9.9/3.45 | Iter-1: 13.28/5.73 | Iter-2: 11.63/4.36 | 
{0.0: 2200, 1.0: 119, -1.0: 105}
Iter-0: 10.28/3.46 | Iter-1: 13.16/5.73 | Iter-2: 11.71/4.36 | 
{0.0: 2229, 1.0: 100, -1.0: 95}
Iter-0: 10.9/3.86 | Iter-1: 13.12/5.97 | Iter-2: 11.67/4.41 | 
{0.0: 2161, 1.0: 138, -1.0: 125}
Iter-0: 9.88/3.45 | Iter-1: 12.67/5.8 | Iter-2: 11.71/4.42 | 
{0.0: 2124, 1.0: 157, -1.0: 143}
Iter-0: 9.96/3.43 | Iter-1: 12.81/6.05 | Iter-2: 11.3/4.25 | 
{0.0: 2084, 1.0: 173, -1.0: 167}
Iter-0: 10.24/3.45 | Iter-1: 12.51/5.61 | Iter-2: 11.04/4.17 | 
{0.0: 2101, 1.0: 168, -1.0: 155}
Iter-0: 9.96/3.44 | Iter-1: 12.65/5.69 | Iter-2: 11.69/4.19 | 
{0.0: 2267, 1.0: 83, -1.0: 74}
Iter-0: 9.85/3.49 | Iter-1: 13.02/5.66 | Iter-2: 11.74/4.53 | Iter-3: 11.8/4.9 | Iter-4: 11.73/5.13 | 
prob_mse: 0.089022909791, running time: 82.5484800339
21.0 ~~~~~~~~~~~~~~~~~~~~~~~~~~~~~~~~~~~~~~~~~~~~~~~~~~~~~~~~~~~~~~~`
dataset: facebook method: Adv-CSL, #attack_edge:10000,T:10,test_ratio: 0.3,gamma:0.01
/network/rit/lab/ceashpc/adil/data/adv_csl/Jan2/random_pgd_gcn_vae/facebook/facebook-attackedges-10000-T-10-testratio-0.3-swap_ratio-0.01-gamma-0.01-realization-5-data-X.pkl
#Rule:372936 Nodes:8078 Edges:372936
0 Creating 10 consumers
{0.0: 2249, 1.0: 90, -1.0: 85}
{0.0: 2267, 1.0: 83, -1.0: 74}
{0.0: 2229, 1.0: 100, -1.0: 95}
{0.0: 2200, 1.0: 119, -1.0: 105}
{0.0: 2161, 1.0: 138, -1.0: 125}
{0.0: 2185, 1.0: 127, -1.0: 112}
{0.0: 2139, 1.0: 149, -1.0: 136}
{0.0: 2124, 1.0: 157, -1.0: 143}
{0.0: 2101, 1.0: 168, -1.0: 155}
{0.0: 2084, 1.0: 173, -1.0: 167}
1 Creating 10 consumers
{0.0: 2139, 1.0: 149, -1.0: 136}
{0.0: 2249, 1.0: 90, -1.0: 85}
Iter-0: 12.68/6.32 | Iter-1: 13.32/6.83 | Iter-2: 12.61/6.22 | Iter-3: 12.26/5.9 | Iter-4: 12.18/5.69 | 
{0.0: 2200, 1.0: 119, -1.0: 105}
Iter-0: 12.61/6.24 | Iter-1: 13.18/6.67 | Iter-2: 12.56/6.16 | Iter-3: 12.26/5.86 | Iter-4: 12.15/5.63 | 
{0.0: 2229, 1.0: 100, -1.0: 95}
Iter-0: 12.7/6.14 | Iter-1: 13.38/6.72 | Iter-2: 12.69/6.18 | Iter-3: 12.42/5.9 | Iter-4: 12.27/5.65 | 
{0.0: 2185, 1.0: 127, -1.0: 112}
Iter-0: 13.04/6.17 | Iter-1: 13.33/6.68 | Iter-2: 12.52/6.15 | Iter-3: 12.3/5.87 | Iter-4: 12.11/5.62 | 
{0.0: 2267, 1.0: 83, -1.0: 74}
Iter-0: 13.28/6.43 | Iter-1: 13.48/6.83 | Iter-2: 13.1/6.26 | Iter-3: 12.81/5.98 | Iter-4: 12.65/5.71 | 
{0.0: 2161, 1.0: 138, -1.0: 125}
Iter-0: 12.51/6.12 | Iter-1: 13.18/6.66 | Iter-2: 12.52/6.13 | Iter-3: 12.3/5.86 | Iter-4: 12.54/5.64 | 
{0.0: 2124, 1.0: 157, -1.0: 143}
