

--------------------------------------------------
--------------------------------------------------

-------------------Tue, 22 Jan 2019 05:12:23 PM EST---------------------

0 ~~~~~~~~~~~~~~~~~~~~~~~~~~~~~~~~~~~~~~~~~~~~~~~~~~~~~~~~~~~~~~~`
dataset: enron method: Adv-CSL, #attack_edge:10000,T:10,test_ratio: 0.3,gamma:0.0
/network/rit/lab/ceashpc/adil/data/adv_csl/Jan2/random_pgd/enron/enron-attackedges-10000-T-10-testratio-0.3-swap_ratio-0.01-gamma-0.0-realization-1-data-X.pkl
#Rule:743244 Nodes:67392 Edges:743244
0 Creating 10 consumers
{0.0: 18246, 1.0: 1539, -1.0: 433}
{0.0: 18058, 1.0: 1634, -1.0: 526}
{0.0: 17916, 1.0: 1712, -1.0: 590}
{0.0: 17763, 1.0: 1791, -1.0: 664}
{0.0: 17630, 1.0: 1861, -1.0: 727}
{0.0: 17476, 1.0: 1947, -1.0: 795}
{0.0: 17172, 1.0: 2104, -1.0: 942}
{0.0: 17316, 1.0: 2030, -1.0: 872}
{0.0: 17033, 1.0: 2172, -1.0: 1013}
{0.0: 16890, 1.0: 2249, -1.0: 1079}
1 Creating 10 consumers
{0.0: 17916, 1.0: 1712, -1.0: 590}
Iter-0: 55.02/15.38 | Iter-1: 59.0/23.91 | Iter-2: 52.32/18.11 | 
{0.0: 18058, 1.0: 1634, -1.0: 526}
Iter-0: 53.49/13.42 | Iter-1: 62.23/25.99 | Iter-2: 51.48/18.64 | 
{0.0: 17763, 1.0: 1791, -1.0: 664}
Iter-0: 52.15/14.36 | Iter-1: 58.91/24.29 | Iter-2: 51.21/18.4 | 
{0.0: 17630, 1.0: 1861, -1.0: 727}
Iter-0: 51.89/14.92 | Iter-1: 59.27/24.41 | Iter-2: 52.05/17.39 | 
{0.0: 17476, 1.0: 1947, -1.0: 795}
Iter-0: 53.5/15.23 | Iter-1: 57.83/23.64 | Iter-2: 51.45/17.78 | 
{0.0: 17316, 1.0: 2030, -1.0: 872}
Iter-0: 52.42/14.22 | Iter-1: 59.99/24.29 | Iter-2: 51.66/17.06 | 
{0.0: 17172, 1.0: 2104, -1.0: 942}
Iter-0: 51.67/14.55 | Iter-1: 57.4/23.42 | Iter-2: 50.7/17.78 | 
{0.0: 17033, 1.0: 2172, -1.0: 1013}
Iter-0: 50.76/13.57 | Iter-1: 59.55/23.97 | Iter-2: 54.03/18.08 | 
{0.0: 16890, 1.0: 2249, -1.0: 1079}
Iter-0: 55.03/15.34 | Iter-1: 58.82/24.16 | Iter-2: 52.58/18.69 | 
{0.0: 18246, 1.0: 1539, -1.0: 433}
Iter-0: 50.77/14.07 | Iter-1: 55.63/24.15 | Iter-2: 52.46/18.1 | Iter-3: 56.36/20.45 | Iter-4: 44.97/18.92 | 
prob_mse: 0.109628215781, running time: 369.091815948
1.0 ~~~~~~~~~~~~~~~~~~~~~~~~~~~~~~~~~~~~~~~~~~~~~~~~~~~~~~~~~~~~~~~`
dataset: enron method: Adv-CSL, #attack_edge:10000,T:10,test_ratio: 0.3,gamma:0.01
/network/rit/lab/ceashpc/adil/data/adv_csl/Jan2/random_pgd/enron/enron-attackedges-10000-T-10-testratio-0.3-swap_ratio-0.01-gamma-0.01-realization-1-data-X.pkl
#Rule:743244 Nodes:67392 Edges:743244
0 Creating 10 consumers
{0.0: 18246, 1.0: 1539, -1.0: 433}
{0.0: 18058, 1.0: 1634, -1.0: 526}
{0.0: 17916, 1.0: 1712, -1.0: 590}
{0.0: 17763, 1.0: 1791, -1.0: 664}
{0.0: 17630, 1.0: 1861, -1.0: 727}
{0.0: 17316, 1.0: 2030, -1.0: 872}
{0.0: 17476, 1.0: 1947, -1.0: 795}
{0.0: 17172, 1.0: 2104, -1.0: 942}
{0.0: 17033, 1.0: 2172, -1.0: 1013}
{0.0: 16890, 1.0: 2249, -1.0: 1079}
1 Creating 10 consumers
{0.0: 18058, 1.0: 1634, -1.0: 526}
Iter-0: 35.23/14.01 | Iter-1: 36.56/16.17 | Iter-2: 35.31/13.93 | Iter-3: 33.91/14.07 | Iter-4: 33.12/13.34 | 
{0.0: 17916, 1.0: 1712, -1.0: 590}
Iter-0: 34.95/13.53 | Iter-1: 36.6/15.91 | Iter-2: 35.32/13.78 | Iter-3: 33.42/13.62 | Iter-4: 33.03/13.15 | 
{0.0: 18246, 1.0: 1539, -1.0: 433}
Iter-0: 36.29/12.84 | Iter-1: 38.76/16.2 | Iter-2: 36.31/14.51 | Iter-3: 34.37/13.8 | Iter-4: 33.49/12.99 | 
{0.0: 17763, 1.0: 1791, -1.0: 664}
Iter-0: 35.42/14.28 | Iter-1: 36.36/15.77 | Iter-2: 36.28/14.15 | Iter-3: 33.89/13.91 | Iter-4: 32.85/13.02 | 
{0.0: 17476, 1.0: 1947, -1.0: 795}
Iter-0: 34.7/13.76 | Iter-1: 35.51/15.65 | Iter-2: 34.61/13.84 | Iter-3: 33.46/13.77 | Iter-4: 32.29/13.09 | 
{0.0: 17630, 1.0: 1861, -1.0: 727}
Iter-0: 34.69/13.41 | Iter-1: 35.76/15.29 | Iter-2: 35.11/13.79 | Iter-3: 33.87/13.8 | Iter-4: 33.27/13.17 | 
{0.0: 17172, 1.0: 2104, -1.0: 942}
Iter-0: 34.81/13.67 | Iter-1: 35.29/15.06 | Iter-2: 34.82/14.19 | Iter-3: 33.47/13.56 | Iter-4: 31.89/12.85 | 
{0.0: 17033, 1.0: 2172, -1.0: 1013}
Iter-0: 34.89/13.63 | Iter-1: 34.81/14.65 | Iter-2: 35.08/14.21 | Iter-3: 33.72/13.55 | Iter-4: 32.06/12.96 | 
{0.0: 17316, 1.0: 2030, -1.0: 872}
Iter-0: 34.48/13.58 | Iter-1: 36.11/15.63 | Iter-2: 36.44/14.0 | Iter-3: 35.52/13.77 | Iter-4: 33.87/12.95 | 
{0.0: 16890, 1.0: 2249, -1.0: 1079}
Iter-0: 35.0/13.56 | Iter-1: 38.29/15.39 | Iter-2: 35.93/13.63 | Iter-3: 35.28/13.43 | Iter-4: 32.98/12.63 | 
prob_mse: 0.148464068322, running time: 289.705958128
2.0 ~~~~~~~~~~~~~~~~~~~~~~~~~~~~~~~~~~~~~~~~~~~~~~~~~~~~~~~~~~~~~~~`
dataset: enron method: Adv-CSL, #attack_edge:10000,T:10,test_ratio: 0.3,gamma:0.03
/network/rit/lab/ceashpc/adil/data/adv_csl/Jan2/random_pgd/enron/enron-attackedges-10000-T-10-testratio-0.3-swap_ratio-0.01-gamma-0.03-realization-1-data-X.pkl
#Rule:743244 Nodes:67392 Edges:743244
0 Creating 10 consumers
{0.0: 18058, 1.0: 1634, -1.0: 526}
{0.0: 18246, 1.0: 1539, -1.0: 433}
{0.0: 17916, 1.0: 1712, -1.0: 590}
{0.0: 17763, 1.0: 1791, -1.0: 664}
{0.0: 17630, 1.0: 1861, -1.0: 727}
{0.0: 17476, 1.0: 1947, -1.0: 795}
{0.0: 17316, 1.0: 2030, -1.0: 872}
{0.0: 17172, 1.0: 2104, -1.0: 942}
{0.0: 16890, 1.0: 2249, -1.0: 1079}
{0.0: 17033, 1.0: 2172, -1.0: 1013}
1 Creating 10 consumers
{0.0: 18246, 1.0: 1539, -1.0: 433}
Iter-0: 31.01/12.13 | Iter-1: 32.64/13.82 | Iter-2: 32.1/12.88 | Iter-3: 31.54/12.82 | Iter-4: 31.07/12.33 | 
{0.0: 18058, 1.0: 1634, -1.0: 526}
Iter-0: 31.37/12.23 | Iter-1: 33.14/13.73 | Iter-2: 33.09/13.02 | Iter-3: 32.67/13.01 | Iter-4: 34.23/13.83 | 
{0.0: 17916, 1.0: 1712, -1.0: 590}
Iter-0: 31.22/12.02 | Iter-1: 33.58/13.74 | Iter-2: 33.37/12.78 | Iter-3: 32.49/12.79 | Iter-4: 31.96/12.27 | 
{0.0: 17763, 1.0: 1791, -1.0: 664}
Iter-0: 30.61/12.0 | Iter-1: 33.38/13.61 | Iter-2: 33.46/12.83 | Iter-3: 32.45/12.83 | Iter-4: 31.93/12.31 | 
{0.0: 17630, 1.0: 1861, -1.0: 727}
Iter-0: 30.93/11.93 | Iter-1: 32.55/13.53 | Iter-2: 32.39/12.73 | Iter-3: 31.66/12.74 | Iter-4: 31.08/12.19 | 
{0.0: 17476, 1.0: 1947, -1.0: 795}
Iter-0: 30.96/11.83 | Iter-1: 32.37/13.47 | Iter-2: 32.12/12.67 | Iter-3: 31.43/12.7 | Iter-4: 30.92/12.16 | 
{0.0: 17316, 1.0: 2030, -1.0: 872}
Iter-0: 30.78/11.97 | Iter-1: 32.22/13.43 | Iter-2: 32.11/12.76 | Iter-3: 31.51/12.78 | Iter-4: 31.41/12.23 | 
{0.0: 17033, 1.0: 2172, -1.0: 1013}
Iter-0: 30.45/11.74 | Iter-1: 31.88/13.22 | Iter-2: 31.95/12.55 | Iter-3: 31.26/12.57 | Iter-4: 30.78/12.06 | 
{0.0: 17172, 1.0: 2104, -1.0: 942}
Iter-0: 30.58/11.73 | Iter-1: 33.09/13.29 | Iter-2: 33.29/12.64 | Iter-3: 32.26/12.66 | Iter-4: 31.81/12.12 | 
{0.0: 16890, 1.0: 2249, -1.0: 1079}
Iter-0: 30.62/11.74 | Iter-1: 32.78/13.29 | Iter-2: 33.01/12.64 | Iter-3: 32.12/12.65 | Iter-4: 31.58/12.14 | 
prob_mse: 0.147804570185, running time: 259.067876101
995, running time: 431.174369097
