

--------------------------------------------------
--------------------------------------------------

-------------------Mon, 21 Jan 2019 01:05:57 PM EST---------------------

0 ~~~~~~~~~~~~~~~~~~~~~~~~~~~~~~~~~~~~~~~~~~~~~~~~~~~~~~~~~~~~~~~`
dataset: facebook method: Adv-CSL, #attack_edge:10000,T:10,test_ratio: 0.3,gamma:0.0
/network/rit/lab/ceashpc/adil/data/adv_csl/Jan2/random_pgd/facebook/facebook-attackedges-10000-T-10-testratio-0.3-swap_ratio-0.01-gamma-0.0-realization-0-data-X.pkl
#Rule:372936 Nodes:8078 Edges:372936
0 Creating 10 consumers
{0.0: 2243, 1.0: 62, -1.0: 119}

{0.0: 2202, 1.0: 85, -1.0: 137}

{0.0: 2222, 1.0: 77, -1.0: 125}

{0.0: 2173, 1.0: 99, -1.0: 152}

{0.0: 2153, 1.0: 107, -1.0: 164}

{0.0: 2133, 1.0: 118, -1.0: 173}

{0.0: 2101, 1.0: 137, -1.0: 186}

{0.0: 2121, 1.0: 125, -1.0: 178}

{0.0: 2089, 1.0: 147, -1.0: 188}

{0.0: 2076, 1.0: 155, -1.0: 193}

1 Creating 10 consumers
{0.0: 2173, 1.0: 99, -1.0: 152}

{0.0: 2153, 1.0: 107, -1.0: 164}

{0.0: 2133, 1.0: 118, -1.0: 173}

{0.0: 2121, 1.0: 125, -1.0: 178}

{0.0: 2222, 1.0: 77, -1.0: 125}
Iter-0: 10.55/3.55 | Iter-1: 12.39/5.61 | 
{0.0: 2243, 1.0: 62, -1.0: 119}
Iter-0: 10.73/3.85 | Iter-1: 13.21/6.23 | 
{0.0: 2202, 1.0: 85, -1.0: 137}
Iter-0: 10.79/3.5 | Iter-1: 12.62/5.59 | 
{0.0: 2089, 1.0: 147, -1.0: 188}
Iter-0: 10.06/3.66 | Iter-1: 12.22/5.49 | 
{0.0: 2101, 1.0: 137, -1.0: 186}
Iter-0: 10.07/3.68 | Iter-1: 12.56/5.5 | 
{0.0: 2076, 1.0: 155, -1.0: 193}
Iter-0: 10.28/3.66 | Iter-1: 12.38/5.42 | 
prob_mse: 0.0931112211221, running time: 61.654531002
1.0 ~~~~~~~~~~~~~~~~~~~~~~~~~~~~~~~~~~~~~~~~~~~~~~~~~~~~~~~~~~~~~~~`
dataset: facebook method: Adv-CSL, #attack_edge:10000,T:10,test_ratio: 0.3,gamma:0.01
/network/rit/lab/ceashpc/adil/data/adv_csl/Jan2/random_pgd/facebook/facebook-attackedges-10000-T-10-testratio-0.3-swap_ratio-0.01-gamma-0.01-realization-0-data-X.pkl
#Rule:372936 Nodes:8078 Edges:372936
0 Creating 10 consumers
{0.0: 2243, 1.0: 62, -1.0: 119}

{0.0: 2202, 1.0: 85, -1.0: 137}

{0.0: 2222, 1.0: 77, -1.0: 125}

{0.0: 2173, 1.0: 99, -1.0: 152}

{0.0: 2153, 1.0: 107, -1.0: 164}

{0.0: 2121, 1.0: 125, -1.0: 178}

{0.0: 2133, 1.0: 118, -1.0: 173}

{0.0: 2101, 1.0: 137, -1.0: 186}

{0.0: 2089, 1.0: 147, -1.0: 188}

{0.0: 2076, 1.0: 155, -1.0: 193}

1 Creating 10 consumers
{0.0: 2173, 1.0: 99, -1.0: 152}

{0.0: 2153, 1.0: 107, -1.0: 164}

{0.0: 2133, 1.0: 118, -1.0: 173}

{0.0: 2121, 1.0: 125, -1.0: 178}

{0.0: 2243, 1.0: 62, -1.0: 119}
Iter-0: 12.78/6.14 | Iter-1: 13.63/7.15 | Iter-2: 12.98/6.1 | Iter-3: 12.41/5.83 | Iter-4: 12.32/5.68 | 
{0.0: 2222, 1.0: 77, -1.0: 125}
Iter-0: 13.14/6.35 | Iter-1: 14.15/7.19 | Iter-2: 13.51/6.49 | Iter-3: 12.83/6.01 | Iter-4: 13.01/6.03 | 
{0.0: 2101, 1.0: 137, -1.0: 186}
Iter-0: 12.71/6.12 | Iter-1: 13.71/7.07 | Iter-2: 12.89/6.28 | Iter-3: 12.35/5.86 | Iter-4: 12.36/5.88 | 
{0.0: 2202, 1.0: 85, -1.0: 137}
Iter-0: 13.62/6.94 | Iter-1: 14.12/7.29 | Iter-2: 13.3/6.16 | Iter-3: 13.21/6.43 | Iter-4: 13.09/6.33 | 
{0.0: 2076, 1.0: 155, -1.0: 193}
Iter-0: 13.07/5.93 | Iter-1: 13.17/6.46 | Iter-2: 12.91/6.26 | Iter-3: 12.69/5.74 | Iter-4: 12.4/5.73 | 
{0.0: 2089, 1.0: 147, -1.0: 188}
Iter-0: 12.85/5.95 | Iter-1: 14.1/6.98 | Iter-2: 13.27/6.35 | Iter-3: 13.12/5.89 | Iter-4: 12.36/5.66 | 
prob_mse: 0.226984158416, running time: 97.4273579121
2.0 ~~~~~~~~~~~~~~~~~~~~~~~~~~~~~~~~~~~~~~~~~~~~~~~~~~~~~~~~~~~~~~~`
dataset: facebook method: Adv-CSL, #attack_edge:10000,T:10,test_ratio: 0.3,gamma:0.03
/network/rit/lab/ceashpc/adil/data/adv_csl/Jan2/random_pgd/facebook/facebook-attackedges-10000-T-10-testratio-0.3-swap_ratio-0.01-gamma-0.03-realization-0-data-X.pkl
#Rule:372936 Nodes:8078 Edges:372936
0 Creating 10 consumers
{0.0: 2222, 1.0: 77, -1.0: 125}

{0.0: 2243, 1.0: 62, -1.0: 119}

{0.0: 2202, 1.0: 85, -1.0: 137}

{0.0: 2173, 1.0: 99, -1.0: 152}

{0.0: 2153, 1.0: 107, -1.0: 164}

{0.0: 2133, 1.0: 118, -1.0: 173}

{0.0: 2121, 1.0: 125, -1.0: 178}

{0.0: 2101, 1.0: 137, -1.0: 186}

{0.0: 2089, 1.0: 147, -1.0: 188}

{0.0: 2076, 1.0: 155, -1.0: 193}

1 Creating 10 consumers
{0.0: 2153, 1.0: 107, -1.0: 164}

{0.0: 2173, 1.0: 99, -1.0: 152}

{0.0: 2121, 1.0: 125, -1.0: 178}

{0.0: 2133, 1.0: 118, -1.0: 173}

{0.0: 2243, 1.0: 62, -1.0: 119}
Iter-0: 12.43/6.12 | Iter-1: 13.65/7.39 | Iter-2: 12.72/6.26 | Iter-3: 12.27/6.03 | Iter-4: 12.33/5.82 | 
{0.0: 2202, 1.0: 85, -1.0: 137}
Iter-0: 13.02/6.3 | Iter-1: 14.2/7.4 | Iter-2: 13.5/6.67 | Iter-3: 12.98/6.26 | Iter-4: 12.95/6.32 | 
{0.0: 2089, 1.0: 147, -1.0: 188}
Iter-0: 12.47/6.06 | Iter-1: 14.23/7.04 | Iter-2: 13.08/6.72 | Iter-3: 12.36/5.99 | Iter-4: 12.55/6.17 | 
{0.0: 2076, 1.0: 155, -1.0: 193}
Iter-0: 12.78/6.0 | Iter-1: 13.71/6.91 | Iter-2: 13.09/6.66 | Iter-3: 12.97/6.09 | Iter-4: 12.38/5.87 | 
{0.0: 2101, 1.0: 137, -1.0: 186}
Iter-0: 13.32/6.11 | Iter-1: 13.95/6.94 | Iter-2: 13.67/6.73 | Iter-3: 13.48/6.2 | Iter-4: 12.73/6.06 | 
{0.0: 2222, 1.0: 77, -1.0: 125}
Iter-0: 14.2/7.32 | Iter-1: 14.88/7.88 | Iter-2: 14.48/7.7 | Iter-3: 13.49/6.42 | Iter-4: 13.52/6.91 | 
prob_mse: 0.225643316832, running time: 98.0906181335
3.0 ~~~~~~~~~~~~~~~~~~~~~~~~~~~~~~~~~~~~~~~~~~~~~~~~~~~~~~~~~~~~~~~`
dataset: facebook method: Adv-CSL, #attack_edge:10000,T:10,test_ratio: 0.3,gamma:0.05
/network/rit/lab/ceashpc/adil/data/adv_csl/Jan2/random_pgd/facebook/facebook-attackedges-10000-T-10-testratio-0.3-swap_ratio-0.01-gamma-0.05-realization-0-data-X.pkl
#Rule:372936 Nodes:8078 Edges:372936
0 Creating 10 consumers
{0.0: 2243, 1.0: 62, -1.0: 119}

{0.0: 2222, 1.0: 77, -1.0: 125}

{0.0: 2202, 1.0: 85, -1.0: 137}

{0.0: 2173, 1.0: 99, -1.0: 152}

{0.0: 2153, 1.0: 107, -1.0: 164}

{0.0: 2133, 1.0: 118, -1.0: 173}

{0.0: 2101, 1.0: 137, -1.0: 186}

{0.0: 2121, 1.0: 125, -1.0: 178}

{0.0: 2076, 1.0: 155, -1.0: 193}

{0.0: 2089, 1.0: 147, -1.0: 188}

1 Creating 10 consumers
{0.0: 2173, 1.0: 99, -1.0: 152}

{0.0: 2153, 1.0: 107, -1.0: 164}

{0.0: 2121, 1.0: 125, -1.0: 178}

{0.0: 2133, 1.0: 118, -1.0: 173}

{0.0: 2243, 1.0: 62, -1.0: 119}
Iter-0: 12.88/6.29 | Iter-1: 14.02/7.7 | Iter-2: 13.04/6.57 | Iter-3: 12.17/6.04 | Iter-4: 12.1/5.99 | 
{0.0: 2202, 1.0: 85, -1.0: 137}
Iter-0: 12.88/6.2 | Iter-1: 13.96/7.4 | Iter-2: 13.76/6.77 | Iter-3: 13.92/6.93 | Iter-4: 13.63/6.78 | 
{0.0: 2089, 1.0: 147, -1.0: 188}
Iter-0: 13.28/5.95 | Iter-1: 13.66/6.86 | Iter-2: 13.05/6.56 | Iter-3: 12.68/5.94 | Iter-4: 12.8/6.3 | 
{0.0: 2101, 1.0: 137, -1.0: 186}
Iter-0: 13.04/6.01 | Iter-1: 14.07/7.13 | Iter-2: 13.54/6.94 | Iter-3: 13.34/6.4 | Iter-4: 12.46/5.82 | 
{0.0: 2222, 1.0: 77, -1.0: 125}
Iter-0: 14.28/7.19 | Iter-1: 14.68/7.81 | Iter-2: 14.02/7.19 | Iter-3: 13.9/6.64 | Iter-4: 13.26/6.45 | 
{0.0: 2076, 1.0: 155, -1.0: 193}
Iter-0: 13.05/5.94 | Iter-1: 13.59/6.92 | Iter-2: 13.39/6.79 | Iter-3: 13.2/6.26 | Iter-4: 12.84/6.1 | 
prob_mse: 0.223236826183, running time: 98.0002257824
4.0 ~~~~~~~~~~~~~~~~~~~~~~~~~~~~~~~~~~~~~~~~~~~~~~~~~~~~~~~~~~~~~~~`
dataset: facebook method: Adv-CSL, #attack_edge:10000,T:10,test_ratio: 0.3,gamma:0.07
/network/rit/lab/ceashpc/adil/data/adv_csl/Jan2/random_pgd/facebook/facebook-attackedges-10000-T-10-testratio-0.3-swap_ratio-0.01-gamma-0.07-realization-0-data-X.pkl
#Rule:372936 Nodes:8078 Edges:372936
0 Creating 10 consumers
{0.0: 2243, 1.0: 62, -1.0: 119}

{0.0: 2222, 1.0: 77, -1.0: 125}

{0.0: 2202, 1.0: 85, -1.0: 137}

{0.0: 2153, 1.0: 107, -1.0: 164}

{0.0: 2133, 1.0: 118, -1.0: 173}

{0.0: 2173, 1.0: 99, -1.0: 152}

{0.0: 2121, 1.0: 125, -1.0: 178}

{0.0: 2089, 1.0: 147, -1.0: 188}

{0.0: 2101, 1.0: 137, -1.0: 186}

{0.0: 2076, 1.0: 155, -1.0: 193}

1 Creating 10 consumers
{0.0: 2173, 1.0: 99, -1.0: 152}

{0.0: 2133, 1.0: 118, -1.0: 173}

{0.0: 2153, 1.0: 107, -1.0: 164}

{0.0: 2121, 1.0: 125, -1.0: 178}

{0.0: 2243, 1.0: 62, -1.0: 119}
Iter-0: 12.59/6.28 | Iter-1: 13.48/7.41 | Iter-2: 14.05/6.69 | Iter-3: 13.56/6.5 | Iter-4: 13.43/6.43 | 
{0.0: 2202, 1.0: 85, -1.0: 137}
Iter-0: 12.74/6.26 | Iter-1: 13.98/7.34 | Iter-2: 13.72/6.74 | Iter-3: 13.22/6.45 | Iter-4: 13.33/6.72 | 
{0.0: 2089, 1.0: 147, -1.0: 188}
Iter-0: 12.93/6.21 | Iter-1: 13.82/7.15 | Iter-2: 13.05/6.76 | Iter-3: 13.4/6.32 | Iter-4: 12.29/6.04 | 
{0.0: 2076, 1.0: 155, -1.0: 193}
Iter-0: 12.89/6.02 | Iter-1: 13.75/7.06 | Iter-2: 13.62/6.8 | Iter-3: 13.51/6.49 | Iter-4: 12.45/5.9 | 
{0.0: 2222, 1.0: 77, -1.0: 125}
Iter-0: 14.45/7.31 | Iter-1: 14.93/8.19 | Iter-2: 14.31/7.54 | Iter-3: 13.87/6.76 | Iter-4: 13.26/6.51 | 
{0.0: 2101, 1.0: 137, -1.0: 186}
Iter-0: 12.93/6.11 | Iter-1: 13.74/7.12 | Iter-2: 13.56/6.89 | Iter-3: 13.94/6.59 | Iter-4: 13.65/6.76 | 
prob_mse: 0.221655418042, running time: 99.8380260468
5.0 ~~~~~~~~~~~~~~~~~~~~~~~~~~~~~~~~~~~~~~~~~~~~~~~~~~~~~~~~~~~~~~~`
dataset: facebook method: Adv-CSL, #attack_edge:10000,T:10,test_ratio: 0.3,gamma:0.09
/network/rit/lab/ceashpc/adil/data/adv_csl/Jan2/random_pgd/facebook/facebook-attackedges-10000-T-10-testratio-0.3-swap_ratio-0.01-gamma-0.09-realization-0-data-X.pkl
#Rule:372936 Nodes:8078 Edges:372936
0 Creating 10 consumers
{0.0: 2243, 1.0: 62, -1.0: 119}

{0.0: 2222, 1.0: 77, -1.0: 125}

{0.0: 2202, 1.0: 85, -1.0: 137}

{0.0: 2173, 1.0: 99, -1.0: 152}

{0.0: 2153, 1.0: 107, -1.0: 164}

{0.0: 2133, 1.0: 118, -1.0: 173}

{0.0: 2121, 1.0: 125, -1.0: 178}

{0.0: 2089, 1.0: 147, -1.0: 188}

{0.0: 2101, 1.0: 137, -1.0: 186}

{0.0: 2076, 1.0: 155, -1.0: 193}

1 Creating 10 consumers
{0.0: 2153, 1.0: 107, -1.0: 164}

{0.0: 2133, 1.0: 118, -1.0: 173}

{0.0: 2173, 1.0: 99, -1.0: 152}

{0.0: 2121, 1.0: 125, -1.0: 178}

{0.0: 2243, 1.0: 62, -1.0: 119}
Iter-0: 13.58/6.34 | Iter-1: 14.7/7.73 | Iter-2: 14.07/6.79 | Iter-3: 13.61/6.58 | Iter-4: 12.96/6.24 | 
{0.0: 2101, 1.0: 137, -1.0: 186}
Iter-0: 13.14/6.02 | Iter-1: 13.08/6.69 | Iter-2: 12.86/6.52 | Iter-3: 12.99/6.23 | Iter-4: 13.15/6.43 | 
{0.0: 2202, 1.0: 85, -1.0: 137}
Iter-0: 13.37/6.29 | Iter-1: 14.32/7.54 | Iter-2: 13.82/6.91 | Iter-3: 13.69/6.79 | Iter-4: 13.15/6.48 | 
{0.0: 2089, 1.0: 147, -1.0: 188}
Iter-0: 13.03/5.99 | Iter-1: 13.73/7.09 | Iter-2: 13.49/6.79 | Iter-3: 13.65/6.45 | Iter-4: 13.09/6.19 | 
{0.0: 2222, 1.0: 77, -1.0: 125}
Iter-0: 14.88/7.22 | Iter-1: 14.89/8.0 | Iter-2: 14.49/7.64 | Iter-3: 14.46/7.32 | Iter-4: 13.07/6.35 | 
{0.0: 2076, 1.0: 155, -1.0: 193}
Iter-0: 13.07/5.98 | Iter-1: 13.51/6.77 | Iter-2: 13.29/6.59 | Iter-3: 13.58/6.52 | Iter-4: 13.91/6.84 | 
prob_mse: 0.220864631463, running time: 99.0084221363
6.0 ~~~~~~~~~~~~~~~~~~~~~~~~~~~~~~~~~~~~~~~~~~~~~~~~~~~~~~~~~~~~~~~`
dataset: facebook method: Adv-CSL, #attack_edge:10000,T:10,test_ratio: 0.3,gamma:0.2
/network/rit/lab/ceashpc/adil/data/adv_csl/Jan2/random_pgd/facebook/facebook-attackedges-10000-T-10-testratio-0.3-swap_ratio-0.01-gamma-0.2-realization-0-data-X.pkl
#Rule:372936 Nodes:8078 Edges:372936
0 Creating 10 consumers
{0.0: 2243, 1.0: 62, -1.0: 119}

{0.0: 2202, 1.0: 85, -1.0: 137}

{0.0: 2222, 1.0: 77, -1.0: 125}

{0.0: 2173, 1.0: 99, -1.0: 152}

{0.0: 2153, 1.0: 107, -1.0: 164}

{0.0: 2133, 1.0: 118, -1.0: 173}

{0.0: 2121, 1.0: 125, -1.0: 178}

{0.0: 2101, 1.0: 137, -1.0: 186}

{0.0: 2089, 1.0: 147, -1.0: 188}

{0.0: 2076, 1.0: 155, -1.0: 193}

1 Creating 10 consumers
{0.0: 2173, 1.0: 99, -1.0: 152}

{0.0: 2153, 1.0: 107, -1.0: 164}

{0.0: 2133, 1.0: 118, -1.0: 173}

{0.0: 2121, 1.0: 125, -1.0: 178}

{0.0: 2101, 1.0: 137, -1.0: 186}
Iter-0: 12.87/6.14 | Iter-1: 12.51/6.36 | Iter-2: 12.57/6.47 | Iter-3: 12.7/6.19 | Iter-4: 12.04/5.92 | 
{0.0: 2243, 1.0: 62, -1.0: 119}
Iter-0: 13.38/6.21 | Iter-1: 13.27/7.02 | Iter-2: 13.35/6.93 | Iter-3: 12.97/6.53 | Iter-4: 13.81/6.83 | 
{0.0: 2222, 1.0: 77, -1.0: 125}
Iter-0: 13.04/6.36 | Iter-1: 13.86/7.27 | Iter-2: 13.81/7.21 | Iter-3: 13.81/6.92 | Iter-4: 13.14/6.39 | 
{0.0: 2202, 1.0: 85, -1.0: 137}
Iter-0: 14.45/6.94 | Iter-1: 14.61/7.59 | Iter-2: 14.45/7.57 | Iter-3: 13.66/6.9 | Iter-4: 12.95/6.32 | 
{0.0: 2089, 1.0: 147, -1.0: 188}
Iter-0: 13.05/5.97 | Iter-1: 13.77/6.77 | Iter-2: 13.89/6.92 | Iter-3: 13.76/6.69 | Iter-4: 13.28/6.12 | 
{0.0: 2076, 1.0: 155, -1.0: 193}
Iter-0: 13.0/5.95 | Iter-1: 13.72/6.73 | Iter-2: 13.78/6.88 | Iter-3: 13.97/6.9 | Iter-4: 13.14/6.52 | 
prob_mse: 0.215295159516, running time: 99.9007351398
7.0 ~~~~~~~~~~~~~~~~~~~~~~~~~~~~~~~~~~~~~~~~~~~~~~~~~~~~~~~~~~~~~~~`
dataset: facebook method: Adv-CSL, #attack_edge:10000,T:10,test_ratio: 0.3,gamma:0.3
/network/rit/lab/ceashpc/adil/data/adv_csl/Jan2/random_pgd/facebook/facebook-attackedges-10000-T-10-testratio-0.3-swap_ratio-0.01-gamma-0.3-realization-0-data-X.pkl
#Rule:372936 Nodes:8078 Edges:372936
0 Creating 10 consumers
{0.0: 2243, 1.0: 62, -1.0: 119}

{0.0: 2222, 1.0: 77, -1.0: 125}

{0.0: 2153, 1.0: 107, -1.0: 164}

{0.0: 2202, 1.0: 85, -1.0: 137}

{0.0: 2173, 1.0: 99, -1.0: 152}

{0.0: 2133, 1.0: 118, -1.0: 173}

{0.0: 2121, 1.0: 125, -1.0: 178}

{0.0: 2101, 1.0: 137, -1.0: 186}

{0.0: 2089, 1.0: 147, -1.0: 188}

{0.0: 2076, 1.0: 155, -1.0: 193}

1 Creating 10 consumers
{0.0: 2173, 1.0: 99, -1.0: 152}

{0.0: 2153, 1.0: 107, -1.0: 164}

{0.0: 2133, 1.0: 118, -1.0: 173}

{0.0: 2121, 1.0: 125, -1.0: 178}

{0.0: 2202, 1.0: 85, -1.0: 137}
Iter-0: 12.94/6.15 | Iter-1: 13.13/6.6 | Iter-2: 13.3/6.86 | Iter-3: 13.18/6.26 | Iter-4: 13.3/6.33 | 
{0.0: 2101, 1.0: 137, -1.0: 186}
Iter-0: 12.83/6.15 | Iter-1: 12.46/6.1 | Iter-2: 12.96/6.6 | Iter-3: 12.39/5.8 | Iter-4: 12.67/6.15 | 
{0.0: 2222, 1.0: 77, -1.0: 125}
Iter-0: 13.61/6.52 | Iter-1: 13.45/6.73 | Iter-2: 13.66/6.99 | Iter-3: 13.55/6.44 | Iter-4: 13.41/6.54 | 
{0.0: 2089, 1.0: 147, -1.0: 188}
Iter-0: 12.56/5.92 | Iter-1: 13.22/6.09 | Iter-2: 13.25/6.73 | Iter-3: 12.62/6.03 | Iter-4: 12.63/6.11 | 
{0.0: 2076, 1.0: 155, -1.0: 193}
Iter-0: 12.8/5.99 | Iter-1: 12.96/6.31 | Iter-2: 13.14/6.63 | Iter-3: 13.03/6.1 | Iter-4: 12.92/6.16 | 
{0.0: 2243, 1.0: 62, -1.0: 119}
Iter-0: 14.1/6.91 | Iter-1: 13.98/6.99 | Iter-2: 14.81/7.86 | Iter-3: 13.92/6.77 | Iter-4: 13.48/6.45 | 
prob_mse: 0.205531353135, running time: 97.4336600304
8.0 ~~~~~~~~~~~~~~~~~~~~~~~~~~~~~~~~~~~~~~~~~~~~~~~~~~~~~~~~~~~~~~~`
dataset: facebook method: Adv-CSL, #attack_edge:10000,T:10,test_ratio: 0.3,gamma:0.4
/network/rit/lab/ceashpc/adil/data/adv_csl/Jan2/random_pgd/facebook/facebook-attackedges-10000-T-10-testratio-0.3-swap_ratio-0.01-gamma-0.4-realization-0-data-X.pkl
#Rule:372936 Nodes:8078 Edges:372936
0 Creating 10 consumers
{0.0: 2243, 1.0: 62, -1.0: 119}

{0.0: 2222, 1.0: 77, -1.0: 125}

{0.0: 2202, 1.0: 85, -1.0: 137}

{0.0: 2173, 1.0: 99, -1.0: 152}

{0.0: 2153, 1.0: 107, -1.0: 164}

{0.0: 2121, 1.0: 125, -1.0: 178}

{0.0: 2133, 1.0: 118, -1.0: 173}

{0.0: 2089, 1.0: 147, -1.0: 188}

{0.0: 2101, 1.0: 137, -1.0: 186}

{0.0: 2076, 1.0: 155, -1.0: 193}

1 Creating 10 consumers
{0.0: 2173, 1.0: 99, -1.0: 152}

{0.0: 2153, 1.0: 107, -1.0: 164}

{0.0: 2133, 1.0: 118, -1.0: 173}

{0.0: 2121, 1.0: 125, -1.0: 178}

{0.0: 2222, 1.0: 77, -1.0: 125}
Iter-0: 13.03/6.37 | Iter-1: 13.0/6.72 | Iter-2: 13.03/6.65 | Iter-3: 12.6/6.23 | Iter-4: 12.77/6.48 | 
{0.0: 2243, 1.0: 62, -1.0: 119}
Iter-0: 13.45/6.32 | Iter-1: 13.08/6.44 | Iter-2: 13.62/6.99 | Iter-3: 13.03/6.13 | Iter-4: 12.9/6.25 | 
{0.0: 2076, 1.0: 155, -1.0: 193}
Iter-0: 12.64/5.97 | Iter-1: 12.07/5.83 | Iter-2: 13.21/6.24 | Iter-3: 13.46/6.07 | Iter-4: 12.65/6.17 | 
{0.0: 2202, 1.0: 85, -1.0: 137}
Iter-0: 14.35/6.81 | Iter-1: 14.0/6.76 | Iter-2: 13.94/6.93 | Iter-3: 13.78/6.32 | Iter-4: 13.68/6.43 | 
{0.0: 2089, 1.0: 147, -1.0: 188}
Iter-0: 13.0/6.12 | Iter-1: 13.45/6.3 | Iter-2: 13.64/6.58 | Iter-3: 13.54/6.13 | Iter-4: 13.16/6.23 | 
{0.0: 2101, 1.0: 137, -1.0: 186}
Iter-0: 13.62/6.19 | Iter-1: 13.81/6.74 | Iter-2: 13.94/7.05 | Iter-3: 13.89/6.72 | Iter-4: 13.5/6.65 | 
prob_mse: 0.201199834983, running time: 99.9653160572
9.0 ~~~~~~~~~~~~~~~~~~~~~~~~~~~~~~~~~~~~~~~~~~~~~~~~~~~~~~~~~~~~~~~`
dataset: facebook method: Adv-CSL, #attack_edge:10000,T:10,test_ratio: 0.3,gamma:0.5
/network/rit/lab/ceashpc/adil/data/adv_csl/Jan2/random_pgd/facebook/facebook-attackedges-10000-T-10-testratio-0.3-swap_ratio-0.01-gamma-0.5-realization-0-data-X.pkl
#Rule:372936 Nodes:8078 Edges:372936
0 Creating 10 consumers
{0.0: 1214, -1.0: 1210}

{0.0: 1216, -1.0: 1208}

{0.0: 1214, -1.0: 1210}

{0.0: 1209, -1.0: 1215}

{0.0: 1221, -1.0: 1203}

{0.0: 1211, -1.0: 1213}

{0.0: 1213, -1.0: 1211}

{0.0: 1219, -1.0: 1205}

{0.0: 1219, -1.0: 1205}

{0.0: 1221, -1.0: 1203}

1 Creating 10 consumers
{0.0: 1214, -1.0: 1210}

{0.0: 1216, -1.0: 1208}

{0.0: 1214, -1.0: 1210}

{0.0: 1221, -1.0: 1203}

{0.0: 1209, -1.0: 1215}

{0.0: 1213, -1.0: 1211}

{0.0: 1211, -1.0: 1213}

{0.0: 1219, -1.0: 1205}

{0.0: 1219, -1.0: 1205}

{0.0: 1221, -1.0: 1203}

prob_mse: 0.415387073707, running time: 45.2174620628
10.0 ~~~~~~~~~~~~~~~~~~~~~~~~~~~~~~~~~~~~~~~~~~~~~~~~~~~~~~~~~~~~~~~`
dataset: facebook method: Adv-CSL, #attack_edge:10000,T:10,test_ratio: 0.3,gamma:0.0
/network/rit/lab/ceashpc/adil/data/adv_csl/Jan2/random_pgd/facebook/facebook-attackedges-10000-T-10-testratio-0.3-swap_ratio-0.01-gamma-0.0-realization-1-data-X.pkl
#Rule:372936 Nodes:8078 Edges:372936
0 Creating 10 consumers
{0.0: 2249, 1.0: 58, -1.0: 117}

{0.0: 2229, 1.0: 63, -1.0: 132}

{0.0: 2192, 1.0: 88, -1.0: 144}

{0.0: 2209, 1.0: 73, -1.0: 142}

{0.0: 2173, 1.0: 105, -1.0: 146}

{0.0: 2161, 1.0: 114, -1.0: 149}

{0.0: 2128, 1.0: 137, -1.0: 159}

{0.0: 2106, 1.0: 152, -1.0: 166}

{0.0: 2084, 1.0: 166, -1.0: 174}

{0.0: 2063, 1.0: 178, -1.0: 183}

1 Creating 10 consumers
{0.0: 2161, 1.0: 114, -1.0: 149}

{0.0: 2128, 1.0: 137, -1.0: 159}

{0.0: 2173, 1.0: 105, -1.0: 146}
Iter-0: 10.06/3.55 | 
{0.0: 2084, 1.0: 166, -1.0: 174}
Iter-0: 10.02/3.66 | Iter-1: 12.33/5.47 | 
{0.0: 2106, 1.0: 152, -1.0: 166}
Iter-0: 10.66/3.73 | Iter-1: 13.11/5.51 | 
{0.0: 2209, 1.0: 73, -1.0: 142}
Iter-0: 10.2/3.52 | Iter-1: 12.26/5.61 | Iter-2: 11.1/4.56 | 
{0.0: 2192, 1.0: 88, -1.0: 144}
Iter-0: 10.08/3.47 | Iter-1: 12.15/5.54 | Iter-2: 11.0/4.5 | 
{0.0: 2229, 1.0: 63, -1.0: 132}
Iter-0: 10.28/3.58 | Iter-1: 12.61/5.61 | Iter-2: 12.16/4.98 | 
{0.0: 2249, 1.0: 58, -1.0: 117}
Iter-0: 10.77/3.6 | Iter-1: 13.65/6.22 | Iter-2: 11.45/4.56 | 
{0.0: 2063, 1.0: 178, -1.0: 183}
Iter-0: 10.5/3.66 | Iter-1: 12.99/5.49 | Iter-2: 10.96/4.19 | 
prob_mse: 0.0917702970297, running time: 75.7315979004
11.0 ~~~~~~~~~~~~~~~~~~~~~~~~~~~~~~~~~~~~~~~~~~~~~~~~~~~~~~~~~~~~~~~`
dataset: facebook method: Adv-CSL, #attack_edge:10000,T:10,test_ratio: 0.3,gamma:0.01
/network/rit/lab/ceashpc/adil/data/adv_csl/Jan2/random_pgd/facebook/facebook-attackedges-10000-T-10-testratio-0.3-swap_ratio-0.01-gamma-0.01-realization-1-data-X.pkl
#Rule:372936 Nodes:8078 Edges:372936
0 Creating 10 consumers
{0.0: 2249, 1.0: 58, -1.0: 117}

{0.0: 2209, 1.0: 73, -1.0: 142}

{0.0: 2229, 1.0: 63, -1.0: 132}

{0.0: 2192, 1.0: 88, -1.0: 144}

{0.0: 2173, 1.0: 105, -1.0: 146}

{0.0: 2161, 1.0: 114, -1.0: 149}

{0.0: 2128, 1.0: 137, -1.0: 159}

{0.0: 2106, 1.0: 152, -1.0: 166}

{0.0: 2084, 1.0: 166, -1.0: 174}

{0.0: 2063, 1.0: 178, -1.0: 183}

1 Creating 10 consumers
{0.0: 2161, 1.0: 114, -1.0: 149}

{0.0: 2128, 1.0: 137, -1.0: 159}

{0.0: 2249, 1.0: 58, -1.0: 117}
Iter-0: 12.92/6.55 | Iter-1: 13.63/6.96 | Iter-2: 14.0/6.7 | Iter-3: 13.26/6.3 | Iter-4: 12.25/5.82 | 
{0.0: 2192, 1.0: 88, -1.0: 144}
Iter-0: 12.9/6.46 | Iter-1: 13.67/6.89 | Iter-2: 12.95/6.18 | Iter-3: 12.62/6.14 | Iter-4: 12.13/5.68 | 
{0.0: 2209, 1.0: 73, -1.0: 142}
Iter-0: 12.98/6.4 | Iter-1: 13.79/6.83 | Iter-2: 12.98/6.17 | Iter-3: 12.57/6.07 | Iter-4: 12.36/5.68 | 
{0.0: 2173, 1.0: 105, -1.0: 146}
Iter-0: 12.68/6.29 | Iter-1: 13.53/6.82 | Iter-2: 12.85/6.15 | Iter-3: 12.51/6.12 | Iter-4: 12.97/5.9 | 
{0.0: 2084, 1.0: 166, -1.0: 174}
Iter-0: 12.46/6.15 | Iter-1: 13.25/6.61 | Iter-2: 12.54/6.05 | Iter-3: 12.22/5.95 | Iter-4: 12.32/5.58 | 
{0.0: 2063, 1.0: 178, -1.0: 183}
Iter-0: 12.53/6.06 | Iter-1: 13.24/6.63 | Iter-2: 12.61/6.02 | Iter-3: 12.23/5.9 | Iter-4: 11.96/5.55 | 
{0.0: 2229, 1.0: 63, -1.0: 132}
Iter-0: 13.38/6.51 | Iter-1: 14.27/6.93 | Iter-2: 14.03/7.16 | Iter-3: 13.38/6.85 | Iter-4: 13.04/5.92 | 
{0.0: 2106, 1.0: 152, -1.0: 166}
Iter-0: 12.58/6.23 | Iter-1: 13.63/6.6 | Iter-2: 13.52/6.2 | Iter-3: 13.02/6.11 | Iter-4: 12.03/5.63 | 
prob_mse: 0.280821369637, running time: 95.5842888355
12.0 ~~~~~~~~~~~~~~~~~~~~~~~~~~~~~~~~~~~~~~~~~~~~~~~~~~~~~~~~~~~~~~~`
dataset: facebook method: Adv-CSL, #attack_edge:10000,T:10,test_ratio: 0.3,gamma:0.03
/network/rit/lab/ceashpc/adil/data/adv_csl/Jan2/random_pgd/facebook/facebook-attackedges-10000-T-10-testratio-0.3-swap_ratio-0.01-gamma-0.03-realization-1-data-X.pkl
#Rule:372936 Nodes:8078 Edges:372936
0 Creating 10 consumers
{0.0: 2229, 1.0: 63, -1.0: 132}

{0.0: 2209, 1.0: 73, -1.0: 142}

{0.0: 2249, 1.0: 58, -1.0: 117}

{0.0: 2192, 1.0: 88, -1.0: 144}

{0.0: 2173, 1.0: 105, -1.0: 146}

{0.0: 2161, 1.0: 114, -1.0: 149}

{0.0: 2128, 1.0: 137, -1.0: 159}

{0.0: 2084, 1.0: 166, -1.0: 174}

{0.0: 2063, 1.0: 178, -1.0: 183}

{0.0: 2106, 1.0: 152, -1.0: 166}

1 Creating 10 consumers
{0.0: 2161, 1.0: 114, -1.0: 149}

{0.0: 2128, 1.0: 137, -1.0: 159}

{0.0: 2249, 1.0: 58, -1.0: 117}
Iter-0: 12.77/6.39 | Iter-1: 13.84/7.33 | Iter-2: 13.41/6.87 | Iter-3: 12.77/6.29 | Iter-4: 12.59/6.15 | 
{0.0: 2192, 1.0: 88, -1.0: 144}
Iter-0: 12.77/6.12 | Iter-1: 13.65/7.06 | Iter-2: 13.09/6.5 | Iter-3: 12.81/6.13 | Iter-4: 12.61/5.94 | 
{0.0: 2209, 1.0: 73, -1.0: 142}
Iter-0: 13.11/6.25 | Iter-1: 14.31/7.27 | Iter-2: 13.12/6.75 | Iter-3: 13.23/6.34 | Iter-4: 12.73/6.07 | 
{0.0: 2173, 1.0: 105, -1.0: 146}
Iter-0: 12.73/6.2 | Iter-1: 13.71/7.15 | Iter-2: 13.15/6.66 | Iter-3: 12.83/6.11 | Iter-4: 12.86/6.07 | 
{0.0: 2106, 1.0: 152, -1.0: 166}
Iter-0: 12.96/6.12 | Iter-1: 13.96/7.0 | Iter-2: 13.26/6.54 | Iter-3: 12.49/6.0 | Iter-4: 12.41/6.03 | 
{0.0: 2084, 1.0: 166, -1.0: 174}
Iter-0: 12.7/6.08 | Iter-1: 13.41/6.84 | Iter-2: 13.25/6.55 | Iter-3: 12.72/6.07 | Iter-4: 12.73/6.02 | 
{0.0: 2063, 1.0: 178, -1.0: 183}
Iter-0: 12.74/5.96 | Iter-1: 13.56/6.76 | Iter-2: 12.94/6.43 | Iter-3: 12.9/6.01 | Iter-4: 12.63/5.96 | 
{0.0: 2229, 1.0: 63, -1.0: 132}
Iter-0: 13.8/7.03 | Iter-1: 14.75/7.96 | Iter-2: 14.18/7.47 | Iter-3: 13.63/6.9 | Iter-4: 12.98/6.27 | 
prob_mse: 0.278311661166, running time: 96.6853601933
13.0 ~~~~~~~~~~~~~~~~~~~~~~~~~~~~~~~~~~~~~~~~~~~~~~~~~~~~~~~~~~~~~~~`
dataset: facebook method: Adv-CSL, #attack_edge:10000,T:10,test_ratio: 0.3,gamma:0.05
/network/rit/lab/ceashpc/adil/data/adv_csl/Jan2/random_pgd/facebook/facebook-attackedges-10000-T-10-testratio-0.3-swap_ratio-0.01-gamma-0.05-realization-1-data-X.pkl
#Rule:372936 Nodes:8078 Edges:372936
0 Creating 10 consumers
{0.0: 2249, 1.0: 58, -1.0: 117}

{0.0: 2229, 1.0: 63, -1.0: 132}

{0.0: 2209, 1.0: 73, -1.0: 142}

{0.0: 2192, 1.0: 88, -1.0: 144}

{0.0: 2173, 1.0: 105, -1.0: 146}

{0.0: 2128, 1.0: 137, -1.0: 159}

{0.0: 2161, 1.0: 114, -1.0: 149}

{0.0: 2106, 1.0: 152, -1.0: 166}

{0.0: 2084, 1.0: 166, -1.0: 174}

{0.0: 2063, 1.0: 178, -1.0: 183}

1 Creating 10 consumers
{0.0: 2161, 1.0: 114, -1.0: 149}

{0.0: 2128, 1.0: 137, -1.0: 159}

{0.0: 2229, 1.0: 63, -1.0: 132}
Iter-0: 12.74/6.24 | Iter-1: 14.02/7.26 | Iter-2: 13.55/6.77 | Iter-3: 12.82/6.34 | Iter-4: 12.81/6.24 | 
{0.0: 2249, 1.0: 58, -1.0: 117}
Iter-0: 12.91/6.29 | Iter-1: 13.91/7.31 | Iter-2: 13.52/6.79 | Iter-3: 13.1/6.4 | Iter-4: 13.0/6.31 | 
{0.0: 2209, 1.0: 73, -1.0: 142}
Iter-0: 12.53/6.12 | Iter-1: 13.95/7.14 | Iter-2: 13.58/6.67 | Iter-3: 13.22/6.31 | Iter-4: 12.84/6.09 | 
{0.0: 2192, 1.0: 88, -1.0: 144}
Iter-0: 13.39/6.79 | Iter-1: 14.53/7.69 | Iter-2: 13.39/6.61 | Iter-3: 12.88/6.1 | Iter-4: 12.82/6.02 | 
{0.0: 2106, 1.0: 152, -1.0: 166}
Iter-0: 12.4/5.99 | Iter-1: 13.4/6.95 | Iter-2: 13.1/6.55 | Iter-3: 13.15/6.23 | Iter-4: 13.06/6.16 | 
{0.0: 2173, 1.0: 105, -1.0: 146}
Iter-0: 12.83/6.07 | Iter-1: 13.81/7.12 | Iter-2: 13.93/7.22 | Iter-3: 13.47/6.74 | Iter-4: 13.4/6.69 | 
{0.0: 2063, 1.0: 178, -1.0: 183}
Iter-0: 12.38/5.88 | Iter-1: 13.62/6.81 | Iter-2: 13.25/6.5 | Iter-3: 12.78/6.04 | Iter-4: 12.65/6.06 | 
{0.0: 2084, 1.0: 166, -1.0: 174}
Iter-0: 12.9/5.99 | Iter-1: 13.69/7.01 | Iter-2: 12.95/6.56 | Iter-3: 13.09/6.23 | Iter-4: 13.01/6.08 | 
prob_mse: 0.275114383938, running time: 97.027613163
14.0 ~~~~~~~~~~~~~~~~~~~~~~~~~~~~~~~~~~~~~~~~~~~~~~~~~~~~~~~~~~~~~~~`
dataset: facebook method: Adv-CSL, #attack_edge:10000,T:10,test_ratio: 0.3,gamma:0.07
/network/rit/lab/ceashpc/adil/data/adv_csl/Jan2/random_pgd/facebook/facebook-attackedges-10000-T-10-testratio-0.3-swap_ratio-0.01-gamma-0.07-realization-1-data-X.pkl
#Rule:372936 Nodes:8078 Edges:372936
0 Creating 10 consumers
{0.0: 2249, 1.0: 58, -1.0: 117}

{0.0: 2229, 1.0: 63, -1.0: 132}

{0.0: 2209, 1.0: 73, -1.0: 142}

{0.0: 2173, 1.0: 105, -1.0: 146}

{0.0: 2192, 1.0: 88, -1.0: 144}

{0.0: 2161, 1.0: 114, -1.0: 149}

{0.0: 2128, 1.0: 137, -1.0: 159}

{0.0: 2106, 1.0: 152, -1.0: 166}

{0.0: 2084, 1.0: 166, -1.0: 174}

{0.0: 2063, 1.0: 178, -1.0: 183}

1 Creating 10 consumers
{0.0: 2161, 1.0: 114, -1.0: 149}

{0.0: 2128, 1.0: 137, -1.0: 159}

{0.0: 2173, 1.0: 105, -1.0: 146}
Iter-0: 12.37/6.06 | Iter-1: 13.43/7.1 | Iter-2: 12.88/6.49 | Iter-3: 12.41/6.24 | Iter-4: 12.17/5.98 | 
{0.0: 2249, 1.0: 58, -1.0: 117}
Iter-0: 12.75/6.4 | Iter-1: 14.17/7.36 | Iter-2: 13.4/6.86 | Iter-3: 12.89/6.56 | Iter-4: 12.69/6.34 | 
{0.0: 2229, 1.0: 63, -1.0: 132}
Iter-0: 12.79/6.26 | Iter-1: 13.84/7.25 | Iter-2: 13.38/6.71 | Iter-3: 12.86/6.43 | Iter-4: 12.58/6.13 | 
{0.0: 2063, 1.0: 178, -1.0: 183}
Iter-0: 12.26/5.93 | Iter-1: 13.2/6.87 | Iter-2: 12.74/6.32 | Iter-3: 12.38/6.17 | Iter-4: 12.13/5.89 | 
{0.0: 2192, 1.0: 88, -1.0: 144}
Iter-0: 12.85/6.14 | Iter-1: 14.07/7.29 | Iter-2: 13.59/6.67 | Iter-3: 13.08/6.39 | Iter-4: 12.84/6.15 | 
{0.0: 2106, 1.0: 152, -1.0: 166}
Iter-0: 12.45/6.03 | Iter-1: 13.56/7.07 | Iter-2: 13.2/6.57 | Iter-3: 12.82/6.39 | Iter-4: 12.64/6.11 | 
{0.0: 2209, 1.0: 73, -1.0: 142}
Iter-0: 12.86/6.23 | Iter-1: 14.06/7.31 | Iter-2: 14.21/7.35 | Iter-3: 13.64/7.04 | Iter-4: 13.43/6.77 | 
{0.0: 2084, 1.0: 166, -1.0: 174}
Iter-0: 12.68/5.99 | Iter-1: 14.16/7.56 | Iter-2: 13.3/6.52 | Iter-3: 12.94/6.38 | Iter-4: 12.62/6.1 | 
prob_mse: 0.272742271727, running time: 96.6203401089
15.0 ~~~~~~~~~~~~~~~~~~~~~~~~~~~~~~~~~~~~~~~~~~~~~~~~~~~~~~~~~~~~~~~`
dataset: facebook method: Adv-CSL, #attack_edge:10000,T:10,test_ratio: 0.3,gamma:0.09
/network/rit/lab/ceashpc/adil/data/adv_csl/Jan2/random_pgd/facebook/facebook-attackedges-10000-T-10-testratio-0.3-swap_ratio-0.01-gamma-0.09-realization-1-data-X.pkl
#Rule:372936 Nodes:8078 Edges:372936
0 Creating 10 consumers
{0.0: 2249, 1.0: 58, -1.0: 117}

{0.0: 2229, 1.0: 63, -1.0: 132}

{0.0: 2209, 1.0: 73, -1.0: 142}

{0.0: 2192, 1.0: 88, -1.0: 144}

{0.0: 2173, 1.0: 105, -1.0: 146}

{0.0: 2161, 1.0: 114, -1.0: 149}

{0.0: 2128, 1.0: 137, -1.0: 159}

{0.0: 2106, 1.0: 152, -1.0: 166}

{0.0: 2084, 1.0: 166, -1.0: 174}

{0.0: 2063, 1.0: 178, -1.0: 183}

1 Creating 10 consumers
{0.0: 2161, 1.0: 114, -1.0: 149}

{0.0: 2128, 1.0: 137, -1.0: 159}

{0.0: 2249, 1.0: 58, -1.0: 117}
Iter-0: 12.92/6.37 | Iter-1: 13.95/7.32 | Iter-2: 13.56/6.76 | Iter-3: 13.45/6.62 | Iter-4: 12.98/6.33 | 
{0.0: 2229, 1.0: 63, -1.0: 132}
Iter-0: 12.74/6.27 | Iter-1: 13.67/7.22 | Iter-2: 13.66/6.76 | Iter-3: 13.6/6.67 | Iter-4: 13.19/6.34 | 
{0.0: 2192, 1.0: 88, -1.0: 144}
Iter-0: 12.42/6.08 | Iter-1: 13.53/7.17 | Iter-2: 13.41/6.59 | Iter-3: 13.46/6.52 | Iter-4: 13.15/6.17 | 
{0.0: 2173, 1.0: 105, -1.0: 146}
Iter-0: 12.45/6.03 | Iter-1: 13.6/7.09 | Iter-2: 13.45/6.54 | Iter-3: 13.14/6.46 | Iter-4: 12.77/6.13 | 
{0.0: 2209, 1.0: 73, -1.0: 142}
Iter-0: 12.95/6.16 | Iter-1: 14.04/7.19 | Iter-2: 13.4/6.65 | Iter-3: 13.49/6.6 | Iter-4: 13.17/6.24 | 
{0.0: 2084, 1.0: 166, -1.0: 174}
Iter-0: 12.37/5.94 | Iter-1: 13.54/6.97 | Iter-2: 12.9/6.48 | Iter-3: 12.88/6.46 | Iter-4: 12.57/6.1 | 
{0.0: 2063, 1.0: 178, -1.0: 183}
Iter-0: 12.34/5.9 | Iter-1: 13.31/6.89 | Iter-2: 13.3/6.45 | Iter-3: 13.33/6.46 | Iter-4: 12.42/6.07 | 
{0.0: 2106, 1.0: 152, -1.0: 166}
Iter-0: 13.64/6.64 | Iter-1: 14.7/7.76 | Iter-2: 13.85/6.92 | Iter-3: 13.62/6.86 | Iter-4: 12.8/6.47 | 
prob_mse: 0.272501622662, running time: 100.10254693
16.0 ~~~~~~~~~~~~~~~~~~~~~~~~~~~~~~~~~~~~~~~~~~~~~~~~~~~~~~~~~~~~~~~`
dataset: facebook method: Adv-CSL, #attack_edge:10000,T:10,test_ratio: 0.3,gamma:0.2
/network/rit/lab/ceashpc/adil/data/adv_csl/Jan2/random_pgd/facebook/facebook-attackedges-10000-T-10-testratio-0.3-swap_ratio-0.01-gamma-0.2-realization-1-data-X.pkl
#Rule:372936 Nodes:8078 Edges:372936
0 Creating 10 consumers
{0.0: 2249, 1.0: 58, -1.0: 117}

{0.0: 2229, 1.0: 63, -1.0: 132}

{0.0: 2209, 1.0: 73, -1.0: 142}

{0.0: 2173, 1.0: 105, -1.0: 146}

{0.0: 2192, 1.0: 88, -1.0: 144}

{0.0: 2161, 1.0: 114, -1.0: 149}

{0.0: 2106, 1.0: 152, -1.0: 166}

{0.0: 2128, 1.0: 137, -1.0: 159}

{0.0: 2084, 1.0: 166, -1.0: 174}

{0.0: 2063, 1.0: 178, -1.0: 183}

1 Creating 10 consumers
{0.0: 2128, 1.0: 137, -1.0: 159}

{0.0: 2161, 1.0: 114, -1.0: 149}

{0.0: 2229, 1.0: 63, -1.0: 132}
Iter-0: 12.64/6.25 | Iter-1: 13.41/6.99 | Iter-2: 13.7/6.88 | Iter-3: 13.48/6.79 | Iter-4: 12.95/6.17 | 
{0.0: 2209, 1.0: 73, -1.0: 142}
Iter-0: 12.55/6.2 | Iter-1: 13.25/6.88 | Iter-2: 13.51/6.78 | Iter-3: 13.51/7.01 | Iter-4: 13.37/6.74 | 
{0.0: 2249, 1.0: 58, -1.0: 117}
Iter-0: 13.1/6.38 | Iter-1: 13.39/7.02 | Iter-2: 14.12/7.01 | Iter-3: 13.62/6.83 | Iter-4: 13.24/6.41 | 
{0.0: 2106, 1.0: 152, -1.0: 166}
Iter-0: 12.34/6.01 | Iter-1: 13.41/6.68 | Iter-2: 13.04/6.45 | Iter-3: 12.72/6.5 | Iter-4: 12.35/5.91 | 
{0.0: 2173, 1.0: 105, -1.0: 146}
Iter-0: 12.64/6.11 | Iter-1: 13.27/6.75 | Iter-2: 13.88/6.79 | Iter-3: 13.55/6.69 | Iter-4: 13.11/6.19 | 
{0.0: 2192, 1.0: 88, -1.0: 144}
Iter-0: 12.79/6.16 | Iter-1: 14.01/7.16 | Iter-2: 14.33/7.44 | Iter-3: 13.33/6.67 | Iter-4: 12.91/6.27 | 
{0.0: 2063, 1.0: 178, -1.0: 183}
Iter-0: 12.77/5.96 | Iter-1: 13.44/6.6 | Iter-2: 13.23/6.5 | Iter-3: 13.22/6.41 | Iter-4: 12.45/6.04 | 
{0.0: 2084, 1.0: 166, -1.0: 174}
Iter-0: 13.46/6.67 | Iter-1: 13.24/6.65 | Iter-2: 13.41/6.43 | Iter-3: 12.93/6.46 | Iter-4: 12.58/5.96 | 
prob_mse: 0.264216171617, running time: 96.5038039684
17.0 ~~~~~~~~~~~~~~~~~~~~~~~~~~~~~~~~~~~~~~~~~~~~~~~~~~~~~~~~~~~~~~~`
dataset: facebook method: Adv-CSL, #attack_edge:10000,T:10,test_ratio: 0.3,gamma:0.3
/network/rit/lab/ceashpc/adil/data/adv_csl/Jan2/random_pgd/facebook/facebook-attackedges-10000-T-10-testratio-0.3-swap_ratio-0.01-gamma-0.3-realization-1-data-X.pkl
#Rule:372936 Nodes:8078 Edges:372936
0 Creating 10 consumers
{0.0: 2229, 1.0: 63, -1.0: 132}

{0.0: 2249, 1.0: 58, -1.0: 117}

{0.0: 2209, 1.0: 73, -1.0: 142}

{0.0: 2192, 1.0: 88, -1.0: 144}

{0.0: 2173, 1.0: 105, -1.0: 146}

{0.0: 2161, 1.0: 114, -1.0: 149}

{0.0: 2128, 1.0: 137, -1.0: 159}

{0.0: 2106, 1.0: 152, -1.0: 166}

{0.0: 2084, 1.0: 166, -1.0: 174}

{0.0: 2063, 1.0: 178, -1.0: 183}

1 Creating 10 consumers
{0.0: 2161, 1.0: 114, -1.0: 149}

{0.0: 2128, 1.0: 137, -1.0: 159}

{0.0: 2249, 1.0: 58, -1.0: 117}
Iter-0: 13.03/6.35 | Iter-1: 13.54/6.82 | Iter-2: 13.22/6.92 | Iter-3: 12.85/6.48 | Iter-4: 12.93/6.54 | 
{0.0: 2192, 1.0: 88, -1.0: 144}
Iter-0: 12.62/6.15 | Iter-1: 12.96/6.45 | Iter-2: 13.0/6.64 | Iter-3: 12.73/6.26 | Iter-4: 13.08/6.28 | 
{0.0: 2209, 1.0: 73, -1.0: 142}
Iter-0: 12.95/6.24 | Iter-1: 13.2/6.57 | Iter-2: 13.47/6.91 | Iter-3: 13.14/6.5 | Iter-4: 13.01/6.44 | 
{0.0: 2173, 1.0: 105, -1.0: 146}
Iter-0: 12.62/6.13 | Iter-1: 13.1/6.38 | Iter-2: 13.16/6.66 | Iter-3: 12.98/6.23 | Iter-4: 12.84/6.33 | 
{0.0: 2084, 1.0: 166, -1.0: 174}
Iter-0: 12.37/6.04 | Iter-1: 12.75/6.32 | Iter-2: 12.98/6.5 | Iter-3: 12.79/6.27 | Iter-4: 12.66/6.2 | 
{0.0: 2063, 1.0: 178, -1.0: 183}
Iter-0: 12.33/5.95 | Iter-1: 12.86/6.23 | Iter-2: 12.96/6.31 | Iter-3: 12.78/6.08 | Iter-4: 12.81/6.12 | 
{0.0: 2106, 1.0: 152, -1.0: 166}
Iter-0: 12.81/6.34 | Iter-1: 13.27/6.44 | Iter-2: 13.45/6.56 | Iter-3: 12.91/6.35 | Iter-4: 12.73/6.22 | 
{0.0: 2229, 1.0: 63, -1.0: 132}
Iter-0: 13.24/6.63 | Iter-1: 14.49/7.5 | Iter-2: 14.67/7.67 | Iter-3: 14.33/7.34 | Iter-4: 13.87/7.24 | 
prob_mse: 0.248160946095, running time: 97.5561029911
18.0 ~~~~~~~~~~~~~~~~~~~~~~~~~~~~~~~~~~~~~~~~~~~~~~~~~~~~~~~~~~~~~~~`
dataset: facebook method: Adv-CSL, #attack_edge:10000,T:10,test_ratio: 0.3,gamma:0.4
/network/rit/lab/ceashpc/adil/data/adv_csl/Jan2/random_pgd/facebook/facebook-attackedges-10000-T-10-testratio-0.3-swap_ratio-0.01-gamma-0.4-realization-1-data-X.pkl
#Rule:372936 Nodes:8078 Edges:372936
0 Creating 10 consumers
{0.0: 2249, 1.0: 58, -1.0: 117}

{0.0: 2229, 1.0: 63, -1.0: 132}

{0.0: 2209, 1.0: 73, -1.0: 142}

{0.0: 2192, 1.0: 88, -1.0: 144}

{0.0: 2173, 1.0: 105, -1.0: 146}

{0.0: 2161, 1.0: 114, -1.0: 149}

{0.0: 2106, 1.0: 152, -1.0: 166}

{0.0: 2128, 1.0: 137, -1.0: 159}

{0.0: 2084, 1.0: 166, -1.0: 174}

{0.0: 2063, 1.0: 178, -1.0: 183}

1 Creating 10 consumers
{0.0: 2161, 1.0: 114, -1.0: 149}

{0.0: 2128, 1.0: 137, -1.0: 159}

{0.0: 2249, 1.0: 58, -1.0: 117}
Iter-0: 12.68/6.28 | Iter-1: 13.03/6.59 | Iter-2: 13.57/6.67 | Iter-3: 13.21/6.35 | Iter-4: 12.96/6.41 | 
{0.0: 2209, 1.0: 73, -1.0: 142}
Iter-0: 12.58/6.16 | Iter-1: 12.87/6.43 | Iter-2: 13.0/6.52 | Iter-3: 12.83/6.31 | Iter-4: 12.98/6.34 | 
{0.0: 2229, 1.0: 63, -1.0: 132}
Iter-0: 13.07/6.56 | Iter-1: 13.33/6.53 | Iter-2: 13.42/6.6 | Iter-3: 13.23/6.39 | Iter-4: 13.17/6.41 | 
{0.0: 2192, 1.0: 88, -1.0: 144}
Iter-0: 12.93/6.07 | Iter-1: 13.19/6.3 | Iter-2: 13.32/6.48 | Iter-3: 13.19/6.23 | Iter-4: 13.13/6.24 | 
{0.0: 2173, 1.0: 105, -1.0: 146}
Iter-0: 12.62/6.15 | Iter-1: 13.24/6.42 | Iter-2: 13.31/6.5 | Iter-3: 13.0/6.19 | Iter-4: 13.0/6.22 | 
{0.0: 2106, 1.0: 152, -1.0: 166}
Iter-0: 12.81/6.03 | Iter-1: 13.18/6.38 | Iter-2: 13.15/6.36 | Iter-3: 12.93/6.14 | Iter-4: 12.89/6.16 | 
{0.0: 2084, 1.0: 166, -1.0: 174}
Iter-0: 12.38/5.94 | Iter-1: 13.71/6.67 | Iter-2: 13.18/6.72 | Iter-3: 12.48/6.04 | Iter-4: 12.64/6.08 | 
{0.0: 2063, 1.0: 178, -1.0: 183}
Iter-0: 12.3/5.89 | Iter-1: 12.57/6.13 | Iter-2: 13.12/6.2 | Iter-3: 13.92/6.79 | Iter-4: 13.4/6.74 | 
prob_mse: 0.242729070407, running time: 97.4296400547
19.0 ~~~~~~~~~~~~~~~~~~~~~~~~~~~~~~~~~~~~~~~~~~~~~~~~~~~~~~~~~~~~~~~`
dataset: facebook method: Adv-CSL, #attack_edge:10000,T:10,test_ratio: 0.3,gamma:0.5
/network/rit/lab/ceashpc/adil/data/adv_csl/Jan2/random_pgd/facebook/facebook-attackedges-10000-T-10-testratio-0.3-swap_ratio-0.01-gamma-0.5-realization-1-data-X.pkl
#Rule:372936 Nodes:8078 Edges:372936
0 Creating 10 consumers
{0.0: 1210, -1.0: 1214}

{0.0: 1198, -1.0: 1226}

{0.0: 1195, -1.0: 1229}

{0.0: 1205, -1.0: 1219}

{0.0: 1218, -1.0: 1206}

{0.0: 1225, -1.0: 1199}

{0.0: 1240, -1.0: 1184}

{0.0: 1244, -1.0: 1180}

{0.0: 1248, -1.0: 1176}

{0.0: 1250, -1.0: 1174}

1 Creating 10 consumers
{0.0: 1210, -1.0: 1214}

{0.0: 1198, -1.0: 1226}

{0.0: 1205, -1.0: 1219}

{0.0: 1218, -1.0: 1206}

{0.0: 1195, -1.0: 1229}

{0.0: 1225, -1.0: 1199}

{0.0: 1240, -1.0: 1184}

{0.0: 1244, -1.0: 1180}

{0.0: 1248, -1.0: 1176}

{0.0: 1250, -1.0: 1174}

prob_mse: 0.412773817382, running time: 44.9863839149
20.0 ~~~~~~~~~~~~~~~~~~~~~~~~~~~~~~~~~~~~~~~~~~~~~~~~~~~~~~~~~~~~~~~`
dataset: facebook method: Adv-CSL, #attack_edge:10000,T:10,test_ratio: 0.3,gamma:0.0
/network/rit/lab/ceashpc/adil/data/adv_csl/Jan2/random_pgd/facebook/facebook-attackedges-10000-T-10-testratio-0.3-swap_ratio-0.01-gamma-0.0-realization-2-data-X.pkl
#Rule:372936 Nodes:8078 Edges:372936
0 Creating 10 consumers
{0.0: 2245, 1.0: 58, -1.0: 121}

{0.0: 2227, 1.0: 68, -1.0: 129}

{0.0: 2205, 1.0: 78, -1.0: 141}

{0.0: 2168, 1.0: 93, -1.0: 163}

{0.0: 2185, 1.0: 88, -1.0: 151}

{0.0: 2149, 1.0: 104, -1.0: 171}

{0.0: 2127, 1.0: 112, -1.0: 185}

{0.0: 2108, 1.0: 121, -1.0: 195}

{0.0: 2094, 1.0: 127, -1.0: 203}

{0.0: 2074, 1.0: 137, -1.0: 213}

1 Creating 10 consumers
{0.0: 2185, 1.0: 88, -1.0: 151}

{0.0: 2149, 1.0: 104, -1.0: 171}

{0.0: 2168, 1.0: 93, -1.0: 163}

{0.0: 2245, 1.0: 58, -1.0: 121}
Iter-0: 10.2/3.5 | Iter-1: 12.08/5.64 | Iter-2: 10.8/4.35 | 
{0.0: 2227, 1.0: 68, -1.0: 129}
Iter-0: 10.36/3.73 | Iter-1: 12.29/5.66 | Iter-2: 10.97/4.33 | 
{0.0: 2205, 1.0: 78, -1.0: 141}
Iter-0: 10.08/3.49 | Iter-1: 12.28/5.65 | Iter-2: 11.0/4.36 | 
{0.0: 2108, 1.0: 121, -1.0: 195}
Iter-0: 9.86/3.48 | Iter-1: 11.92/5.5 | Iter-2: 10.7/4.3 | 
{0.0: 2127, 1.0: 112, -1.0: 185}
Iter-0: 10.04/3.48 | Iter-1: 11.99/5.55 | Iter-2: 10.75/4.32 | 
{0.0: 2094, 1.0: 127, -1.0: 203}
Iter-0: 9.8/3.46 | Iter-1: 11.94/5.5 | Iter-2: 10.72/4.29 | 
{0.0: 2074, 1.0: 137, -1.0: 213}
Iter-0: 10.23/3.46 | Iter-1: 12.3/5.51 | Iter-2: 11.1/4.3 | 
prob_mse: 0.0918372387239, running time: 73.2620391846
21.0 ~~~~~~~~~~~~~~~~~~~~~~~~~~~~~~~~~~~~~~~~~~~~~~~~~~~~~~~~~~~~~~~`
dataset: facebook method: Adv-CSL, #attack_edge:10000,T:10,test_ratio: 0.3,gamma:0.01
/network/rit/lab/ceashpc/adil/data/adv_csl/Jan2/random_pgd/facebook/facebook-attackedges-10000-T-10-testratio-0.3-swap_ratio-0.01-gamma-0.01-realization-2-data-X.pkl
#Rule:372936 Nodes:8078 Edges:372936
0 Creating 10 consumers
{0.0: 2227, 1.0: 68, -1.0: 129}

{0.0: 2245, 1.0: 58, -1.0: 121}

{0.0: 2185, 1.0: 88, -1.0: 151}

{0.0: 2205, 1.0: 78, -1.0: 141}

{0.0: 2168, 1.0: 93, -1.0: 163}

{0.0: 2149, 1.0: 104, -1.0: 171}

{0.0: 2127, 1.0: 112, -1.0: 185}

{0.0: 2094, 1.0: 127, -1.0: 203}

{0.0: 2108, 1.0: 121, -1.0: 195}

{0.0: 2074, 1.0: 137, -1.0: 213}

1 Creating 10 consumers
{0.0: 2185, 1.0: 88, -1.0: 151}

{0.0: 2168, 1.0: 93, -1.0: 163}

{0.0: 2149, 1.0: 104, -1.0: 171}

{0.0: 2227, 1.0: 68, -1.0: 129}
Iter-0: 12.88/6.21 | Iter-1: 13.66/6.95 | Iter-2: 13.08/6.22 | Iter-3: 12.41/5.86 | Iter-4: 12.23/5.65 | 
{0.0: 2205, 1.0: 78, -1.0: 141}
Iter-0: 12.84/6.2 | Iter-1: 13.53/6.86 | Iter-2: 13.07/6.26 | Iter-3: 12.38/5.82 | Iter-4: 12.19/5.61 | 
{0.0: 2108, 1.0: 121, -1.0: 195}
Iter-0: 12.32/5.99 | Iter-1: 13.0/6.65 | Iter-2: 12.58/6.16 | Iter-3: 11.97/5.68 | Iter-4: 11.85/5.55 | 
{0.0: 2127, 1.0: 112, -1.0: 185}
Iter-0: 12.51/6.08 | Iter-1: 13.12/6.69 | Iter-2: 12.9/6.27 | Iter-3: 12.34/5.88 | Iter-4: 12.15/5.71 | 
{0.0: 2094, 1.0: 127, -1.0: 203}
Iter-0: 12.45/6.02 | Iter-1: 13.14/6.63 | Iter-2: 12.95/6.26 | Iter-3: 12.41/5.89 | Iter-4: 12.17/5.67 | 
{0.0: 2074, 1.0: 137, -1.0: 213}
Iter-0: 12.36/5.97 | Iter-1: 13.08/6.6 | Iter-2: 12.88/6.22 | Iter-3: 12.34/5.85 | Iter-4: 12.12/5.62 | 
{0.0: 2245, 1.0: 58, -1.0: 121}
Iter-0: 12.9/6.29 | Iter-1: 14.06/6.99 | Iter-2: 14.48/7.13 | Iter-3: 13.93/6.75 | Iter-4: 13.3/6.47 | 
prob_mse: 0.251083030803, running time: 95.1909511089
22.0 ~~~~~~~~~~~~~~~~~~~~~~~~~~~~~~~~~~~~~~~~~~~~~~~~~~~~~~~~~~~~~~~`
dataset: facebook method: Adv-CSL, #attack_edge:10000,T:10,test_ratio: 0.3,gamma:0.03
/network/rit/lab/ceashpc/adil/data/adv_csl/Jan2/random_pgd/facebook/facebook-attackedges-10000-T-10-testratio-0.3-swap_ratio-0.01-gamma-0.03-realization-2-data-X.pkl
#Rule:372936 Nodes:8078 Edges:372936
0 Creating 10 consumers
{0.0: 2227, 1.0: 68, -1.0: 129}

{0.0: 2245, 1.0: 58, -1.0: 121}

{0.0: 2205, 1.0: 78, -1.0: 141}

{0.0: 2185, 1.0: 88, -1.0: 151}

{0.0: 2168, 1.0: 93, -1.0: 163}

{0.0: 2149, 1.0: 104, -1.0: 171}

{0.0: 2127, 1.0: 112, -1.0: 185}

{0.0: 2108, 1.0: 121, -1.0: 195}

{0.0: 2074, 1.0: 137, -1.0: 213}

{0.0: 2094, 1.0: 127, -1.0: 203}

1 Creating 10 consumers
{0.0: 2185, 1.0: 88, -1.0: 151}

{0.0: 2168, 1.0: 93, -1.0: 163}

{0.0: 2149, 1.0: 104, -1.0: 171}

{0.0: 2227, 1.0: 68, -1.0: 129}
Iter-0: 12.64/6.17 | Iter-1: 13.76/7.23 | Iter-2: 13.14/6.59 | Iter-3: 12.62/6.11 | Iter-4: 12.51/5.99 | 
{0.0: 2205, 1.0: 78, -1.0: 141}
Iter-0: 12.57/6.17 | Iter-1: 13.55/7.11 | Iter-2: 13.13/6.65 | Iter-3: 12.64/6.16 | Iter-4: 12.47/5.98 | 
{0.0: 2245, 1.0: 58, -1.0: 121}
Iter-0: 12.7/6.27 | Iter-1: 14.15/7.22 | Iter-2: 13.72/6.72 | Iter-3: 13.09/6.15 | Iter-4: 13.03/6.07 | 
{0.0: 2127, 1.0: 112, -1.0: 185}
Iter-0: 12.89/6.07 | Iter-1: 13.81/6.98 | Iter-2: 13.37/6.56 | Iter-3: 12.89/6.05 | Iter-4: 12.77/6.0 | 
{0.0: 2108, 1.0: 121, -1.0: 195}
Iter-0: 13.44/6.65 | Iter-1: 13.66/6.85 | Iter-2: 13.31/6.52 | Iter-3: 12.8/6.02 | Iter-4: 12.49/5.93 | 
{0.0: 2074, 1.0: 137, -1.0: 213}
Iter-0: 12.75/5.91 | Iter-1: 13.71/6.76 | Iter-2: 13.41/6.48 | Iter-3: 12.98/6.04 | Iter-4: 12.73/5.94 | 
{0.0: 2094, 1.0: 127, -1.0: 203}
