

--------------------------------------------------
--------------------------------------------------

-------------------Mon, 21 Jan 2019 03:05:25 PM EST---------------------

0 ~~~~~~~~~~~~~~~~~~~~~~~~~~~~~~~~~~~~~~~~~~~~~~~~~~~~~~~~~~~~~~~`
dataset: facebook method: Adv-CSL, #attack_edge:10000,T:10,test_ratio: 0.3,gamma:0.0
/network/rit/lab/ceashpc/adil/data/adv_csl/Jan2/random_pgd/facebook/facebook-attackedges-10000-T-10-testratio-0.3-swap_ratio-0.01-gamma-0.0-realization-5-data-X.pkl
#Rule:372936 Nodes:8078 Edges:372936
0 Creating 10 consumers
{0.0: 2212, 1.0: 78, -1.0: 134}

{0.0: 2189, 1.0: 87, -1.0: 148}

{0.0: 2234, 1.0: 67, -1.0: 123}

{0.0: 2168, 1.0: 98, -1.0: 158}

{0.0: 2151, 1.0: 106, -1.0: 167}

{0.0: 2134, 1.0: 118, -1.0: 172}

{0.0: 2122, 1.0: 123, -1.0: 179}

{0.0: 2102, 1.0: 130, -1.0: 192}

{0.0: 2077, 1.0: 140, -1.0: 207}

{0.0: 2065, 1.0: 149, -1.0: 210}

1 Creating 10 consumers
{0.0: 2168, 1.0: 98, -1.0: 158}

{0.0: 2151, 1.0: 106, -1.0: 167}

{0.0: 2212, 1.0: 78, -1.0: 134}
Iter-0: 9.87/3.45 | Iter-1: 11.82/5.5 | Iter-2: 10.46/4.18 | 
{0.0: 2234, 1.0: 67, -1.0: 123}
Iter-0: 10.17/3.5 | Iter-1: 12.09/5.52 | Iter-2: 10.72/4.19 | 
{0.0: 2189, 1.0: 87, -1.0: 148}
Iter-0: 10.2/3.49 | Iter-1: 12.33/5.59 | Iter-2: 10.97/4.27 | 
{0.0: 2134, 1.0: 118, -1.0: 172}
Iter-0: 10.09/3.46 | Iter-1: 11.9/5.43 | Iter-2: 10.56/4.14 | 
{0.0: 2122, 1.0: 123, -1.0: 179}
Iter-0: 9.91/3.48 | Iter-1: 12.01/5.53 | Iter-2: 10.69/4.26 | 
{0.0: 2102, 1.0: 130, -1.0: 192}
Iter-0: 9.89/3.46 | Iter-1: 11.89/5.47 | Iter-2: 10.62/4.22 | 
{0.0: 2065, 1.0: 149, -1.0: 210}
Iter-0: 9.99/3.46 | Iter-1: 12.08/5.36 | Iter-2: 10.84/4.14 | 
{0.0: 2077, 1.0: 140, -1.0: 207}
Iter-0: 10.45/3.84 | Iter-1: 12.69/6.07 | Iter-2: 11.29/4.69 | 
prob_mse: 0.0957908415842, running time: 73.0899758339
1.0 ~~~~~~~~~~~~~~~~~~~~~~~~~~~~~~~~~~~~~~~~~~~~~~~~~~~~~~~~~~~~~~~`
dataset: facebook method: Adv-CSL, #attack_edge:10000,T:10,test_ratio: 0.3,gamma:0.01
/network/rit/lab/ceashpc/adil/data/adv_csl/Jan2/random_pgd/facebook/facebook-attackedges-10000-T-10-testratio-0.3-swap_ratio-0.01-gamma-0.01-realization-5-data-X.pkl
#Rule:372936 Nodes:8078 Edges:372936
0 Creating 10 consumers
{0.0: 2212, 1.0: 78, -1.0: 134}

{0.0: 2234, 1.0: 67, -1.0: 123}

{0.0: 2189, 1.0: 87, -1.0: 148}

{0.0: 2168, 1.0: 98, -1.0: 158}

{0.0: 2151, 1.0: 106, -1.0: 167}

{0.0: 2134, 1.0: 118, -1.0: 172}

{0.0: 2122, 1.0: 123, -1.0: 179}

{0.0: 2102, 1.0: 130, -1.0: 192}

{0.0: 2077, 1.0: 140, -1.0: 207}

{0.0: 2065, 1.0: 149, -1.0: 210}

1 Creating 10 consumers
{0.0: 2151, 1.0: 106, -1.0: 167}

{0.0: 2168, 1.0: 98, -1.0: 158}

{0.0: 2189, 1.0: 87, -1.0: 148}
Iter-0: 12.56/6.18 | Iter-1: 13.04/6.73 | Iter-2: 12.47/6.14 | Iter-3: 12.15/5.83 | Iter-4: 11.88/5.56 | 
{0.0: 2234, 1.0: 67, -1.0: 123}
Iter-0: 12.76/6.22 | Iter-1: 13.3/6.87 | Iter-2: 12.65/6.18 | Iter-3: 12.37/5.9 | Iter-4: 12.11/5.64 | 
{0.0: 2134, 1.0: 118, -1.0: 172}
Iter-0: 12.45/6.07 | Iter-1: 13.16/6.71 | Iter-2: 12.69/6.26 | Iter-3: 12.37/5.97 | Iter-4: 12.05/5.66 | 
{0.0: 2212, 1.0: 78, -1.0: 134}
Iter-0: 13.07/6.18 | Iter-1: 13.65/6.88 | Iter-2: 12.99/6.21 | Iter-3: 12.64/5.92 | Iter-4: 12.42/5.69 | 
{0.0: 2077, 1.0: 140, -1.0: 207}
Iter-0: 12.34/5.91 | Iter-1: 13.09/6.59 | Iter-2: 12.63/6.14 | Iter-3: 12.34/5.88 | Iter-4: 11.88/5.56 | 
{0.0: 2102, 1.0: 130, -1.0: 192}
Iter-0: 12.42/5.91 | Iter-1: 13.21/6.49 | Iter-2: 12.75/6.01 | Iter-3: 12.43/5.76 | Iter-4: 12.3/5.52 | 
{0.0: 2065, 1.0: 149, -1.0: 210}
Iter-0: 12.31/5.89 | Iter-1: 13.06/6.54 | Iter-2: 12.62/6.12 | Iter-3: 12.32/5.86 | Iter-4: 11.83/5.54 | 
{0.0: 2122, 1.0: 123, -1.0: 179}
Iter-0: 13.04/6.01 | Iter-1: 13.83/7.29 | Iter-2: 12.74/6.21 | Iter-3: 12.41/5.9 | Iter-4: 12.22/5.61 | 
prob_mse: 0.276730335534, running time: 92.4817230701
2.0 ~~~~~~~~~~~~~~~~~~~~~~~~~~~~~~~~~~~~~~~~~~~~~~~~~~~~~~~~~~~~~~~`
dataset: facebook method: Adv-CSL, #attack_edge:10000,T:10,test_ratio: 0.3,gamma:0.03
/network/rit/lab/ceashpc/adil/data/adv_csl/Jan2/random_pgd/facebook/facebook-attackedges-10000-T-10-testratio-0.3-swap_ratio-0.01-gamma-0.03-realization-5-data-X.pkl
#Rule:372936 Nodes:8078 Edges:372936
0 Creating 10 consumers
{0.0: 2234, 1.0: 67, -1.0: 123}

{0.0: 2189, 1.0: 87, -1.0: 148}

{0.0: 2212, 1.0: 78, -1.0: 134}

{0.0: 2168, 1.0: 98, -1.0: 158}

{0.0: 2134, 1.0: 118, -1.0: 172}

{0.0: 2122, 1.0: 123, -1.0: 179}

{0.0: 2102, 1.0: 130, -1.0: 192}

{0.0: 2151, 1.0: 106, -1.0: 167}

{0.0: 2077, 1.0: 140, -1.0: 207}

{0.0: 2065, 1.0: 149, -1.0: 210}

1 Creating 10 consumers
{0.0: 2168, 1.0: 98, -1.0: 158}

{0.0: 2151, 1.0: 106, -1.0: 167}

{0.0: 2212, 1.0: 78, -1.0: 134}
Iter-0: 12.5/6.14 | Iter-1: 13.59/7.16 | Iter-2: 12.93/6.58 | Iter-3: 12.23/6.01 | Iter-4: 12.11/5.9 | 
{0.0: 2234, 1.0: 67, -1.0: 123}
Iter-0: 12.97/6.26 | Iter-1: 13.61/7.13 | Iter-2: 13.04/6.57 | Iter-3: 12.71/6.17 | Iter-4: 12.59/6.09 | 
{0.0: 2122, 1.0: 123, -1.0: 179}
Iter-0: 12.48/6.04 | Iter-1: 13.42/6.93 | Iter-2: 12.86/6.52 | Iter-3: 12.2/5.92 | Iter-4: 12.1/5.82 | 
{0.0: 2077, 1.0: 140, -1.0: 207}
Iter-0: 12.29/5.91 | Iter-1: 13.3/6.83 | Iter-2: 12.74/6.42 | Iter-3: 12.1/5.85 | Iter-4: 12.01/5.73 | 
{0.0: 2065, 1.0: 149, -1.0: 210}
Iter-0: 12.29/5.89 | Iter-1: 12.97/6.63 | Iter-2: 12.68/6.26 | Iter-3: 12.3/5.9 | Iter-4: 12.15/5.83 | 
{0.0: 2134, 1.0: 118, -1.0: 172}
Iter-0: 12.88/6.07 | Iter-1: 13.48/6.79 | Iter-2: 13.13/6.42 | Iter-3: 12.8/6.02 | Iter-4: 12.57/5.94 | 
{0.0: 2102, 1.0: 130, -1.0: 192}
Iter-0: 12.43/5.94 | Iter-1: 13.54/6.75 | Iter-2: 13.15/6.32 | Iter-3: 12.89/6.03 | Iter-4: 12.5/5.95 | 
{0.0: 2189, 1.0: 87, -1.0: 148}
Iter-0: 13.68/6.74 | Iter-1: 15.05/7.98 | Iter-2: 14.13/7.35 | Iter-3: 13.43/6.7 | Iter-4: 12.85/6.57 | 
prob_mse: 0.274598707371, running time: 96.163572073
3.0 ~~~~~~~~~~~~~~~~~~~~~~~~~~~~~~~~~~~~~~~~~~~~~~~~~~~~~~~~~~~~~~~`
dataset: facebook method: Adv-CSL, #attack_edge:10000,T:10,test_ratio: 0.3,gamma:0.05
/network/rit/lab/ceashpc/adil/data/adv_csl/Jan2/random_pgd/facebook/facebook-attackedges-10000-T-10-testratio-0.3-swap_ratio-0.01-gamma-0.05-realization-5-data-X.pkl
#Rule:372936 Nodes:8078 Edges:372936
0 Creating 10 consumers
{0.0: 2234, 1.0: 67, -1.0: 123}

{0.0: 2212, 1.0: 78, -1.0: 134}

{0.0: 2189, 1.0: 87, -1.0: 148}

{0.0: 2168, 1.0: 98, -1.0: 158}

{0.0: 2134, 1.0: 118, -1.0: 172}

{0.0: 2151, 1.0: 106, -1.0: 167}

{0.0: 2102, 1.0: 130, -1.0: 192}

{0.0: 2122, 1.0: 123, -1.0: 179}

{0.0: 2077, 1.0: 140, -1.0: 207}

{0.0: 2065, 1.0: 149, -1.0: 210}

1 Creating 10 consumers
{0.0: 2168, 1.0: 98, -1.0: 158}

{0.0: 2151, 1.0: 106, -1.0: 167}

{0.0: 2189, 1.0: 87, -1.0: 148}
Iter-0: 12.5/6.17 | Iter-1: 13.39/7.03 | Iter-2: 12.68/6.5 | Iter-3: 12.42/6.23 | Iter-4: 12.22/6.03 | 
{0.0: 2122, 1.0: 123, -1.0: 179}
Iter-0: 12.32/6.0 | Iter-1: 13.05/6.68 | Iter-2: 12.57/6.38 | Iter-3: 12.26/6.06 | Iter-4: 12.09/5.89 | 
{0.0: 2134, 1.0: 118, -1.0: 172}
Iter-0: 12.41/6.08 | Iter-1: 13.18/6.8 | Iter-2: 12.66/6.46 | Iter-3: 12.36/6.16 | Iter-4: 12.17/5.97 | 
{0.0: 2212, 1.0: 78, -1.0: 134}
Iter-0: 12.71/6.17 | Iter-1: 13.97/7.24 | Iter-2: 13.23/6.69 | Iter-3: 12.94/6.41 | Iter-4: 12.75/6.19 | 
{0.0: 2102, 1.0: 130, -1.0: 192}
Iter-0: 12.31/5.97 | Iter-1: 13.48/6.95 | Iter-2: 12.9/6.56 | Iter-3: 12.65/6.31 | Iter-4: 12.45/6.05 | 
{0.0: 2077, 1.0: 140, -1.0: 207}
Iter-0: 12.31/5.94 | Iter-1: 13.41/6.85 | Iter-2: 12.89/6.51 | Iter-3: 12.58/6.2 | Iter-4: 12.37/6.01 | 
{0.0: 2065, 1.0: 149, -1.0: 210}
Iter-0: 12.31/5.91 | Iter-1: 13.37/6.81 | Iter-2: 12.9/6.51 | Iter-3: 12.58/6.2 | Iter-4: 12.38/6.02 | 
{0.0: 2234, 1.0: 67, -1.0: 123}
Iter-0: 13.6/6.85 | Iter-1: 14.8/7.94 | Iter-2: 13.99/7.38 | Iter-3: 13.65/7.06 | Iter-4: 13.25/6.82 | 
prob_mse: 0.272089081408, running time: 95.3956189156
4.0 ~~~~~~~~~~~~~~~~~~~~~~~~~~~~~~~~~~~~~~~~~~~~~~~~~~~~~~~~~~~~~~~`
dataset: facebook method: Adv-CSL, #attack_edge:10000,T:10,test_ratio: 0.3,gamma:0.07
/network/rit/lab/ceashpc/adil/data/adv_csl/Jan2/random_pgd/facebook/facebook-attackedges-10000-T-10-testratio-0.3-swap_ratio-0.01-gamma-0.07-realization-5-data-X.pkl
#Rule:372936 Nodes:8078 Edges:372936
0 Creating 10 consumers
{0.0: 2212, 1.0: 78, -1.0: 134}

{0.0: 2234, 1.0: 67, -1.0: 123}

{0.0: 2168, 1.0: 98, -1.0: 158}

{0.0: 2189, 1.0: 87, -1.0: 148}

{0.0: 2134, 1.0: 118, -1.0: 172}

{0.0: 2151, 1.0: 106, -1.0: 167}

{0.0: 2122, 1.0: 123, -1.0: 179}

{0.0: 2102, 1.0: 130, -1.0: 192}

{0.0: 2077, 1.0: 140, -1.0: 207}

{0.0: 2065, 1.0: 149, -1.0: 210}

1 Creating 10 consumers
{0.0: 2168, 1.0: 98, -1.0: 158}

{0.0: 2151, 1.0: 106, -1.0: 167}

{0.0: 2234, 1.0: 67, -1.0: 123}
Iter-0: 13.0/6.32 | Iter-1: 13.82/7.25 | Iter-2: 13.31/6.75 | Iter-3: 13.11/6.61 | Iter-4: 12.83/6.33 | 
{0.0: 2189, 1.0: 87, -1.0: 148}
Iter-0: 12.89/6.24 | Iter-1: 13.63/7.06 | Iter-2: 13.16/6.58 | Iter-3: 12.93/6.42 | Iter-4: 12.62/6.08 | 
{0.0: 2212, 1.0: 78, -1.0: 134}
Iter-0: 13.06/6.25 | Iter-1: 13.85/7.14 | Iter-2: 13.32/6.6 | Iter-3: 13.1/6.43 | Iter-4: 12.79/6.08 | 
{0.0: 2134, 1.0: 118, -1.0: 172}
Iter-0: 12.57/6.15 | Iter-1: 13.52/7.06 | Iter-2: 13.14/6.67 | Iter-3: 12.95/6.51 | Iter-4: 12.59/6.2 | 
{0.0: 2077, 1.0: 140, -1.0: 207}
Iter-0: 12.48/6.06 | Iter-1: 13.15/6.79 | Iter-2: 12.87/6.48 | Iter-3: 12.55/6.24 | Iter-4: 12.28/5.94 | 
{0.0: 2122, 1.0: 123, -1.0: 179}
Iter-0: 12.59/6.13 | Iter-1: 13.5/6.99 | Iter-2: 13.15/6.64 | Iter-3: 12.96/6.46 | Iter-4: 12.66/6.17 | 
{0.0: 2065, 1.0: 149, -1.0: 210}
Iter-0: 12.49/6.0 | Iter-1: 13.48/6.95 | Iter-2: 13.15/6.6 | Iter-3: 12.96/6.44 | Iter-4: 12.44/6.13 | 
{0.0: 2102, 1.0: 130, -1.0: 192}
Iter-0: 12.45/6.03 | Iter-1: 13.49/7.0 | Iter-2: 13.07/6.56 | Iter-3: 12.92/6.43 | Iter-4: 14.06/7.71 | 
prob_mse: 0.2712639989, running time: 95.6038370132
5.0 ~~~~~~~~~~~~~~~~~~~~~~~~~~~~~~~~~~~~~~~~~~~~~~~~~~~~~~~~~~~~~~~`
dataset: facebook method: Adv-CSL, #attack_edge:10000,T:10,test_ratio: 0.3,gamma:0.09
/network/rit/lab/ceashpc/adil/data/adv_csl/Jan2/random_pgd/facebook/facebook-attackedges-10000-T-10-testratio-0.3-swap_ratio-0.01-gamma-0.09-realization-5-data-X.pkl
#Rule:372936 Nodes:8078 Edges:372936
0 Creating 10 consumers
{0.0: 2234, 1.0: 67, -1.0: 123}

{0.0: 2189, 1.0: 87, -1.0: 148}

{0.0: 2212, 1.0: 78, -1.0: 134}

{0.0: 2168, 1.0: 98, -1.0: 158}

{0.0: 2151, 1.0: 106, -1.0: 167}

{0.0: 2134, 1.0: 118, -1.0: 172}

{0.0: 2122, 1.0: 123, -1.0: 179}

{0.0: 2077, 1.0: 140, -1.0: 207}

{0.0: 2065, 1.0: 149, -1.0: 210}

{0.0: 2102, 1.0: 130, -1.0: 192}

1 Creating 10 consumers
{0.0: 2168, 1.0: 98, -1.0: 158}

{0.0: 2151, 1.0: 106, -1.0: 167}

{0.0: 2189, 1.0: 87, -1.0: 148}
Iter-0: 12.51/6.12 | Iter-1: 13.54/7.15 | Iter-2: 13.0/6.6 | Iter-3: 13.06/6.64 | Iter-4: 12.66/6.22 | 
{0.0: 2134, 1.0: 118, -1.0: 172}
Iter-0: 12.45/6.04 | Iter-1: 13.2/6.85 | Iter-2: 12.65/6.38 | Iter-3: 12.61/6.33 | Iter-4: 12.32/5.96 | 
{0.0: 2212, 1.0: 78, -1.0: 134}
Iter-0: 12.53/6.13 | Iter-1: 13.83/7.12 | Iter-2: 13.12/6.45 | Iter-3: 13.14/6.44 | Iter-4: 12.88/6.06 | 
{0.0: 2102, 1.0: 130, -1.0: 192}
Iter-0: 12.37/5.94 | Iter-1: 13.11/6.81 | Iter-2: 12.58/6.28 | Iter-3: 12.59/6.28 | Iter-4: 12.28/5.91 | 
{0.0: 2122, 1.0: 123, -1.0: 179}
Iter-0: 12.43/6.01 | Iter-1: 13.34/6.91 | Iter-2: 12.98/6.49 | Iter-3: 12.93/6.48 | Iter-4: 12.64/6.13 | 
{0.0: 2077, 1.0: 140, -1.0: 207}
Iter-0: 12.38/5.93 | Iter-1: 13.35/6.88 | Iter-2: 12.95/6.44 | Iter-3: 12.96/6.43 | Iter-4: 12.48/6.07 | 
{0.0: 2234, 1.0: 67, -1.0: 123}
Iter-0: 13.61/6.99 | Iter-1: 14.48/7.93 | Iter-2: 13.81/7.28 | Iter-3: 13.73/7.26 | Iter-4: 13.26/6.87 | 
{0.0: 2065, 1.0: 149, -1.0: 210}
Iter-0: 12.43/5.92 | Iter-1: 13.4/6.86 | Iter-2: 13.03/6.46 | Iter-3: 13.0/6.44 | Iter-4: 12.47/6.08 | 
prob_mse: 0.269820187019, running time: 95.0277190208
6.0 ~~~~~~~~~~~~~~~~~~~~~~~~~~~~~~~~~~~~~~~~~~~~~~~~~~~~~~~~~~~~~~~`
dataset: facebook method: Adv-CSL, #attack_edge:10000,T:10,test_ratio: 0.3,gamma:0.2
/network/rit/lab/ceashpc/adil/data/adv_csl/Jan2/random_pgd/facebook/facebook-attackedges-10000-T-10-testratio-0.3-swap_ratio-0.01-gamma-0.2-realization-5-data-X.pkl
#Rule:372936 Nodes:8078 Edges:372936
0 Creating 10 consumers
{0.0: 2189, 1.0: 87, -1.0: 148}

{0.0: 2212, 1.0: 78, -1.0: 134}

{0.0: 2234, 1.0: 67, -1.0: 123}

{0.0: 2168, 1.0: 98, -1.0: 158}

{0.0: 2151, 1.0: 106, -1.0: 167}

{0.0: 2134, 1.0: 118, -1.0: 172}

{0.0: 2102, 1.0: 130, -1.0: 192}

{0.0: 2122, 1.0: 123, -1.0: 179}

{0.0: 2077, 1.0: 140, -1.0: 207}

{0.0: 2065, 1.0: 149, -1.0: 210}

1 Creating 10 consumers
{0.0: 2168, 1.0: 98, -1.0: 158}

{0.0: 2151, 1.0: 106, -1.0: 167}

{0.0: 2234, 1.0: 67, -1.0: 123}
Iter-0: 12.67/6.31 | Iter-1: 13.55/6.9 | Iter-2: 13.61/6.76 | Iter-3: 13.23/6.61 | Iter-4: 12.84/6.21 | 
{0.0: 2134, 1.0: 118, -1.0: 172}
Iter-0: 12.41/6.07 | Iter-1: 13.07/6.7 | Iter-2: 13.24/6.66 | Iter-3: 12.95/6.54 | Iter-4: 12.55/6.16 | 
{0.0: 2122, 1.0: 123, -1.0: 179}
Iter-0: 12.64/6.06 | Iter-1: 12.95/6.51 | Iter-2: 13.12/6.43 | Iter-3: 12.78/6.33 | Iter-4: 12.44/5.96 | 
{0.0: 2102, 1.0: 130, -1.0: 192}
Iter-0: 12.34/5.97 | Iter-1: 13.0/6.59 | Iter-2: 13.19/6.59 | Iter-3: 12.93/6.5 | Iter-4: 12.52/6.1 | 
{0.0: 2065, 1.0: 149, -1.0: 210}
Iter-0: 12.39/5.94 | Iter-1: 12.74/6.37 | Iter-2: 12.9/6.31 | Iter-3: 12.66/6.25 | Iter-4: 12.3/5.86 | 
{0.0: 2077, 1.0: 140, -1.0: 207}
Iter-0: 12.33/5.95 | Iter-1: 12.98/6.56 | Iter-2: 13.12/6.51 | Iter-3: 12.88/6.44 | Iter-4: 12.51/6.06 | 
{0.0: 2189, 1.0: 87, -1.0: 148}
Iter-0: 13.01/6.16 | Iter-1: 13.75/6.87 | Iter-2: 14.08/6.88 | Iter-3: 13.73/6.72 | Iter-4: 13.27/6.31 | 
{0.0: 2212, 1.0: 78, -1.0: 134}
Iter-0: 13.52/6.82 | Iter-1: 13.99/7.46 | Iter-2: 14.18/7.37 | Iter-3: 13.81/7.22 | Iter-4: 13.28/6.76 | 
prob_mse: 0.261912568757, running time: 95.3403141499
7.0 ~~~~~~~~~~~~~~~~~~~~~~~~~~~~~~~~~~~~~~~~~~~~~~~~~~~~~~~~~~~~~~~`
dataset: facebook method: Adv-CSL, #attack_edge:10000,T:10,test_ratio: 0.3,gamma:0.3
/network/rit/lab/ceashpc/adil/data/adv_csl/Jan2/random_pgd/facebook/facebook-attackedges-10000-T-10-testratio-0.3-swap_ratio-0.01-gamma-0.3-realization-5-data-X.pkl
#Rule:372936 Nodes:8078 Edges:372936
0 Creating 10 consumers
{0.0: 2234, 1.0: 67, -1.0: 123}

{0.0: 2189, 1.0: 87, -1.0: 148}

{0.0: 2212, 1.0: 78, -1.0: 134}

{0.0: 2168, 1.0: 98, -1.0: 158}

{0.0: 2151, 1.0: 106, -1.0: 167}

{0.0: 2134, 1.0: 118, -1.0: 172}

{0.0: 2122, 1.0: 123, -1.0: 179}

{0.0: 2102, 1.0: 130, -1.0: 192}

{0.0: 2077, 1.0: 140, -1.0: 207}

{0.0: 2065, 1.0: 149, -1.0: 210}

1 Creating 10 consumers
{0.0: 2168, 1.0: 98, -1.0: 158}

{0.0: 2151, 1.0: 106, -1.0: 167}

{0.0: 2212, 1.0: 78, -1.0: 134}
Iter-0: 12.61/6.16 | Iter-1: 12.95/6.48 | Iter-2: 13.27/6.79 | Iter-3: 12.77/6.29 | Iter-4: 12.76/6.29 | 
{0.0: 2189, 1.0: 87, -1.0: 148}
Iter-0: 12.9/6.19 | Iter-1: 12.94/6.43 | Iter-2: 13.1/6.6 | Iter-3: 12.61/6.13 | Iter-4: 12.68/6.16 | 
{0.0: 2122, 1.0: 123, -1.0: 179}
Iter-0: 12.46/6.0 | Iter-1: 12.82/6.35 | Iter-2: 12.96/6.49 | Iter-3: 12.59/6.13 | Iter-4: 12.61/6.14 | 
{0.0: 2102, 1.0: 130, -1.0: 192}
Iter-0: 12.4/5.92 | Iter-1: 12.74/6.21 | Iter-2: 12.94/6.45 | Iter-3: 12.57/6.07 | Iter-4: 12.6/6.09 | 
{0.0: 2077, 1.0: 140, -1.0: 207}
Iter-0: 12.57/5.94 | Iter-1: 12.64/6.1 | Iter-2: 12.84/6.27 | Iter-3: 12.43/5.91 | Iter-4: 12.42/5.95 | 
{0.0: 2065, 1.0: 149, -1.0: 210}
Iter-0: 12.6/5.94 | Iter-1: 12.9/6.23 | Iter-2: 13.13/6.44 | Iter-3: 12.75/6.07 | Iter-4: 12.75/6.11 | 
{0.0: 2134, 1.0: 118, -1.0: 172}
Iter-0: 12.52/6.06 | Iter-1: 13.87/7.54 | Iter-2: 12.75/6.42 | Iter-3: 15.64/7.74 | Iter-4: 12.15/6.04 | 
{0.0: 2234, 1.0: 67, -1.0: 123}
Iter-0: 13.86/6.97 | Iter-1: 14.05/7.31 | Iter-2: 14.23/7.46 | Iter-3: 13.64/6.91 | Iter-4: 13.52/6.94 | 
prob_mse: 0.249191969197, running time: 95.6790320873
8.0 ~~~~~~~~~~~~~~~~~~~~~~~~~~~~~~~~~~~~~~~~~~~~~~~~~~~~~~~~~~~~~~~`
dataset: facebook method: Adv-CSL, #attack_edge:10000,T:10,test_ratio: 0.3,gamma:0.4
/network/rit/lab/ceashpc/adil/data/adv_csl/Jan2/random_pgd/facebook/facebook-attackedges-10000-T-10-testratio-0.3-swap_ratio-0.01-gamma-0.4-realization-5-data-X.pkl
#Rule:372936 Nodes:8078 Edges:372936
0 Creating 10 consumers
{0.0: 2234, 1.0: 67, -1.0: 123}

{0.0: 2189, 1.0: 87, -1.0: 148}

{0.0: 2212, 1.0: 78, -1.0: 134}

{0.0: 2151, 1.0: 106, -1.0: 167}

{0.0: 2134, 1.0: 118, -1.0: 172}

{0.0: 2168, 1.0: 98, -1.0: 158}

{0.0: 2122, 1.0: 123, -1.0: 179}

{0.0: 2102, 1.0: 130, -1.0: 192}

{0.0: 2077, 1.0: 140, -1.0: 207}

{0.0: 2065, 1.0: 149, -1.0: 210}

1 Creating 10 consumers
{0.0: 2168, 1.0: 98, -1.0: 158}

{0.0: 2151, 1.0: 106, -1.0: 167}

{0.0: 2212, 1.0: 78, -1.0: 134}
Iter-0: 12.47/6.14 | Iter-1: 12.79/6.42 | Iter-2: 13.26/6.93 | Iter-3: 12.6/6.27 | Iter-4: 12.61/6.28 | 
{0.0: 2122, 1.0: 123, -1.0: 179}
Iter-0: 12.47/6.03 | Iter-1: 12.48/6.15 | Iter-2: 12.43/6.13 | Iter-3: 12.28/5.98 | Iter-4: 12.29/6.0 | 
{0.0: 2134, 1.0: 118, -1.0: 172}
Iter-0: 12.46/6.08 | Iter-1: 12.81/6.38 | Iter-2: 12.8/6.4 | Iter-3: 12.62/6.2 | Iter-4: 12.68/6.2 | 
{0.0: 2065, 1.0: 149, -1.0: 210}
Iter-0: 12.33/5.87 | Iter-1: 12.34/5.94 | Iter-2: 12.32/5.93 | Iter-3: 12.25/5.85 | Iter-4: 12.25/5.87 | 
{0.0: 2077, 1.0: 140, -1.0: 207}
Iter-0: 12.24/5.9 | Iter-1: 12.57/6.15 | Iter-2: 12.59/6.18 | Iter-3: 12.46/6.04 | Iter-4: 12.47/6.05 | 
{0.0: 2234, 1.0: 67, -1.0: 123}
Iter-0: 13.06/6.24 | Iter-1: 13.65/6.64 | Iter-2: 13.59/6.69 | Iter-3: 13.3/6.4 | Iter-4: 13.29/6.4 | 
{0.0: 2189, 1.0: 87, -1.0: 148}
Iter-0: 13.46/6.84 | Iter-1: 13.41/6.94 | Iter-2: 13.55/7.04 | Iter-3: 13.24/6.73 | Iter-4: 13.12/6.76 | 
{0.0: 2102, 1.0: 130, -1.0: 192}
Iter-0: 13.0/5.92 | Iter-1: 12.55/5.97 | Iter-2: 13.84/7.33 | Iter-3: 12.87/5.89 | Iter-4: 13.3/6.65 | 
prob_mse: 0.243141281628, running time: 95.3923139572
9.0 ~~~~~~~~~~~~~~~~~~~~~~~~~~~~~~~~~~~~~~~~~~~~~~~~~~~~~~~~~~~~~~~`
dataset: facebook method: Adv-CSL, #attack_edge:10000,T:10,test_ratio: 0.3,gamma:0.5
/network/rit/lab/ceashpc/adil/data/adv_csl/Jan2/random_pgd/facebook/facebook-attackedges-10000-T-10-testratio-0.3-swap_ratio-0.01-gamma-0.5-realization-5-data-X.pkl
#Rule:372936 Nodes:8078 Edges:372936
0 Creating 10 consumers
{0.0: 1212, -1.0: 1212}

{0.0: 1205, -1.0: 1219}

{0.0: 1211, -1.0: 1213}

{0.0: 1205, -1.0: 1219}

{0.0: 1207, -1.0: 1217}

{0.0: 1205, -1.0: 1219}

{0.0: 1203, -1.0: 1221}

{0.0: 1199, -1.0: 1225}

{0.0: 1194, -1.0: 1230}

{0.0: 1200, -1.0: 1224}

1 Creating 10 consumers
{0.0: 1211, -1.0: 1213}

{0.0: 1212, -1.0: 1212}

{0.0: 1205, -1.0: 1219}

{0.0: 1205, -1.0: 1219}

{0.0: 1203, -1.0: 1221}

{0.0: 1207, -1.0: 1217}

{0.0: 1205, -1.0: 1219}

{0.0: 1199, -1.0: 1225}

{0.0: 1194, -1.0: 1230}

{0.0: 1200, -1.0: 1224}

prob_mse: 0.419373322332, running time: 42.8376219273
10.0 ~~~~~~~~~~~~~~~~~~~~~~~~~~~~~~~~~~~~~~~~~~~~~~~~~~~~~~~~~~~~~~~`
dataset: facebook method: Adv-CSL, #attack_edge:10000,T:10,test_ratio: 0.3,gamma:0.0
/network/rit/lab/ceashpc/adil/data/adv_csl/Jan2/random_pgd/facebook/facebook-attackedges-10000-T-10-testratio-0.3-swap_ratio-0.01-gamma-0.0-realization-6-data-X.pkl
#Rule:372936 Nodes:8078 Edges:372936
0 Creating 10 consumers
{0.0: 2245, 1.0: 60, -1.0: 119}

{0.0: 2237, 1.0: 61, -1.0: 126}

{0.0: 2182, 1.0: 89, -1.0: 153}

{0.0: 2205, 1.0: 74, -1.0: 145}

{0.0: 2149, 1.0: 110, -1.0: 165}

{0.0: 2170, 1.0: 98, -1.0: 156}

{0.0: 2137, 1.0: 115, -1.0: 172}

{0.0: 2111, 1.0: 132, -1.0: 181}

{0.0: 2103, 1.0: 140, -1.0: 181}

{0.0: 2082, 1.0: 150, -1.0: 192}

1 Creating 10 consumers
{0.0: 2170, 1.0: 98, -1.0: 156}

{0.0: 2137, 1.0: 115, -1.0: 172}

{0.0: 2149, 1.0: 110, -1.0: 165}

{0.0: 2103, 1.0: 140, -1.0: 181}
Iter-0: 9.81/3.46 | Iter-1: 11.97/5.43 | 
{0.0: 2111, 1.0: 132, -1.0: 181}
Iter-0: 9.82/3.47 | Iter-1: 12.47/5.48 | 
{0.0: 2082, 1.0: 150, -1.0: 192}
Iter-0: 9.85/3.46 | Iter-1: 12.08/5.4 | 
{0.0: 2237, 1.0: 61, -1.0: 126}
Iter-0: 10.13/3.5 | Iter-1: 12.14/5.57 | Iter-2: 11.17/4.69 | 
{0.0: 2182, 1.0: 89, -1.0: 153}
Iter-0: 9.89/3.48 | Iter-1: 12.49/5.55 | Iter-2: 10.84/4.17 | 
{0.0: 2245, 1.0: 60, -1.0: 119}
Iter-0: 11.32/4.89 | Iter-1: 12.36/5.56 | Iter-2: 10.96/4.24 | 
{0.0: 2205, 1.0: 74, -1.0: 145}
Iter-0: 10.26/3.49 | Iter-1: 12.53/5.56 | Iter-2: 10.65/4.22 | 
prob_mse: 0.0897075907591, running time: 71.5178861618
11.0 ~~~~~~~~~~~~~~~~~~~~~~~~~~~~~~~~~~~~~~~~~~~~~~~~~~~~~~~~~~~~~~~`
dataset: facebook method: Adv-CSL, #attack_edge:10000,T:10,test_ratio: 0.3,gamma:0.01
/network/rit/lab/ceashpc/adil/data/adv_csl/Jan2/random_pgd/facebook/facebook-attackedges-10000-T-10-testratio-0.3-swap_ratio-0.01-gamma-0.01-realization-6-data-X.pkl
#Rule:372936 Nodes:8078 Edges:372936
0 Creating 10 consumers
{0.0: 2245, 1.0: 60, -1.0: 119}

{0.0: 2182, 1.0: 89, -1.0: 153}

{0.0: 2205, 1.0: 74, -1.0: 145}

{0.0: 2170, 1.0: 98, -1.0: 156}

{0.0: 2237, 1.0: 61, -1.0: 126}

{0.0: 2149, 1.0: 110, -1.0: 165}

{0.0: 2137, 1.0: 115, -1.0: 172}

{0.0: 2111, 1.0: 132, -1.0: 181}

{0.0: 2103, 1.0: 140, -1.0: 181}

{0.0: 2082, 1.0: 150, -1.0: 192}

1 Creating 10 consumers
{0.0: 2170, 1.0: 98, -1.0: 156}

{0.0: 2149, 1.0: 110, -1.0: 165}

{0.0: 2137, 1.0: 115, -1.0: 172}

{0.0: 2237, 1.0: 61, -1.0: 126}
Iter-0: 12.55/6.23 | Iter-1: 13.49/6.82 | Iter-2: 12.72/6.21 | Iter-3: 12.11/5.89 | Iter-4: 12.07/5.7 | 
{0.0: 2182, 1.0: 89, -1.0: 153}
Iter-0: 12.45/6.12 | Iter-1: 13.21/6.64 | Iter-2: 13.29/6.5 | Iter-3: 12.47/5.8 | Iter-4: 11.88/5.56 | 
{0.0: 2245, 1.0: 60, -1.0: 119}
Iter-0: 13.63/6.91 | Iter-1: 13.75/7.21 | Iter-2: 12.72/6.07 | Iter-3: 12.29/5.83 | Iter-4: 12.1/5.59 | 
{0.0: 2205, 1.0: 74, -1.0: 145}
Iter-0: 12.75/6.13 | Iter-1: 13.29/6.78 | Iter-2: 12.97/6.08 | Iter-3: 13.09/6.44 | Iter-4: 12.79/6.18 | 
{0.0: 2103, 1.0: 140, -1.0: 181}
Iter-0: 12.33/6.0 | Iter-1: 12.87/6.6 | Iter-2: 12.89/6.04 | Iter-3: 11.99/5.69 | Iter-4: 11.71/5.49 | 
{0.0: 2111, 1.0: 132, -1.0: 181}
Iter-0: 12.32/6.0 | Iter-1: 13.2/6.53 | Iter-2: 12.99/6.08 | Iter-3: 12.36/5.74 | Iter-4: 12.05/5.53 | 
{0.0: 2082, 1.0: 150, -1.0: 192}
Iter-0: 12.37/5.98 | Iter-1: 13.16/6.54 | Iter-2: 12.74/6.03 | Iter-3: 12.26/5.73 | Iter-4: 11.67/5.5 | 
prob_mse: 0.254211881188, running time: 93.2162311077
12.0 ~~~~~~~~~~~~~~~~~~~~~~~~~~~~~~~~~~~~~~~~~~~~~~~~~~~~~~~~~~~~~~~`
dataset: facebook method: Adv-CSL, #attack_edge:10000,T:10,test_ratio: 0.3,gamma:0.03
/network/rit/lab/ceashpc/adil/data/adv_csl/Jan2/random_pgd/facebook/facebook-attackedges-10000-T-10-testratio-0.3-swap_ratio-0.01-gamma-0.03-realization-6-data-X.pkl
#Rule:372936 Nodes:8078 Edges:372936
0 Creating 10 consumers
{0.0: 2245, 1.0: 60, -1.0: 119}

{0.0: 2237, 1.0: 61, -1.0: 126}

{0.0: 2205, 1.0: 74, -1.0: 145}

{0.0: 2182, 1.0: 89, -1.0: 153}

{0.0: 2170, 1.0: 98, -1.0: 156}

{0.0: 2149, 1.0: 110, -1.0: 165}

{0.0: 2137, 1.0: 115, -1.0: 172}

{0.0: 2111, 1.0: 132, -1.0: 181}

{0.0: 2103, 1.0: 140, -1.0: 181}

{0.0: 2082, 1.0: 150, -1.0: 192}

1 Creating 10 consumers
{0.0: 2170, 1.0: 98, -1.0: 156}

{0.0: 2149, 1.0: 110, -1.0: 165}

{0.0: 2137, 1.0: 115, -1.0: 172}

{0.0: 2237, 1.0: 61, -1.0: 126}
Iter-0: 13.08/6.23 | Iter-1: 13.46/7.08 | Iter-2: 13.44/7.02 | Iter-3: 12.49/6.11 | Iter-4: 12.62/6.01 | 
{0.0: 2182, 1.0: 89, -1.0: 153}
Iter-0: 12.5/6.13 | Iter-1: 13.36/7.02 | Iter-2: 12.83/6.48 | Iter-3: 12.67/5.96 | Iter-4: 12.57/5.86 | 
{0.0: 2245, 1.0: 60, -1.0: 119}
Iter-0: 13.68/6.86 | Iter-1: 14.48/7.88 | Iter-2: 12.82/6.33 | Iter-3: 12.55/5.98 | Iter-4: 12.42/5.85 | 
{0.0: 2205, 1.0: 74, -1.0: 145}
Iter-0: 12.75/6.09 | Iter-1: 13.39/6.99 | Iter-2: 12.92/6.29 | Iter-3: 13.16/6.55 | Iter-4: 12.88/6.24 | 
{0.0: 2111, 1.0: 132, -1.0: 181}
Iter-0: 12.33/5.94 | Iter-1: 13.07/6.79 | Iter-2: 13.02/6.34 | Iter-3: 12.42/5.95 | Iter-4: 12.52/5.85 | 
{0.0: 2082, 1.0: 150, -1.0: 192}
Iter-0: 12.39/5.91 | Iter-1: 12.96/6.6 | Iter-2: 12.65/6.24 | Iter-3: 12.32/5.92 | Iter-4: 12.25/5.78 | 
{0.0: 2103, 1.0: 140, -1.0: 181}
Iter-0: 12.45/5.95 | Iter-1: 13.21/6.77 | Iter-2: 13.1/6.46 | Iter-3: 12.77/6.01 | Iter-4: 12.32/5.86 | 
prob_mse: 0.252321067107, running time: 95.2664270401
13.0 ~~~~~~~~~~~~~~~~~~~~~~~~~~~~~~~~~~~~~~~~~~~~~~~~~~~~~~~~~~~~~~~`
dataset: facebook method: Adv-CSL, #attack_edge:10000,T:10,test_ratio: 0.3,gamma:0.05
/network/rit/lab/ceashpc/adil/data/adv_csl/Jan2/random_pgd/facebook/facebook-attackedges-10000-T-10-testratio-0.3-swap_ratio-0.01-gamma-0.05-realization-6-data-X.pkl
#Rule:372936 Nodes:8078 Edges:372936
0 Creating 10 consumers
{0.0: 2245, 1.0: 60, -1.0: 119}

{0.0: 2182, 1.0: 89, -1.0: 153}

{0.0: 2205, 1.0: 74, -1.0: 145}

{0.0: 2237, 1.0: 61, -1.0: 126}

{0.0: 2170, 1.0: 98, -1.0: 156}

{0.0: 2149, 1.0: 110, -1.0: 165}

{0.0: 2111, 1.0: 132, -1.0: 181}

{0.0: 2137, 1.0: 115, -1.0: 172}

{0.0: 2103, 1.0: 140, -1.0: 181}

{0.0: 2082, 1.0: 150, -1.0: 192}

1 Creating 10 consumers
{0.0: 2170, 1.0: 98, -1.0: 156}

{0.0: 2149, 1.0: 110, -1.0: 165}

{0.0: 2137, 1.0: 115, -1.0: 172}

{0.0: 2237, 1.0: 61, -1.0: 126}
Iter-0: 13.04/6.21 | Iter-1: 13.67/7.2 | Iter-2: 13.07/6.56 | Iter-3: 12.8/6.37 | Iter-4: 12.55/6.13 | 
{0.0: 2245, 1.0: 60, -1.0: 119}
Iter-0: 13.93/6.88 | Iter-1: 14.49/8.03 | Iter-2: 13.0/6.52 | Iter-3: 12.63/6.18 | Iter-4: 12.46/5.92 | 
{0.0: 2182, 1.0: 89, -1.0: 153}
Iter-0: 12.66/6.12 | Iter-1: 13.79/7.14 | Iter-2: 12.8/6.5 | Iter-3: 12.79/6.15 | Iter-4: 12.63/5.93 | 
{0.0: 2111, 1.0: 132, -1.0: 181}
Iter-0: 12.48/5.98 | Iter-1: 13.49/6.9 | Iter-2: 12.78/6.43 | Iter-3: 12.86/6.21 | Iter-4: 12.13/5.96 | 
{0.0: 2205, 1.0: 74, -1.0: 145}
Iter-0: 12.96/6.15 | Iter-1: 13.77/7.19 | Iter-2: 13.91/7.24 | Iter-3: 13.57/6.89 | Iter-4: 12.79/6.41 | 
{0.0: 2082, 1.0: 150, -1.0: 192}
Iter-0: 12.68/5.97 | Iter-1: 13.31/6.83 | Iter-2: 12.73/6.39 | Iter-3: 12.55/6.14 | Iter-4: 12.28/5.93 | 
{0.0: 2103, 1.0: 140, -1.0: 181}
Iter-0: 12.59/5.99 | Iter-1: 13.47/6.89 | Iter-2: 13.05/6.44 | Iter-3: 12.66/6.21 | Iter-4: 12.62/6.03 | 
prob_mse: 0.249777062706, running time: 95.2347068787
14.0 ~~~~~~~~~~~~~~~~~~~~~~~~~~~~~~~~~~~~~~~~~~~~~~~~~~~~~~~~~~~~~~~`
dataset: facebook method: Adv-CSL, #attack_edge:10000,T:10,test_ratio: 0.3,gamma:0.07
/network/rit/lab/ceashpc/adil/data/adv_csl/Jan2/random_pgd/facebook/facebook-attackedges-10000-T-10-testratio-0.3-swap_ratio-0.01-gamma-0.07-realization-6-data-X.pkl
#Rule:372936 Nodes:8078 Edges:372936
0 Creating 10 consumers
{0.0: 2245, 1.0: 60, -1.0: 119}

{0.0: 2237, 1.0: 61, -1.0: 126}

{0.0: 2205, 1.0: 74, -1.0: 145}

{0.0: 2182, 1.0: 89, -1.0: 153}

{0.0: 2149, 1.0: 110, -1.0: 165}

{0.0: 2137, 1.0: 115, -1.0: 172}

{0.0: 2170, 1.0: 98, -1.0: 156}

{0.0: 2111, 1.0: 132, -1.0: 181}

{0.0: 2103, 1.0: 140, -1.0: 181}

{0.0: 2082, 1.0: 150, -1.0: 192}

1 Creating 10 consumers
{0.0: 2170, 1.0: 98, -1.0: 156}

{0.0: 2149, 1.0: 110, -1.0: 165}

{0.0: 2137, 1.0: 115, -1.0: 172}

{0.0: 2245, 1.0: 60, -1.0: 119}
Iter-0: 12.55/6.22 | Iter-1: 13.68/7.26 | Iter-2: 12.88/6.63 | Iter-3: 12.48/6.23 | Iter-4: 12.71/6.03 | 
{0.0: 2237, 1.0: 61, -1.0: 126}
Iter-0: 12.52/6.23 | Iter-1: 13.73/7.19 | Iter-2: 13.07/6.65 | Iter-3: 13.04/6.48 | Iter-4: 12.36/6.11 | 
{0.0: 2182, 1.0: 89, -1.0: 153}
Iter-0: 12.46/6.1 | Iter-1: 13.9/7.0 | Iter-2: 13.2/6.53 | Iter-3: 13.0/6.54 | Iter-4: 13.24/6.74 | 
{0.0: 2205, 1.0: 74, -1.0: 145}
Iter-0: 13.6/6.82 | Iter-1: 14.68/7.94 | Iter-2: 13.04/6.52 | Iter-3: 12.75/6.27 | Iter-4: 12.64/6.1 | 
{0.0: 2103, 1.0: 140, -1.0: 181}
Iter-0: 12.3/5.95 | Iter-1: 13.71/6.81 | Iter-2: 13.37/7.07 | Iter-3: 12.48/6.24 | Iter-4: 12.13/5.96 | 
{0.0: 2111, 1.0: 132, -1.0: 181}
Iter-0: 12.38/5.99 | Iter-1: 13.44/6.87 | Iter-2: 13.1/6.48 | Iter-3: 13.14/6.38 | Iter-4: 12.86/6.1 | 
{0.0: 2082, 1.0: 150, -1.0: 192}
Iter-0: 12.39/5.95 | Iter-1: 13.44/6.76 | Iter-2: 12.91/6.39 | Iter-3: 12.77/6.22 | Iter-4: 12.44/5.96 | 
prob_mse: 0.248161276128, running time: 94.9398949146
15.0 ~~~~~~~~~~~~~~~~~~~~~~~~~~~~~~~~~~~~~~~~~~~~~~~~~~~~~~~~~~~~~~~`
dataset: facebook method: Adv-CSL, #attack_edge:10000,T:10,test_ratio: 0.3,gamma:0.09
/network/rit/lab/ceashpc/adil/data/adv_csl/Jan2/random_pgd/facebook/facebook-attackedges-10000-T-10-testratio-0.3-swap_ratio-0.01-gamma-0.09-realization-6-data-X.pkl
#Rule:372936 Nodes:8078 Edges:372936
0 Creating 10 consumers
{0.0: 2237, 1.0: 61, -1.0: 126}

{0.0: 2182, 1.0: 89, -1.0: 153}

{0.0: 2245, 1.0: 60, -1.0: 119}

{0.0: 2205, 1.0: 74, -1.0: 145}

{0.0: 2170, 1.0: 98, -1.0: 156}

{0.0: 2149, 1.0: 110, -1.0: 165}

{0.0: 2137, 1.0: 115, -1.0: 172}

{0.0: 2111, 1.0: 132, -1.0: 181}

{0.0: 2103, 1.0: 140, -1.0: 181}

{0.0: 2082, 1.0: 150, -1.0: 192}

1 Creating 10 consumers
{0.0: 2170, 1.0: 98, -1.0: 156}

{0.0: 2149, 1.0: 110, -1.0: 165}

{0.0: 2137, 1.0: 115, -1.0: 172}

{0.0: 2245, 1.0: 60, -1.0: 119}
Iter-0: 12.49/6.13 | Iter-1: 13.28/7.18 | Iter-2: 12.73/6.46 | Iter-3: 12.58/6.34 | Iter-4: 12.31/6.02 | 
{0.0: 2237, 1.0: 61, -1.0: 126}
Iter-0: 12.55/6.19 | Iter-1: 13.63/7.24 | Iter-2: 12.81/6.57 | Iter-3: 12.83/6.47 | Iter-4: 12.41/6.09 | 
{0.0: 2182, 1.0: 89, -1.0: 153}
Iter-0: 12.75/6.11 | Iter-1: 13.48/6.91 | Iter-2: 12.97/6.49 | Iter-3: 12.9/6.31 | Iter-4: 12.51/5.99 | 
{0.0: 2205, 1.0: 74, -1.0: 145}
Iter-0: 13.4/6.75 | Iter-1: 14.05/7.68 | Iter-2: 13.11/6.49 | Iter-3: 12.69/6.35 | Iter-4: 12.5/5.97 | 
{0.0: 2103, 1.0: 140, -1.0: 181}
Iter-0: 12.36/5.94 | Iter-1: 13.37/6.95 | Iter-2: 12.58/6.29 | Iter-3: 12.64/6.35 | Iter-4: 12.46/5.99 | 
{0.0: 2111, 1.0: 132, -1.0: 181}
Iter-0: 12.38/5.96 | Iter-1: 13.43/6.95 | Iter-2: 13.03/6.37 | Iter-3: 13.24/6.42 | Iter-4: 13.09/6.72 | 
{0.0: 2082, 1.0: 150, -1.0: 192}
Iter-0: 12.35/5.94 | Iter-1: 13.37/6.83 | Iter-2: 13.98/7.1 | Iter-3: 13.07/6.77 | Iter-4: 12.13/5.98 | 
prob_mse: 0.247955005501, running time: 96.1930711269
16.0 ~~~~~~~~~~~~~~~~~~~~~~~~~~~~~~~~~~~~~~~~~~~~~~~~~~~~~~~~~~~~~~~`
dataset: facebook method: Adv-CSL, #attack_edge:10000,T:10,test_ratio: 0.3,gamma:0.2
/network/rit/lab/ceashpc/adil/data/adv_csl/Jan2/random_pgd/facebook/facebook-attackedges-10000-T-10-testratio-0.3-swap_ratio-0.01-gamma-0.2-realization-6-data-X.pkl
#Rule:372936 Nodes:8078 Edges:372936
0 Creating 10 consumers
{0.0: 2245, 1.0: 60, -1.0: 119}

{0.0: 2237, 1.0: 61, -1.0: 126}

{0.0: 2182, 1.0: 89, -1.0: 153}

{0.0: 2205, 1.0: 74, -1.0: 145}

{0.0: 2170, 1.0: 98, -1.0: 156}

{0.0: 2149, 1.0: 110, -1.0: 165}

{0.0: 2137, 1.0: 115, -1.0: 172}

{0.0: 2111, 1.0: 132, -1.0: 181}

{0.0: 2103, 1.0: 140, -1.0: 181}

{0.0: 2082, 1.0: 150, -1.0: 192}

1 Creating 10 consumers
{0.0: 2170, 1.0: 98, -1.0: 156}

{0.0: 2149, 1.0: 110, -1.0: 165}

{0.0: 2137, 1.0: 115, -1.0: 172}

{0.0: 2182, 1.0: 89, -1.0: 153}
Iter-0: 12.52/6.08 | Iter-1: 13.01/6.69 | Iter-2: 12.94/6.54 | Iter-3: 13.26/6.49 | Iter-4: 12.44/6.07 | 
{0.0: 2205, 1.0: 74, -1.0: 145}
Iter-0: 12.5/6.1 | Iter-1: 13.19/6.74 | Iter-2: 13.35/6.63 | Iter-3: 12.99/6.54 | Iter-4: 12.68/6.04 | 
{0.0: 2237, 1.0: 61, -1.0: 126}
Iter-0: 12.6/6.2 | Iter-1: 13.6/6.86 | Iter-2: 13.38/6.69 | Iter-3: 12.93/6.54 | Iter-4: 12.62/6.13 | 
{0.0: 2103, 1.0: 140, -1.0: 181}
Iter-0: 12.3/5.91 | Iter-1: 12.74/6.44 | Iter-2: 12.98/6.33 | Iter-3: 12.66/6.29 | Iter-4: 12.25/5.85 | 
{0.0: 2245, 1.0: 60, -1.0: 119}
Iter-0: 13.66/6.86 | Iter-1: 14.23/7.59 | Iter-2: 13.39/6.79 | Iter-3: 13.23/6.6 | Iter-4: 12.82/6.16 | 
{0.0: 2082, 1.0: 150, -1.0: 192}
Iter-0: 12.33/5.91 | Iter-1: 12.78/6.48 | Iter-2: 12.87/6.31 | Iter-3: 13.23/6.38 | Iter-4: 12.34/5.9 | 
{0.0: 2111, 1.0: 132, -1.0: 181}
Iter-0: 12.33/5.95 | Iter-1: 12.76/6.48 | Iter-2: 13.25/6.39 | Iter-3: 14.14/7.1 | Iter-4: 12.81/6.41 | 
prob_mse: 0.241319884488, running time: 94.1475310326
17.0 ~~~~~~~~~~~~~~~~~~~~~~~~~~~~~~~~~~~~~~~~~~~~~~~~~~~~~~~~~~~~~~~`
dataset: facebook method: Adv-CSL, #attack_edge:10000,T:10,test_ratio: 0.3,gamma:0.3
/network/rit/lab/ceashpc/adil/data/adv_csl/Jan2/random_pgd/facebook/facebook-attackedges-10000-T-10-testratio-0.3-swap_ratio-0.01-gamma-0.3-realization-6-data-X.pkl
#Rule:372936 Nodes:8078 Edges:372936
0 Creating 10 consumers
{0.0: 2245, 1.0: 60, -1.0: 119}

{0.0: 2237, 1.0: 61, -1.0: 126}

{0.0: 2205, 1.0: 74, -1.0: 145}

{0.0: 2170, 1.0: 98, -1.0: 156}

{0.0: 2149, 1.0: 110, -1.0: 165}

{0.0: 2137, 1.0: 115, -1.0: 172}

{0.0: 2182, 1.0: 89, -1.0: 153}

{0.0: 2111, 1.0: 132, -1.0: 181}

{0.0: 2103, 1.0: 140, -1.0: 181}

{0.0: 2082, 1.0: 150, -1.0: 192}

1 Creating 10 consumers
{0.0: 2149, 1.0: 110, -1.0: 165}

{0.0: 2170, 1.0: 98, -1.0: 156}

{0.0: 2137, 1.0: 115, -1.0: 172}

{0.0: 2237, 1.0: 61, -1.0: 126}
Iter-0: 12.61/6.26 | Iter-1: 12.81/6.56 | Iter-2: 13.24/6.71 | Iter-3: 12.8/6.27 | Iter-4: 12.45/6.23 | 
{0.0: 2205, 1.0: 74, -1.0: 145}
Iter-0: 12.55/6.16 | Iter-1: 12.7/6.34 | Iter-2: 12.94/6.61 | Iter-3: 12.51/6.12 | Iter-4: 12.67/6.09 | 
{0.0: 2182, 1.0: 89, -1.0: 153}
Iter-0: 12.53/6.16 | Iter-1: 12.63/6.35 | Iter-2: 12.85/6.55 | Iter-3: 12.72/6.14 | Iter-4: 12.85/6.16 | 
{0.0: 2111, 1.0: 132, -1.0: 181}
Iter-0: 12.45/6.06 | Iter-1: 12.49/6.25 | Iter-2: 12.77/6.52 | Iter-3: 12.74/6.08 | Iter-4: 12.61/6.05 | 
{0.0: 2245, 1.0: 60, -1.0: 119}
Iter-0: 12.82/6.19 | Iter-1: 13.03/6.48 | Iter-2: 13.82/7.08 | Iter-3: 13.65/6.96 | Iter-4: 13.53/6.92 | 
{0.0: 2082, 1.0: 150, -1.0: 192}
Iter-0: 12.36/5.98 | Iter-1: 12.46/6.22 | Iter-2: 12.98/6.36 | Iter-3: 12.33/6.04 | Iter-4: 12.24/6.03 | 
{0.0: 2103, 1.0: 140, -1.0: 181}
Iter-0: 12.38/6.02 | Iter-1: 12.34/6.11 | Iter-2: 13.07/6.43 | Iter-3: 12.61/6.02 | Iter-4: 12.54/6.11 | 
prob_mse: 0.22657120462, running time: 93.6591899395
18.0 ~~~~~~~~~~~~~~~~~~~~~~~~~~~~~~~~~~~~~~~~~~~~~~~~~~~~~~~~~~~~~~~`
dataset: facebook method: Adv-CSL, #attack_edge:10000,T:10,test_ratio: 0.3,gamma:0.4
/network/rit/lab/ceashpc/adil/data/adv_csl/Jan2/random_pgd/facebook/facebook-attackedges-10000-T-10-testratio-0.3-swap_ratio-0.01-gamma-0.4-realization-6-data-X.pkl
#Rule:372936 Nodes:8078 Edges:372936
0 Creating 10 consumers
{0.0: 2245, 1.0: 60, -1.0: 119}

{0.0: 2237, 1.0: 61, -1.0: 126}

{0.0: 2205, 1.0: 74, -1.0: 145}

{0.0: 2182, 1.0: 89, -1.0: 153}

{0.0: 2149, 1.0: 110, -1.0: 165}

{0.0: 2170, 1.0: 98, -1.0: 156}

{0.0: 2137, 1.0: 115, -1.0: 172}

{0.0: 2111, 1.0: 132, -1.0: 181}

{0.0: 2103, 1.0: 140, -1.0: 181}

{0.0: 2082, 1.0: 150, -1.0: 192}

1 Creating 10 consumers
{0.0: 2170, 1.0: 98, -1.0: 156}

{0.0: 2149, 1.0: 110, -1.0: 165}

{0.0: 2137, 1.0: 115, -1.0: 172}

{0.0: 2205, 1.0: 74, -1.0: 145}
Iter-0: 12.63/6.17 | Iter-1: 12.72/6.19 | Iter-2: 13.03/6.5 | Iter-3: 12.33/6.11 | Iter-4: 12.39/6.11 | 
{0.0: 2182, 1.0: 89, -1.0: 153}
Iter-0: 12.91/6.17 | Iter-1: 12.79/6.16 | Iter-2: 13.01/6.42 | Iter-3: 12.64/6.27 | Iter-4: 12.56/6.23 | 
{0.0: 2103, 1.0: 140, -1.0: 181}
Iter-0: 12.34/5.99 | Iter-1: 12.41/6.19 | Iter-2: 12.79/6.21 | Iter-3: 12.54/5.94 | Iter-4: 12.33/6.09 | 
{0.0: 2237, 1.0: 61, -1.0: 126}
Iter-0: 12.94/6.23 | Iter-1: 12.94/6.52 | Iter-2: 13.13/6.46 | Iter-3: 13.4/6.72 | Iter-4: 13.37/6.86 | 
{0.0: 2111, 1.0: 132, -1.0: 181}
Iter-0: 12.38/5.99 | Iter-1: 12.76/6.15 | Iter-2: 13.18/6.2 | Iter-3: 12.28/6.0 | Iter-4: 12.57/5.98 | 
{0.0: 2245, 1.0: 60, -1.0: 119}
Iter-0: 13.69/6.85 | Iter-1: 13.59/6.86 | Iter-2: 14.04/7.17 | Iter-3: 12.72/6.28 | Iter-4: 12.81/6.27 | 
{0.0: 2082, 1.0: 150, -1.0: 192}
Iter-0: 12.45/6.0 | Iter-1: 12.63/6.2 | Iter-2: 12.86/6.16 | Iter-3: 12.64/6.1 | Iter-4: 12.38/5.99 | 
prob_mse: 0.220142354235, running time: 93.7386410236
19.0 ~~~~~~~~~~~~~~~~~~~~~~~~~~~~~~~~~~~~~~~~~~~~~~~~~~~~~~~~~~~~~~~`
dataset: facebook method: Adv-CSL, #attack_edge:10000,T:10,test_ratio: 0.3,gamma:0.5
/network/rit/lab/ceashpc/adil/data/adv_csl/Jan2/random_pgd/facebook/facebook-attackedges-10000-T-10-testratio-0.3-swap_ratio-0.01-gamma-0.5-realization-6-data-X.pkl
#Rule:372936 Nodes:8078 Edges:372936
0 Creating 10 consumers
{0.0: 1202, -1.0: 1222}

{0.0: 1205, -1.0: 1219}

{0.0: 1208, -1.0: 1216}

{0.0: 1205, -1.0: 1219}

{0.0: 1208, -1.0: 1216}

{0.0: 1209, -1.0: 1215}

{0.0: 1216, -1.0: 1208}

{0.0: 1207, -1.0: 1217}

{0.0: 1222, -1.0: 1202}

{0.0: 1226, -1.0: 1198}

1 Creating 10 consumers
{0.0: 1208, -1.0: 1216}

{0.0: 1205, -1.0: 1219}

{0.0: 1202, -1.0: 1222}

{0.0: 1205, -1.0: 1219}

{0.0: 1209, -1.0: 1215}

{0.0: 1208, -1.0: 1216}

{0.0: 1207, -1.0: 1217}

{0.0: 1216, -1.0: 1208}

{0.0: 1222, -1.0: 1202}

{0.0: 1226, -1.0: 1198}

prob_mse: 0.41707120462, running time: 44.4504568577
20.0 ~~~~~~~~~~~~~~~~~~~~~~~~~~~~~~~~~~~~~~~~~~~~~~~~~~~~~~~~~~~~~~~`
dataset: facebook method: Adv-CSL, #attack_edge:10000,T:10,test_ratio: 0.3,gamma:0.0
/network/rit/lab/ceashpc/adil/data/adv_csl/Jan2/random_pgd/facebook/facebook-attackedges-10000-T-10-testratio-0.3-swap_ratio-0.01-gamma-0.0-realization-7-data-X.pkl
#Rule:372936 Nodes:8078 Edges:372936
0 Creating 10 consumers
{0.0: 2246, 1.0: 57, -1.0: 121}

{0.0: 2214, 1.0: 73, -1.0: 137}

{0.0: 2197, 1.0: 83, -1.0: 144}

{0.0: 2175, 1.0: 94, -1.0: 155}

{0.0: 2131, 1.0: 119, -1.0: 174}

{0.0: 2150, 1.0: 109, -1.0: 165}

{0.0: 2087, 1.0: 149, -1.0: 188}

{0.0: 2113, 1.0: 128, -1.0: 183}

{0.0: 2042, 1.0: 173, -1.0: 209}

{0.0: 2065, 1.0: 164, -1.0: 195}

1 Creating 10 consumers
{0.0: 2197, 1.0: 83, -1.0: 144}

{0.0: 2175, 1.0: 94, -1.0: 155}

{0.0: 2131, 1.0: 119, -1.0: 174}

{0.0: 2150, 1.0: 109, -1.0: 165}
Iter-0: 9.89/3.46 | 
{0.0: 2087, 1.0: 149, -1.0: 188}
Iter-0: 9.82/3.45 | Iter-1: 11.61/5.36 | 
{0.0: 2065, 1.0: 164, -1.0: 195}
Iter-0: 9.83/3.48 | Iter-1: 12.42/5.61 | 
{0.0: 2246, 1.0: 57, -1.0: 121}
Iter-0: 10.32/3.5 | Iter-1: 12.29/5.58 | Iter-2: 10.67/4.16 | 
{0.0: 2214, 1.0: 73, -1.0: 137}
Iter-0: 10.21/3.56 | Iter-1: 12.08/5.62 | Iter-2: 10.42/4.16 | 
{0.0: 2042, 1.0: 173, -1.0: 209}
Iter-0: 9.81/3.45 | Iter-1: 11.53/5.3 | Iter-2: 10.02/3.95 | 
{0.0: 2113, 1.0: 128, -1.0: 183}
Iter-0: 9.9/3.47 | Iter-1: 11.79/5.35 | Iter-2: 10.65/4.14 | 
prob_mse: 0.0965822057206, running time: 69.9899289608
21.0 ~~~~~~~~~~~~~~~~~~~~~~~~~~~~~~~~~~~~~~~~~~~~~~~~~~~~~~~~~~~~~~~`
dataset: facebook method: Adv-CSL, #attack_edge:10000,T:10,test_ratio: 0.3,gamma:0.01
/network/rit/lab/ceashpc/adil/data/adv_csl/Jan2/random_pgd/facebook/facebook-attackedges-10000-T-10-testratio-0.3-swap_ratio-0.01-gamma-0.01-realization-7-data-X.pkl
#Rule:372936 Nodes:8078 Edges:372936
0 Creating 10 consumers
{0.0: 2246, 1.0: 57, -1.0: 121}

{0.0: 2214, 1.0: 73, -1.0: 137}

{0.0: 2197, 1.0: 83, -1.0: 144}

{0.0: 2175, 1.0: 94, -1.0: 155}

{0.0: 2131, 1.0: 119, -1.0: 174}

{0.0: 2150, 1.0: 109, -1.0: 165}

{0.0: 2113, 1.0: 128, -1.0: 183}

{0.0: 2087, 1.0: 149, -1.0: 188}

{0.0: 2065, 1.0: 164, -1.0: 195}

{0.0: 2042, 1.0: 173, -1.0: 209}

1 Creating 10 consumers
{0.0: 2197, 1.0: 83, -1.0: 144}

{0.0: 2175, 1.0: 94, -1.0: 155}

{0.0: 2131, 1.0: 119, -1.0: 174}

{0.0: 2246, 1.0: 57, -1.0: 121}
Iter-0: 12.65/6.25 | Iter-1: 13.27/6.92 | Iter-2: 12.33/6.12 | Iter-3: 12.36/5.88 | Iter-4: 12.12/5.72 | 
{0.0: 2214, 1.0: 73, -1.0: 137}
Iter-0: 12.92/6.14 | Iter-1: 13.6/6.89 | Iter-2: 12.39/6.06 | Iter-3: 12.0/5.74 | Iter-4: 11.78/5.51 | 
{0.0: 2113, 1.0: 128, -1.0: 183}
Iter-0: 12.37/6.02 | Iter-1: 12.82/6.62 | Iter-2: 12.59/6.01 | Iter-3: 12.42/5.75 | Iter-4: 12.13/5.57 | 
{0.0: 2087, 1.0: 149, -1.0: 188}
Iter-0: 12.57/6.01 | Iter-1: 13.08/6.58 | Iter-2: 12.52/6.08 | Iter-3: 12.17/5.7 | Iter-4: 11.89/5.51 | 
{0.0: 2150, 1.0: 109, -1.0: 165}
Iter-0: 13.32/6.75 | Iter-1: 13.5/6.84 | Iter-2: 12.74/6.04 | Iter-3: 12.3/5.81 | Iter-4: 12.11/5.58 | 
{0.0: 2042, 1.0: 173, -1.0: 209}
Iter-0: 12.51/5.96 | Iter-1: 13.0/6.51 | Iter-2: 12.61/6.06 | Iter-3: 12.26/5.76 | Iter-4: 12.05/5.52 | 
{0.0: 2065, 1.0: 164, -1.0: 195}
Iter-0: 12.25/5.92 | Iter-1: 13.87/7.03 | Iter-2: 13.48/6.76 | Iter-3: 12.04/5.72 | Iter-4: 11.66/5.58 | 
prob_mse: 0.256995874587, running time: 94.0282030106
22.0 ~~~~~~~~~~~~~~~~~~~~~~~~~~~~~~~~~~~~~~~~~~~~~~~~~~~~~~~~~~~~~~~`
dataset: facebook method: Adv-CSL, #attack_edge:10000,T:10,test_ratio: 0.3,gamma:0.03
/network/rit/lab/ceashpc/adil/data/adv_csl/Jan2/random_pgd/facebook/facebook-attackedges-10000-T-10-testratio-0.3-swap_ratio-0.01-gamma-0.03-realization-7-data-X.pkl
#Rule:372936 Nodes:8078 Edges:372936
0 Creating 10 consumers
{0.0: 2214, 1.0: 73, -1.0: 137}

{0.0: 2246, 1.0: 57, -1.0: 121}

{0.0: 2197, 1.0: 83, -1.0: 144}

{0.0: 2150, 1.0: 109, -1.0: 165}

{0.0: 2131, 1.0: 119, -1.0: 174}

{0.0: 2175, 1.0: 94, -1.0: 155}

{0.0: 2113, 1.0: 128, -1.0: 183}

{0.0: 2087, 1.0: 149, -1.0: 188}

{0.0: 2065, 1.0: 164, -1.0: 195}

{0.0: 2042, 1.0: 173, -1.0: 209}

1 Creating 10 consumers
{0.0: 2197, 1.0: 83, -1.0: 144}

{0.0: 2131, 1.0: 119, -1.0: 174}

{0.0: 2175, 1.0: 94, -1.0: 155}

