

--------------------------------------------------
--------------------------------------------------

-------------------Wed, 23 Jan 2019 12:43:05 AM EST---------------------

0 ~~~~~~~~~~~~~~~~~~~~~~~~~~~~~~~~~~~~~~~~~~~~~~~~~~~~~~~~~~~~~~~`
dataset: slashdot method: Adv-CSL, #attack_edge:10000,T:10,test_ratio: 0.3,gamma:0.0
/network/rit/lab/ceashpc/adil/data/adv_csl/Jan2/random_pgd/slashdot/slashdot-attackedges-10000-T-10-testratio-0.3-swap_ratio-0.01-gamma-0.0-realization-0-data-X.pkl
#Rule:2036920 Nodes:164336 Edges:2036920
0 Creating 10 consumers
{0.0: 44815, 1.0: 3964, -1.0: 521}
{0.0: 44388, 1.0: 4168, -1.0: 744}
{0.0: 43982, 1.0: 4361, -1.0: 957}
{0.0: 43557, 1.0: 4588, -1.0: 1155}
{0.0: 42793, 1.0: 4947, -1.0: 1560}
{0.0: 43184, 1.0: 4767, -1.0: 1349}
{0.0: 42420, 1.0: 5125, -1.0: 1755}
{0.0: 42043, 1.0: 5317, -1.0: 1940}
{0.0: 41696, 1.0: 5509, -1.0: 2095}
{0.0: 41339, 1.0: 5689, -1.0: 2272}
1 Creating 10 consumers
{0.0: 43184, 1.0: 4767, -1.0: 1349}
Iter-0: 73.12/17.56 | 
{0.0: 43557, 1.0: 4588, -1.0: 1155}
Iter-0: 71.51/17.61 | Iter-1: 85.12/33.1 | Iter-2: 77.94/26.15 | 
{0.0: 41339, 1.0: 5689, -1.0: 2272}
Iter-0: 69.3/17.68 | Iter-1: 81.87/32.06 | Iter-2: 74.7/25.55 | 
{0.0: 42793, 1.0: 4947, -1.0: 1560}
Iter-0: 70.8/17.6 | Iter-1: 87.22/32.78 | Iter-2: 80.73/25.89 | 
{0.0: 41696, 1.0: 5509, -1.0: 2095}
Iter-0: 72.91/17.6 | Iter-1: 83.83/32.52 | Iter-2: 75.3/25.83 | 
{0.0: 42043, 1.0: 5317, -1.0: 1940}
Iter-0: 72.32/17.66 | Iter-1: 84.92/32.51 | Iter-2: 77.97/25.86 | 
{0.0: 42420, 1.0: 5125, -1.0: 1755}
Iter-0: 73.17/17.63 | Iter-1: 87.8/32.84 | Iter-2: 80.77/25.97 | 
{0.0: 44815, 1.0: 3964, -1.0: 521}
Iter-0: 68.7/17.6 | Iter-1: 82.81/33.43 | Iter-2: 76.24/26.23 | Iter-3: 78.27/29.16 | Iter-4: 79.69/29.05 | 
{0.0: 43982, 1.0: 4361, -1.0: 957}
Iter-0: 69.37/17.54 | Iter-1: 83.45/33.05 | Iter-2: 76.87/25.98 | Iter-3: 79.53/28.77 | Iter-4: 83.69/28.65 | 
{0.0: 44388, 1.0: 4168, -1.0: 744}
Iter-0: 73.84/17.59 | Iter-1: 87.33/33.38 | Iter-2: 81.07/26.21 | Iter-3: 83.69/29.07 | Iter-4: 83.56/28.92 | 
prob_mse: 0.106642129817, running time: 599.535832882
1.0 ~~~~~~~~~~~~~~~~~~~~~~~~~~~~~~~~~~~~~~~~~~~~~~~~~~~~~~~~~~~~~~~`
dataset: slashdot method: Adv-CSL, #attack_edge:10000,T:10,test_ratio: 0.3,gamma:0.01
/network/rit/lab/ceashpc/adil/data/adv_csl/Jan2/random_pgd/slashdot/slashdot-attackedges-10000-T-10-testratio-0.3-swap_ratio-0.01-gamma-0.01-realization-0-data-X.pkl
#Rule:2036920 Nodes:164336 Edges:2036920
0 Creating 10 consumers
{0.0: 44815, 1.0: 3964, -1.0: 521}
{0.0: 43982, 1.0: 4361, -1.0: 957}
{0.0: 44388, 1.0: 4168, -1.0: 744}
{0.0: 43557, 1.0: 4588, -1.0: 1155}
{0.0: 43184, 1.0: 4767, -1.0: 1349}
{0.0: 42793, 1.0: 4947, -1.0: 1560}
{0.0: 42043, 1.0: 5317, -1.0: 1940}
{0.0: 42420, 1.0: 5125, -1.0: 1755}
{0.0: 41696, 1.0: 5509, -1.0: 2095}
{0.0: 41339, 1.0: 5689, -1.0: 2272}
1 Creating 10 consumers
{0.0: 43982, 1.0: 4361, -1.0: 957}
Iter-0: 84.27/33.26 | Iter-1: 88.25/38.81 | Iter-2: 86.15/35.93 | Iter-3: 86.0/36.15 | Iter-4: 85.7/34.43 | 
{0.0: 44388, 1.0: 4168, -1.0: 744}
Iter-0: 88.52/32.98 | Iter-1: 90.8/38.58 | Iter-2: 85.96/35.38 | Iter-3: 85.45/35.34 | Iter-4: 85.15/33.81 | 
{0.0: 44815, 1.0: 3964, -1.0: 521}
Iter-0: 87.7/33.57 | Iter-1: 91.2/39.22 | Iter-2: 87.63/36.12 | Iter-3: 87.27/36.18 | Iter-4: 87.22/34.63 | 
{0.0: 43184, 1.0: 4767, -1.0: 1349}
Iter-0: 83.98/32.92 | Iter-1: 87.9/38.24 | Iter-2: 85.75/35.52 | Iter-3: 86.22/35.83 | Iter-4: 85.61/34.08 | 
{0.0: 42793, 1.0: 4947, -1.0: 1560}
Iter-0: 83.26/32.23 | Iter-1: 87.35/37.66 | Iter-2: 84.91/34.69 | Iter-3: 85.27/34.99 | Iter-4: 84.77/33.21 | 
{0.0: 43557, 1.0: 4588, -1.0: 1155}
Iter-0: 86.76/33.06 | Iter-1: 90.7/38.5 | Iter-2: 86.9/35.71 | Iter-3: 87.15/36.02 | Iter-4: 86.84/34.21 | 
{0.0: 41696, 1.0: 5509, -1.0: 2095}
Iter-0: 82.66/31.98 | Iter-1: 87.0/37.09 | Iter-2: 84.25/34.4 | Iter-3: 84.67/34.76 | Iter-4: 84.39/32.97 | 
{0.0: 42420, 1.0: 5125, -1.0: 1755}
Iter-0: 86.5/32.73 | Iter-1: 90.62/37.92 | Iter-2: 87.9/35.22 | Iter-3: 88.14/35.55 | Iter-4: 88.21/33.76 | 
{0.0: 41339, 1.0: 5689, -1.0: 2272}
Iter-0: 82.57/31.75 | Iter-1: 87.23/36.85 | Iter-2: 84.14/34.21 | Iter-3: 84.73/34.67 | Iter-4: 84.75/32.86 | 
{0.0: 42043, 1.0: 5317, -1.0: 1940}
Iter-0: 82.34/31.92 | Iter-1: 92.11/37.15 | Iter-2: 88.18/34.6 | Iter-3: 89.01/34.87 | Iter-4: 88.61/33.15 | 
prob_mse: 0.152789334686, running time: 708.045665026
2.0 ~~~~~~~~~~~~~~~~~~~~~~~~~~~~~~~~~~~~~~~~~~~~~~~~~~~~~~~~~~~~~~~`
dataset: slashdot method: Adv-CSL, #attack_edge:10000,T:10,test_ratio: 0.3,gamma:0.03
/network/rit/lab/ceashpc/adil/data/adv_csl/Jan2/random_pgd/slashdot/slashdot-attackedges-10000-T-10-testratio-0.3-swap_ratio-0.01-gamma-0.03-realization-0-data-X.pkl
#Rule:2036920 Nodes:164336 Edges:2036920
0 Creating 10 consumers
{0.0: 44815, 1.0: 3964, -1.0: 521}
{0.0: 44388, 1.0: 4168, -1.0: 744}
{0.0: 43982, 1.0: 4361, -1.0: 957}
{0.0: 43557, 1.0: 4588, -1.0: 1155}
{0.0: 43184, 1.0: 4767, -1.0: 1349}
{0.0: 42793, 1.0: 4947, -1.0: 1560}
{0.0: 42420, 1.0: 5125, -1.0: 1755}
{0.0: 42043, 1.0: 5317, -1.0: 1940}
{0.0: 41696, 1.0: 5509, -1.0: 2095}
{0.0: 41339, 1.0: 5689, -1.0: 2272}
1 Creating 10 consumers
{0.0: 44815, 1.0: 3964, -1.0: 521}
Iter-0: 88.72/34.26 | Iter-1: 94.84/39.81 | Iter-2: 88.1/36.04 | Iter-3: 85.36/36.29 | Iter-4: 83.77/34.61 | 
{0.0: 44388, 1.0: 4168, -1.0: 744}
Iter-0: 83.86/33.06 | Iter-1: 92.2/38.53 | Iter-2: 86.03/35.39 | Iter-3: 86.25/35.51 | Iter-4: 84.55/33.85 | 
{0.0: 43982, 1.0: 4361, -1.0: 957}
Iter-0: 83.18/33.22 | Iter-1: 89.46/38.62 | Iter-2: 85.72/35.94 | Iter-3: 87.97/36.26 | Iter-4: 87.13/34.65 | 
{0.0: 43557, 1.0: 4588, -1.0: 1155}
Iter-0: 82.97/33.1 | Iter-1: 92.63/38.42 | Iter-2: 85.73/35.68 | Iter-3: 86.29/36.1 | Iter-4: 84.14/34.17 | 
{0.0: 42420, 1.0: 5125, -1.0: 1755}
Iter-0: 83.11/32.44 | Iter-1: 89.85/37.47 | Iter-2: 85.59/34.91 | Iter-3: 85.09/35.41 | Iter-4: 82.7/33.5 | 
{0.0: 42793, 1.0: 4947, -1.0: 1560}
Iter-0: 81.56/32.35 | Iter-1: 91.32/37.72 | Iter-2: 89.05/34.95 | Iter-3: 87.72/35.38 | Iter-4: 85.69/33.5 | 
{0.0: 43184, 1.0: 4767, -1.0: 1349}
Iter-0: 85.71/32.83 | Iter-1: 90.35/38.17 | Iter-2: 88.56/35.51 | Iter-3: 89.33/35.94 | Iter-4: 87.14/34.07 | 
{0.0: 42043, 1.0: 5317, -1.0: 1940}
Iter-0: 84.3/32.05 | Iter-1: 91.06/37.14 | Iter-2: 85.02/34.35 | Iter-3: 86.0/34.9 | Iter-4: 83.86/32.99 | 
{0.0: 41696, 1.0: 5509, -1.0: 2095}
Iter-0: 82.64/31.83 | Iter-1: 92.1/36.88 | Iter-2: 86.31/34.31 | Iter-3: 84.27/34.87 | Iter-4: 82.35/32.88 | 
{0.0: 41339, 1.0: 5689, -1.0: 2272}
Iter-0: 83.31/31.58 | Iter-1: 91.27/36.79 | Iter-2: 84.63/34.19 | Iter-3: 86.36/34.67 | Iter-4: 85.47/32.88 | 
prob_mse: 0.152359974307, running time: 705.787355185
3.0 ~~~~~~~~~~~~~~~~~~~~~~~~~~~~~~~~~~~~~~~~~~~~~~~~~~~~~~~~~~~~~~~`
dataset: slashdot method: Adv-CSL, #attack_edge:10000,T:10,test_ratio: 0.3,gamma:0.05
/network/rit/lab/ceashpc/adil/data/adv_csl/Jan2/random_pgd/slashdot/slashdot-attackedges-10000-T-10-testratio-0.3-swap_ratio-0.01-gamma-0.05-realization-0-data-X.pkl
#Rule:2036920 Nodes:164336 Edges:2036920
0 Creating 10 consumers
{0.0: 44388, 1.0: 4168, -1.0: 744}
{0.0: 44815, 1.0: 3964, -1.0: 521}
{0.0: 43982, 1.0: 4361, -1.0: 957}
{0.0: 43184, 1.0: 4767, -1.0: 1349}
{0.0: 43557, 1.0: 4588, -1.0: 1155}
{0.0: 42793, 1.0: 4947, -1.0: 1560}
{0.0: 42420, 1.0: 5125, -1.0: 1755}
{0.0: 42043, 1.0: 5317, -1.0: 1940}
{0.0: 41696, 1.0: 5509, -1.0: 2095}
{0.0: 41339, 1.0: 5689, -1.0: 2272}
1 Creating 10 consumers
{0.0: 44815, 1.0: 3964, -1.0: 521}
Iter-0: 85.62/33.61 | Iter-1: 89.71/38.81 | Iter-2: 90.12/36.04 | Iter-3: 90.62/36.6 | Iter-4: 90.96/34.75 | 
{0.0: 43982, 1.0: 4361, -1.0: 957}
Iter-0: 85.25/33.25 | Iter-1: 88.3/38.42 | Iter-2: 86.54/35.68 | Iter-3: 87.39/36.42 | Iter-4: 86.81/34.49 | 
{0.0: 44388, 1.0: 4168, -1.0: 744}
Iter-0: 87.24/33.12 | Iter-1: 89.92/38.35 | Iter-2: 87.88/35.26 | Iter-3: 88.53/35.8 | Iter-4: 88.44/33.95 | 
{0.0: 43557, 1.0: 4588, -1.0: 1155}
Iter-0: 88.28/33.03 | Iter-1: 90.26/38.24 | Iter-2: 85.7/35.45 | Iter-3: 86.56/36.14 | Iter-4: 86.19/34.23 | 
{0.0: 42793, 1.0: 4947, -1.0: 1560}
Iter-0: 83.52/32.31 | Iter-1: 88.17/37.39 | Iter-2: 83.75/34.55 | Iter-3: 84.82/35.34 | Iter-4: 84.05/33.31 | 
{0.0: 43184, 1.0: 4767, -1.0: 1349}
Iter-0: 83.39/32.78 | Iter-1: 87.23/37.68 | Iter-2: 87.89/35.34 | Iter-3: 88.67/36.11 | Iter-4: 88.19/34.15 | 
{0.0: 42420, 1.0: 5125, -1.0: 1755}
Iter-0: 84.36/32.54 | Iter-1: 87.64/37.38 | Iter-2: 85.76/34.85 | Iter-3: 86.47/35.58 | Iter-4: 86.02/33.66 | 
{0.0: 41696, 1.0: 5509, -1.0: 2095}
Iter-0: 82.37/31.71 | Iter-1: 90.06/36.61 | Iter-2: 88.02/34.13 | Iter-3: 89.32/34.94 | Iter-4: 88.74/32.97 | 
{0.0: 41339, 1.0: 5689, -1.0: 2272}
Iter-0: 83.87/31.75 | Iter-1: 90.09/36.64 | Iter-2: 85.14/34.13 | Iter-3: 86.18/34.96 | Iter-4: 86.02/32.94 | 
{0.0: 42043, 1.0: 5317, -1.0: 1940}
Iter-0: 89.79/35.54 | Iter-1: 94.65/41.13 | Iter-2: 88.0/34.42 | Iter-3: 88.96/35.22 | Iter-4: 88.91/33.2 | 
prob_mse: 0.151587496957, running time: 718.836463928
4.0 ~~~~~~~~~~~~~~~~~~~~~~~~~~~~~~~~~~~~~~~~~~~~~~~~~~~~~~~~~~~~~~~`
dataset: slashdot method: Adv-CSL, #attack_edge:10000,T:10,test_ratio: 0.3,gamma:0.07
/network/rit/lab/ceashpc/adil/data/adv_csl/Jan2/random_pgd/slashdot/slashdot-attackedges-10000-T-10-testratio-0.3-swap_ratio-0.01-gamma-0.07-realization-0-data-X.pkl
#Rule:2036920 Nodes:164336 Edges:2036920
0 Creating 10 consumers
{0.0: 44815, 1.0: 3964, -1.0: 521}
{0.0: 43982, 1.0: 4361, -1.0: 957}
{0.0: 44388, 1.0: 4168, -1.0: 744}
{0.0: 43557, 1.0: 4588, -1.0: 1155}
{0.0: 43184, 1.0: 4767, -1.0: 1349}
{0.0: 42793, 1.0: 4947, -1.0: 1560}
{0.0: 42420, 1.0: 5125, -1.0: 1755}
{0.0: 42043, 1.0: 5317, -1.0: 1940}
{0.0: 41696, 1.0: 5509, -1.0: 2095}
{0.0: 41339, 1.0: 5689, -1.0: 2272}
1 Creating 10 consumers
{0.0: 44388, 1.0: 4168, -1.0: 744}
Iter-0: 85.22/32.97 | Iter-1: 90.61/38.39 | Iter-2: 86.93/35.13 | Iter-3: 85.76/35.9 | Iter-4: 86.38/34.16 | 
{0.0: 43982, 1.0: 4361, -1.0: 957}
Iter-0: 84.37/33.36 | Iter-1: 89.01/38.36 | Iter-2: 85.24/35.69 | Iter-3: 86.29/36.61 | Iter-4: 87.32/34.67 | 
{0.0: 44815, 1.0: 3964, -1.0: 521}
Iter-0: 91.07/37.04 | Iter-1: 96.36/42.98 | Iter-2: 91.91/39.62 | Iter-3: 85.62/36.57 | Iter-4: 85.24/34.58 | 
{0.0: 42793, 1.0: 4947, -1.0: 1560}
Iter-0: 82.39/32.29 | Iter-1: 86.71/37.31 | Iter-2: 84.48/34.34 | Iter-3: 86.03/35.34 | Iter-4: 85.85/33.4 | 
{0.0: 43184, 1.0: 4767, -1.0: 1349}
Iter-0: 82.37/32.73 | Iter-1: 91.17/37.78 | Iter-2: 87.38/35.23 | Iter-3: 85.35/36.18 | Iter-4: 84.74/34.13 | 
{0.0: 43557, 1.0: 4588, -1.0: 1155}
Iter-0: 84.96/33.29 | Iter-1: 90.58/38.41 | Iter-2: 85.73/35.63 | Iter-3: 86.87/36.55 | Iter-4: 86.23/34.5 | 
{0.0: 42043, 1.0: 5317, -1.0: 1940}
Iter-0: 82.08/31.92 | Iter-1: 87.39/36.92 | Iter-2: 84.59/34.15 | Iter-3: 88.28/35.21 | Iter-4: 86.62/33.19 | 
{0.0: 42420, 1.0: 5125, -1.0: 1755}
Iter-0: 82.32/32.47 | Iter-1: 90.2/37.23 | Iter-2: 86.93/34.68 | Iter-3: 88.29/35.66 | Iter-4: 88.07/33.65 | 
{0.0: 41696, 1.0: 5509, -1.0: 2095}
Iter-0: 86.37/31.93 | Iter-1: 89.11/36.95 | Iter-2: 82.45/34.03 | Iter-3: 87.35/35.13 | Iter-4: 86.61/33.12 | 
{0.0: 41339, 1.0: 5689, -1.0: 2272}
Iter-0: 83.69/31.8 | Iter-1: 87.34/36.58 | Iter-2: 87.52/33.89 | Iter-3: 93.17/38.87 | Iter-4: 92.4/36.51 | 
prob_mse: 0.150911356322, running time: 718.250205994
5.0 ~~~~~~~~~~~~~~~~~~~~~~~~~~~~~~~~~~~~~~~~~~~~~~~~~~~~~~~~~~~~~~~`
dataset: slashdot method: Adv-CSL, #attack_edge:10000,T:10,test_ratio: 0.3,gamma:0.09
/network/rit/lab/ceashpc/adil/data/adv_csl/Jan2/random_pgd/slashdot/slashdot-attackedges-10000-T-10-testratio-0.3-swap_ratio-0.01-gamma-0.09-realization-0-data-X.pkl
#Rule:2036920 Nodes:164336 Edges:2036920
0 Creating 10 consumers
{0.0: 44815, 1.0: 3964, -1.0: 521}
{0.0: 44388, 1.0: 4168, -1.0: 744}
{0.0: 43982, 1.0: 4361, -1.0: 957}
{0.0: 43557, 1.0: 4588, -1.0: 1155}
{0.0: 43184, 1.0: 4767, -1.0: 1349}
{0.0: 42793, 1.0: 4947, -1.0: 1560}
{0.0: 42420, 1.0: 5125, -1.0: 1755}
{0.0: 42043, 1.0: 5317, -1.0: 1940}
{0.0: 41696, 1.0: 5509, -1.0: 2095}
{0.0: 41339, 1.0: 5689, -1.0: 2272}
1 Creating 10 consumers
{0.0: 44815, 1.0: 3964, -1.0: 521}
Iter-0: 82.15/33.58 | Iter-1: 88.67/38.66 | Iter-2: 83.81/35.63 | Iter-3: 87.79/36.74 | Iter-4: 83.17/34.57 | 
{0.0: 44388, 1.0: 4168, -1.0: 744}
Iter-0: 81.46/32.93 | Iter-1: 87.8/37.95 | Iter-2: 86.75/34.83 | Iter-3: 87.29/38.1 | Iter-4: 85.87/33.94 | 
{0.0: 43557, 1.0: 4588, -1.0: 1155}
Iter-0: 81.64/33.06 | Iter-1: 88.04/38.06 | Iter-2: 85.14/35.16 | Iter-3: 85.17/36.35 | Iter-4: 85.15/34.46 | 
{0.0: 43982, 1.0: 4361, -1.0: 957}
Iter-0: 83.15/33.23 | Iter-1: 91.42/38.28 | Iter-2: 85.87/35.42 | Iter-3: 87.68/36.62 | Iter-4: 85.56/34.45 | 
{0.0: 43184, 1.0: 4767, -1.0: 1349}
Iter-0: 81.3/32.74 | Iter-1: 87.74/37.66 | Iter-2: 87.27/34.88 | Iter-3: 87.76/36.13 | Iter-4: 84.71/34.05 | 
{0.0: 42793, 1.0: 4947, -1.0: 1560}
Iter-0: 81.27/32.33 | Iter-1: 88.74/37.38 | Iter-2: 85.68/34.37 | Iter-3: 88.64/36.67 | Iter-4: 88.63/37.02 | 
{0.0: 42420, 1.0: 5125, -1.0: 1755}
Iter-0: 81.14/32.36 | Iter-1: 88.07/36.96 | Iter-2: 85.37/34.31 | Iter-3: 88.31/36.08 | Iter-4: 84.76/33.58 | 
{0.0: 41696, 1.0: 5509, -1.0: 2095}
Iter-0: 80.73/31.76 | Iter-1: 90.98/36.63 | Iter-2: 85.86/33.87 | Iter-3: 85.97/35.2 | Iter-4: 85.16/32.88 | 
{0.0: 41339, 1.0: 5689, -1.0: 2272}
Iter-0: 81.25/31.59 | Iter-1: 89.3/36.4 | Iter-2: 84.97/33.73 | Iter-3: 83.69/34.81 | Iter-4: 81.71/32.71 | 
{0.0: 42043, 1.0: 5317, -1.0: 1940}
Iter-0: 80.79/32.21 | Iter-1: 99.75/41.23 | Iter-2: 83.54/34.89 | Iter-3: 87.33/35.44 | Iter-4: 85.61/33.35 | 
prob_mse: 0.150681467208, running time: 694.559598923
6.0 ~~~~~~~~~~~~~~~~~~~~~~~~~~~~~~~~~~~~~~~~~~~~~~~~~~~~~~~~~~~~~~~`
dataset: slashdot method: Adv-CSL, #attack_edge:10000,T:10,test_ratio: 0.3,gamma:0.2
/network/rit/lab/ceashpc/adil/data/adv_csl/Jan2/random_pgd/slashdot/slashdot-attackedges-10000-T-10-testratio-0.3-swap_ratio-0.01-gamma-0.2-realization-0-data-X.pkl
#Rule:2036920 Nodes:164336 Edges:2036920
0 Creating 10 consumers
{0.0: 44815, 1.0: 3964, -1.0: 521}
{0.0: 44388, 1.0: 4168, -1.0: 744}
{0.0: 43982, 1.0: 4361, -1.0: 957}
{0.0: 43557, 1.0: 4588, -1.0: 1155}
{0.0: 42793, 1.0: 4947, -1.0: 1560}
{0.0: 43184, 1.0: 4767, -1.0: 1349}
{0.0: 42420, 1.0: 5125, -1.0: 1755}
{0.0: 42043, 1.0: 5317, -1.0: 1940}
{0.0: 41696, 1.0: 5509, -1.0: 2095}
{0.0: 41339, 1.0: 5689, -1.0: 2272}
1 Creating 10 consumers
{0.0: 44815, 1.0: 3964, -1.0: 521}
Iter-0: 82.32/33.75 | Iter-1: 88.58/36.7 | Iter-2: 91.32/36.9 | Iter-3: 141.55/57.82 | Iter-4: 135.49/57.44 | 
{0.0: 43982, 1.0: 4361, -1.0: 957}
Iter-0: 83.09/33.28 | Iter-1: 86.59/36.27 | Iter-2: 96.22/36.34 | Iter-3: 144.36/60.58 | Iter-4: 134.79/57.62 | 
{0.0: 43184, 1.0: 4767, -1.0: 1349}
Iter-0: 83.92/33.05 | Iter-1: 87.98/36.12 | Iter-2: 102.33/36.15 | Iter-3: 141.17/59.59 | Iter-4: 130.5/56.22 | 
{0.0: 42420, 1.0: 5125, -1.0: 1755}
Iter-0: 80.75/32.59 | Iter-1: 85.63/35.52 | Iter-2: 104.16/35.56 | Iter-3: 140.56/60.04 | Iter-4: 129.44/54.94 | 
{0.0: 42793, 1.0: 4947, -1.0: 1560}
Iter-0: 80.55/32.35 | Iter-1: 87.8/35.12 | Iter-2: 104.9/35.41 | Iter-3: 143.62/61.79 | Iter-4: 129.69/56.27 | 
{0.0: 44388, 1.0: 4168, -1.0: 744}
Iter-0: 86.45/33.35 | Iter-1: 91.96/36.26 | Iter-2: 97.99/36.58 | Iter-3: 149.56/59.35 | Iter-4: 146.51/58.52 | 
{0.0: 43557, 1.0: 4588, -1.0: 1155}
Iter-0: 85.09/33.13 | Iter-1: 92.62/36.44 | Iter-2: 106.2/36.54 | Iter-3: 156.96/67.02 | Iter-4: 141.68/56.63 | 
{0.0: 41696, 1.0: 5509, -1.0: 2095}
Iter-0: 83.7/31.96 | Iter-1: 94.0/36.04 | Iter-2: 120.9/39.54 | Iter-3: 141.13/58.16 | Iter-4: 121.8/51.42 | 
{0.0: 42043, 1.0: 5317, -1.0: 1940}
Iter-0: 80.79/32.29 | Iter-1: 86.88/34.8 | Iter-2: 110.96/35.76 | Iter-3: 148.67/61.73 | Iter-4: 141.21/58.03 | 
{0.0: 41339, 1.0: 5689, -1.0: 2272}
Iter-0: 81.9/31.78 | Iter-1: 88.69/34.82 | Iter-2: 118.75/37.8 | Iter-3: 150.14/61.82 | Iter-4: 132.19/57.51 | 
prob_mse: 0.148658112238, running time: 842.169953108
7.0 ~~~~~~~~~~~~~~~~~~~~~~~~~~~~~~~~~~~~~~~~~~~~~~~~~~~~~~~~~~~~~~~`
dataset: slashdot method: Adv-CSL, #attack_edge:10000,T:10,test_ratio: 0.3,gamma:0.3
/network/rit/lab/ceashpc/adil/data/adv_csl/Jan2/random_pgd/slashdot/slashdot-attackedges-10000-T-10-testratio-0.3-swap_ratio-0.01-gamma-0.3-realization-0-data-X.pkl
#Rule:2036920 Nodes:164336 Edges:2036920
0 Creating 10 consumers
{0.0: 44815, 1.0: 3964, -1.0: 521}
{0.0: 44388, 1.0: 4168, -1.0: 744}
{0.0: 43982, 1.0: 4361, -1.0: 957}
{0.0: 43557, 1.0: 4588, -1.0: 1155}
{0.0: 43184, 1.0: 4767, -1.0: 1349}
{0.0: 42793, 1.0: 4947, -1.0: 1560}
{0.0: 42420, 1.0: 5125, -1.0: 1755}
{0.0: 41696, 1.0: 5509, -1.0: 2095}
{0.0: 42043, 1.0: 5317, -1.0: 1940}
{0.0: 41339, 1.0: 5689, -1.0: 2272}
1 Creating 10 consumers
{0.0: 44815, 1.0: 3964, -1.0: 521}
Iter-0: 103.91/44.93 | Iter-1: 105.92/40.22 | Iter-2: 116.37/48.72 | Iter-3: 114.1/50.57 | Iter-4: 103.05/43.04 | 
{0.0: 44388, 1.0: 4168, -1.0: 744}
Iter-0: 103.28/44.07 | Iter-1: 105.12/38.98 | Iter-2: 115.24/48.23 | Iter-3: 112.0/49.23 | Iter-4: 101.51/41.57 | 
{0.0: 43982, 1.0: 4361, -1.0: 957}
Iter-0: 109.56/49.85 | Iter-1: 115.14/44.02 | Iter-2: 112.55/47.32 | Iter-3: 109.85/44.62 | Iter-4: 104.28/42.5 | 
{0.0: 43184, 1.0: 4767, -1.0: 1349}
Iter-0: 104.06/42.53 | Iter-1: 115.04/43.92 | Iter-2: 113.55/47.99 | Iter-3: 110.67/46.68 | Iter-4: 100.86/40.71 | 
{0.0: 43557, 1.0: 4588, -1.0: 1155}
Iter-0: 104.8/42.98 | Iter-1: 118.86/43.39 | Iter-2: 122.08/47.92 | Iter-3: 109.39/45.41 | Iter-4: 101.36/41.54 | 
{0.0: 42793, 1.0: 4947, -1.0: 1560}
Iter-0: 102.96/43.26 | Iter-1: 114.92/43.79 | Iter-2: 111.09/46.73 | Iter-3: 108.47/44.34 | Iter-4: 99.16/39.96 | 
{0.0: 42420, 1.0: 5125, -1.0: 1755}
Iter-0: 102.65/42.56 | Iter-1: 115.63/46.32 | Iter-2: 112.32/47.8 | Iter-3: 108.64/45.46 | Iter-4: 99.62/41.86 | 
{0.0: 42043, 1.0: 5317, -1.0: 1940}
Iter-0: 99.16/39.36 | Iter-1: 114.66/45.7 | Iter-2: 112.74/47.07 | Iter-3: 108.26/44.28 | Iter-4: 97.53/39.83 | 
{0.0: 41696, 1.0: 5509, -1.0: 2095}
Iter-0: 101.38/38.04 | Iter-1: 120.19/45.71 | Iter-2: 119.76/47.37 | Iter-3: 107.08/40.85 | Iter-4: 94.49/38.06 | 
{0.0: 41339, 1.0: 5689, -1.0: 2272}
Iter-0: 102.24/37.2 | Iter-1: 120.13/45.81 | Iter-2: 117.31/47.49 | Iter-3: 105.5/40.15 | Iter-4: 93.38/36.99 | 
prob_mse: 0.146266248817, running time: 908.271595001
8.0 ~~~~~~~~~~~~~~~~~~~~~~~~~~~~~~~~~~~~~~~~~~~~~~~~~~~~~~~~~~~~~~~`
dataset: slashdot method: Adv-CSL, #attack_edge:10000,T:10,test_ratio: 0.3,gamma:0.4
/network/rit/lab/ceashpc/adil/data/adv_csl/Jan2/random_pgd/slashdot/slashdot-attackedges-10000-T-10-testratio-0.3-swap_ratio-0.01-gamma-0.4-realization-0-data-X.pkl
#Rule:2036920 Nodes:164336 Edges:2036920
0 Creating 10 consumers
{0.0: 44815, 1.0: 3964, -1.0: 521}
{0.0: 44388, 1.0: 4168, -1.0: 744}
{0.0: 43982, 1.0: 4361, -1.0: 957}
{0.0: 43557, 1.0: 4588, -1.0: 1155}
{0.0: 43184, 1.0: 4767, -1.0: 1349}
{0.0: 42793, 1.0: 4947, -1.0: 1560}
{0.0: 42420, 1.0: 5125, -1.0: 1755}
{0.0: 42043, 1.0: 5317, -1.0: 1940}
{0.0: 41696, 1.0: 5509, -1.0: 2095}
{0.0: 41339, 1.0: 5689, -1.0: 2272}
1 Creating 10 consumers
{0.0: 44815, 1.0: 3964, -1.0: 521}
Iter-0: 87.92/35.93 | Iter-1: 97.76/36.06 | Iter-2: 99.5/38.32 | Iter-3: 96.21/37.46 | Iter-4: 95.91/37.26 | 
{0.0: 44388, 1.0: 4168, -1.0: 744}
Iter-0: 89.82/35.89 | Iter-1: 96.42/35.45 | Iter-2: 97.34/37.74 | Iter-3: 93.58/36.63 | Iter-4: 93.74/36.62 | 
{0.0: 43982, 1.0: 4361, -1.0: 957}
Iter-0: 89.49/35.67 | Iter-1: 99.39/36.58 | Iter-2: 98.09/39.94 | Iter-3: 94.62/37.04 | Iter-4: 93.99/37.23 | 
{0.0: 42793, 1.0: 4947, -1.0: 1560}
Iter-0: 86.95/33.13 | Iter-1: 93.63/36.69 | Iter-2: 93.18/37.15 | Iter-3: 90.94/35.96 | Iter-4: 89.97/35.46 | 
{0.0: 43557, 1.0: 4588, -1.0: 1155}
Iter-0: 86.09/34.84 | Iter-1: 99.04/36.41 | Iter-2: 98.11/39.3 | Iter-3: 96.07/37.29 | Iter-4: 95.09/36.88 | 
{0.0: 43184, 1.0: 4767, -1.0: 1349}
Iter-0: 86.91/34.41 | Iter-1: 98.93/37.72 | Iter-2: 97.98/37.8 | Iter-3: 95.98/36.84 | Iter-4: 94.1/36.67 | 
{0.0: 41696, 1.0: 5509, -1.0: 2095}
Iter-0: 84.48/32.0 | Iter-1: 96.76/37.63 | Iter-2: 89.59/35.58 | Iter-3: 89.6/35.81 | Iter-4: 88.44/35.57 | 
{0.0: 42420, 1.0: 5125, -1.0: 1755}
Iter-0: 85.47/33.0 | Iter-1: 96.19/38.6 | Iter-2: 95.38/38.0 | Iter-3: 93.82/36.99 | Iter-4: 92.6/36.47 | 
{0.0: 42043, 1.0: 5317, -1.0: 1940}
Iter-0: 83.4/32.15 | Iter-1: 102.75/37.54 | Iter-2: 94.78/36.25 | Iter-3: 94.09/36.13 | Iter-4: 92.25/35.67 | 
{0.0: 41339, 1.0: 5689, -1.0: 2272}
Iter-0: 85.46/31.79 | Iter-1: 97.64/37.9 | Iter-2: 89.94/35.38 | Iter-3: 90.16/35.37 | Iter-4: 88.42/35.62 | 
prob_mse: 0.144836196078, running time: 756.028347969
9.0 ~~~~~~~~~~~~~~~~~~~~~~~~~~~~~~~~~~~~~~~~~~~~~~~~~~~~~~~~~~~~~~~`
dataset: slashdot method: Adv-CSL, #attack_edge:10000,T:10,test_ratio: 0.3,gamma:0.5
/network/rit/lab/ceashpc/adil/data/adv_csl/Jan2/random_pgd/slashdot/slashdot-attackedges-10000-T-10-testratio-0.3-swap_ratio-0.01-gamma-0.5-realization-0-data-X.pkl
#Rule:2036920 Nodes:164336 Edges:2036920
0 Creating 10 consumers
{0.0: 24901, 1.0: 2757, -1.0: 21642}
{0.0: 24855, 1.0: 2761, -1.0: 21684}
{0.0: 24846, 1.0: 2737, -1.0: 21717}
{0.0: 24827, 1.0: 2790, -1.0: 21683}
{0.0: 24820, 1.0: 2787, -1.0: 21693}
{0.0: 24738, 1.0: 2802, -1.0: 21760}
{0.0: 24732, 1.0: 2781, -1.0: 21787}
{0.0: 24713, 1.0: 2789, -1.0: 21798}
{0.0: 24746, 1.0: 2785, -1.0: 21769}
{0.0: 24751, 1.0: 2790, -1.0: 21759}
1 Creating 10 consumers
{0.0: 24827, 1.0: 2790, -1.0: 21683}
Iter-0: 83.29/33.17 | Iter-1: 87.03/36.01 | Iter-2: 81.98/32.24 | Iter-3: 83.51/33.57 | Iter-4: 83.37/33.29 | 
{0.0: 24901, 1.0: 2757, -1.0: 21642}
Iter-0: 86.62/33.31 | Iter-1: 92.41/35.8 | Iter-2: 84.28/32.84 | Iter-3: 88.35/33.91 | Iter-4: 86.7/33.6 | 
{0.0: 24855, 1.0: 2761, -1.0: 21684}
Iter-0: 84.03/33.4 | Iter-1: 89.24/36.09 | Iter-2: 84.15/32.67 | Iter-3: 85.08/33.92 | Iter-4: 84.87/33.6 | 
{0.0: 24846, 1.0: 2737, -1.0: 21717}
Iter-0: 83.92/33.26 | Iter-1: 91.72/35.84 | Iter-2: 87.0/33.27 | Iter-3: 88.32/34.3 | Iter-4: 87.91/33.69 | 
{0.0: 24820, 1.0: 2787, -1.0: 21693}
Iter-0: 84.74/33.29 | Iter-1: 89.87/36.35 | Iter-2: 83.74/32.18 | Iter-3: 85.1/33.64 | Iter-4: 87.24/33.41 | 
{0.0: 24732, 1.0: 2781, -1.0: 21787}
Iter-0: 87.82/33.43 | Iter-1: 93.02/36.11 | Iter-2: 83.25/32.87 | Iter-3: 88.23/33.89 | Iter-4: 84.07/33.71 | 
{0.0: 24713, 1.0: 2789, -1.0: 21798}
Iter-0: 85.39/33.38 | Iter-1: 88.93/36.15 | Iter-2: 84.23/32.32 | Iter-3: 86.79/33.72 | Iter-4: 86.52/33.37 | 
{0.0: 24738, 1.0: 2802, -1.0: 21760}
Iter-0: 86.09/33.32 | Iter-1: 93.85/36.57 | Iter-2: 87.1/32.12 | Iter-3: 88.82/33.66 | Iter-4: 88.55/33.41 | 
{0.0: 24746, 1.0: 2785, -1.0: 21769}
Iter-0: 85.55/33.25 | Iter-1: 90.4/36.25 | Iter-2: 84.08/32.16 | Iter-3: 85.63/33.59 | Iter-4: 85.56/33.36 | 
{0.0: 24751, 1.0: 2790, -1.0: 21759}
Iter-0: 87.32/33.4 | Iter-1: 92.13/36.62 | Iter-2: 85.77/32.18 | Iter-3: 87.66/34.08 | Iter-4: 87.36/33.54 | 
prob_mse: 0.413319506423, running time: 725.763840914
10.0 ~~~~~~~~~~~~~~~~~~~~~~~~~~~~~~~~~~~~~~~~~~~~~~~~~~~~~~~~~~~~~~~`
dataset: slashdot method: Adv-CSL, #attack_edge:10000,T:10,test_ratio: 0.3,gamma:0.0
/network/rit/lab/ceashpc/adil/data/adv_csl/Jan2/random_pgd_csl/slashdot/slashdot-attackedges-10000-T-10-testratio-0.3-swap_ratio-0.01-gamma-0.0-realization-0-data-X.pkl
#Rule:2036920 Nodes:164336 Edges:2036920
0 Creating 10 consumers
{0.0: 44842, 1.0: 3937, -1.0: 521}
{0.0: 44441, 1.0: 4124, -1.0: 735}
{0.0: 44041, 1.0: 4336, -1.0: 923}
{0.0: 43645, 1.0: 4536, -1.0: 1119}
{0.0: 43296, 1.0: 4719, -1.0: 1285}
{0.0: 42905, 1.0: 4902, -1.0: 1493}
{0.0: 42564, 1.0: 5057, -1.0: 1679}
{0.0: 42201, 1.0: 5248, -1.0: 1851}
{0.0: 41822, 1.0: 5442, -1.0: 2036}
{0.0: 41479, 1.0: 5600, -1.0: 2221}
1 Creating 10 consumers
{0.0: 41479, 1.0: 5600, -1.0: 2221}
Iter-0: 68.4/17.57 | Iter-1: 81.26/31.96 | Iter-2: 74.95/25.44 | 
{0.0: 41822, 1.0: 5442, -1.0: 2036}
Iter-0: 68.02/17.53 | Iter-1: 80.89/32.16 | Iter-2: 78.7/25.59 | 
{0.0: 43645, 1.0: 4536, -1.0: 1119}
Iter-0: 68.25/17.54 | Iter-1: 81.76/32.74 | Iter-2: 75.04/25.78 | Iter-3: 77.83/28.4 | Iter-4: 79.12/28.37 | 
{0.0: 44842, 1.0: 3937, -1.0: 521}
Iter-0: 70.7/17.58 | Iter-1: 84.79/33.23 | Iter-2: 78.17/26.9 | Iter-3: 80.62/28.84 | Iter-4: 81.99/28.89 | 
{0.0: 44441, 1.0: 4124, -1.0: 735}
Iter-0: 68.56/17.54 | Iter-1: 82.38/33.17 | Iter-2: 79.39/26.01 | Iter-3: 81.95/28.83 | Iter-4: 83.8/28.82 | 
{0.0: 43296, 1.0: 4719, -1.0: 1285}
Iter-0: 67.91/17.57 | Iter-1: 81.19/32.57 | Iter-2: 75.19/25.72 | Iter-3: 78.05/28.58 | Iter-4: 78.95/28.25 | 
{0.0: 44041, 1.0: 4336, -1.0: 923}
Iter-0: 70.16/17.55 | Iter-1: 83.86/32.76 | Iter-2: 77.79/25.88 | Iter-3: 80.57/28.52 | Iter-4: 81.96/28.58 | 
{0.0: 42905, 1.0: 4902, -1.0: 1493}
Iter-0: 69.54/17.56 | Iter-1: 83.21/32.45 | Iter-2: 78.17/25.7 | Iter-3: 78.46/28.15 | Iter-4: 79.99/27.98 | 
{0.0: 42564, 1.0: 5057, -1.0: 1679}
Iter-0: 67.6/17.5 | Iter-1: 82.76/32.34 | Iter-2: 79.11/25.71 | Iter-3: 81.24/28.14 | Iter-4: 83.23/27.95 | 
{0.0: 42201, 1.0: 5248, -1.0: 1851}
Iter-0: 67.49/17.56 | Iter-1: 80.67/32.1 | Iter-2: 78.86/25.56 | Iter-3: 80.95/27.99 | Iter-4: 83.64/30.1 | 
prob_mse: 0.105736302907, running time: 639.163134098
11.0 ~~~~~~~~~~~~~~~~~~~~~~~~~~~~~~~~~~~~~~~~~~~~~~~~~~~~~~~~~~~~~~~`
dataset: slashdot method: Adv-CSL, #attack_edge:10000,T:10,test_ratio: 0.3,gamma:0.01
/network/rit/lab/ceashpc/adil/data/adv_csl/Jan2/random_pgd_csl/slashdot/slashdot-attackedges-10000-T-10-testratio-0.3-swap_ratio-0.01-gamma-0.01-realization-0-data-X.pkl
#Rule:2036920 Nodes:164336 Edges:2036920
0 Creating 10 consumers
{0.0: 44842, 1.0: 3937, -1.0: 521}
{0.0: 44441, 1.0: 4124, -1.0: 735}
{0.0: 43645, 1.0: 4536, -1.0: 1119}
{0.0: 44041, 1.0: 4336, -1.0: 923}
{0.0: 42905, 1.0: 4902, -1.0: 1493}
{0.0: 43296, 1.0: 4719, -1.0: 1285}
{0.0: 42564, 1.0: 5057, -1.0: 1679}
{0.0: 42201, 1.0: 5248, -1.0: 1851}
{0.0: 41822, 1.0: 5442, -1.0: 2036}
{0.0: 41479, 1.0: 5600, -1.0: 2221}
1 Creating 10 consumers
{0.0: 44842, 1.0: 3937, -1.0: 521}
Iter-0: 83.43/34.07 | Iter-1: 90.32/39.13 | Iter-2: 88.78/39.13 | Iter-3: 87.89/38.05 | Iter-4: 87.12/37.73 | 
{0.0: 44441, 1.0: 4124, -1.0: 735}
Iter-0: 83.41/34.41 | Iter-1: 89.95/39.09 | Iter-2: 88.21/38.74 | Iter-3: 87.53/37.95 | Iter-4: 86.74/37.39 | 
{0.0: 43645, 1.0: 4536, -1.0: 1119}
Iter-0: 83.51/34.45 | Iter-1: 89.74/38.78 | Iter-2: 87.59/38.24 | Iter-3: 87.05/37.66 | Iter-4: 86.21/36.8 | 
{0.0: 43296, 1.0: 4719, -1.0: 1285}
Iter-0: 83.39/33.97 | Iter-1: 89.68/38.37 | Iter-2: 87.3/37.57 | Iter-3: 86.8/37.14 | Iter-4: 85.67/36.18 | 
{0.0: 42905, 1.0: 4902, -1.0: 1493}
Iter-0: 83.37/33.85 | Iter-1: 89.52/38.15 | Iter-2: 87.28/37.35 | Iter-3: 86.68/36.88 | Iter-4: 85.8/35.99 | 
{0.0: 42564, 1.0: 5057, -1.0: 1679}
Iter-0: 82.91/33.63 | Iter-1: 89.06/37.89 | Iter-2: 86.71/37.09 | Iter-3: 86.27/36.65 | Iter-4: 85.3/35.73 | 
{0.0: 44041, 1.0: 4336, -1.0: 923}
Iter-0: 87.16/34.49 | Iter-1: 94.4/39.15 | Iter-2: 91.6/38.71 | Iter-3: 91.06/38.01 | Iter-4: 89.84/37.17 | 
{0.0: 42201, 1.0: 5248, -1.0: 1851}
Iter-0: 82.79/33.36 | Iter-1: 88.36/37.52 | Iter-2: 86.61/36.87 | Iter-3: 86.19/36.36 | Iter-4: 85.22/35.55 | 
{0.0: 41822, 1.0: 5442, -1.0: 2036}
Iter-0: 82.24/33.08 | Iter-1: 87.85/37.06 | Iter-2: 85.72/36.51 | Iter-3: 85.37/35.92 | Iter-4: 84.77/35.28 | 
{0.0: 41479, 1.0: 5600, -1.0: 2221}
Iter-0: 82.26/32.93 | Iter-1: 88.15/36.94 | Iter-2: 85.9/36.4 | Iter-3: 85.28/35.83 | Iter-4: 85.92/35.23 | 
prob_mse: 0.144292079784, running time: 703.935977936
12.0 ~~~~~~~~~~~~~~~~~~~~~~~~~~~~~~~~~~~~~~~~~~~~~~~~~~~~~~~~~~~~~~~`
dataset: slashdot method: Adv-CSL, #attack_edge:10000,T:10,test_ratio: 0.3,gamma:0.03
/network/rit/lab/ceashpc/adil/data/adv_csl/Jan2/random_pgd_csl/slashdot/slashdot-attackedges-10000-T-10-testratio-0.3-swap_ratio-0.01-gamma-0.03-realization-0-data-X.pkl
#Rule:2036920 Nodes:164336 Edges:2036920
0 Creating 10 consumers
{0.0: 44842, 1.0: 3937, -1.0: 521}
{0.0: 44441, 1.0: 4124, -1.0: 735}
{0.0: 44041, 1.0: 4336, -1.0: 923}
{0.0: 43645, 1.0: 4536, -1.0: 1119}
{0.0: 43296, 1.0: 4719, -1.0: 1285}
{0.0: 42905, 1.0: 4902, -1.0: 1493}
{0.0: 42564, 1.0: 5057, -1.0: 1679}
{0.0: 42201, 1.0: 5248, -1.0: 1851}
{0.0: 41822, 1.0: 5442, -1.0: 2036}
{0.0: 41479, 1.0: 5600, -1.0: 2221}
1 Creating 10 consumers
{0.0: 44842, 1.0: 3937, -1.0: 521}
Iter-0: 89.27/35.72 | Iter-1: 90.67/38.84 | Iter-2: 91.18/39.1 | Iter-3: 88.43/37.84 | Iter-4: 91.13/37.86 | 
{0.0: 44041, 1.0: 4336, -1.0: 923}
Iter-0: 86.37/34.22 | Iter-1: 91.65/38.96 | Iter-2: 90.81/38.59 | Iter-3: 88.84/37.94 | Iter-4: 88.05/37.28 | 
{0.0: 44441, 1.0: 4124, -1.0: 735}
Iter-0: 87.46/34.54 | Iter-1: 91.15/38.96 | Iter-2: 91.27/38.86 | Iter-3: 87.93/37.98 | Iter-4: 91.96/37.68 | 
{0.0: 43645, 1.0: 4536, -1.0: 1119}
Iter-0: 86.36/34.27 | Iter-1: 90.39/38.5 | Iter-2: 90.78/38.1 | Iter-3: 86.54/37.61 | Iter-4: 92.0/36.88 | 
{0.0: 43296, 1.0: 4719, -1.0: 1285}
Iter-0: 86.84/34.07 | Iter-1: 91.42/38.31 | Iter-2: 89.93/37.7 | Iter-3: 87.02/37.28 | Iter-4: 87.56/36.39 | 
{0.0: 42905, 1.0: 4902, -1.0: 1493}
Iter-0: 86.56/33.64 | Iter-1: 90.28/37.84 | Iter-2: 88.82/37.32 | Iter-3: 86.46/36.87 | Iter-4: 91.08/36.1 | 
{0.0: 42564, 1.0: 5057, -1.0: 1679}
Iter-0: 83.81/33.5 | Iter-1: 90.59/37.72 | Iter-2: 89.04/37.24 | Iter-3: 89.77/36.68 | Iter-4: 91.46/36.02 | 
{0.0: 42201, 1.0: 5248, -1.0: 1851}
Iter-0: 86.61/33.3 | Iter-1: 88.98/37.54 | Iter-2: 86.46/37.09 | Iter-3: 89.37/36.53 | Iter-4: 86.51/35.84 | 
{0.0: 41822, 1.0: 5442, -1.0: 2036}
Iter-0: 86.71/33.21 | Iter-1: 85.77/36.99 | Iter-2: 85.64/36.68 | Iter-3: 84.86/36.04 | Iter-4: 88.67/35.63 | 
{0.0: 41479, 1.0: 5600, -1.0: 2221}
Iter-0: 86.93/32.99 | Iter-1: 85.98/36.87 | Iter-2: 88.96/36.59 | Iter-3: 87.14/37.87 | Iter-4: 90.88/35.64 | 
prob_mse: 0.143602404327, running time: 719.855574131
13.0 ~~~~~~~~~~~~~~~~~~~~~~~~~~~~~~~~~~~~~~~~~~~~~~~~~~~~~~~~~~~~~~~`
dataset: slashdot method: Adv-CSL, #attack_edge:10000,T:10,test_ratio: 0.3,gamma:0.05
/network/rit/lab/ceashpc/adil/data/adv_csl/Jan2/random_pgd_csl/slashdot/slashdot-attackedges-10000-T-10-testratio-0.3-swap_ratio-0.01-gamma-0.05-realization-0-data-X.pkl
#Rule:2036920 Nodes:164336 Edges:2036920
0 Creating 10 consumers
{0.0: 44842, 1.0: 3937, -1.0: 521}
{0.0: 44441, 1.0: 4124, -1.0: 735}
{0.0: 44041, 1.0: 4336, -1.0: 923}
{0.0: 43645, 1.0: 4536, -1.0: 1119}
{0.0: 43296, 1.0: 4719, -1.0: 1285}
{0.0: 42905, 1.0: 4902, -1.0: 1493}
{0.0: 42564, 1.0: 5057, -1.0: 1679}
{0.0: 42201, 1.0: 5248, -1.0: 1851}
{0.0: 41822, 1.0: 5442, -1.0: 2036}
{0.0: 41479, 1.0: 5600, -1.0: 2221}
1 Creating 10 consumers
{0.0: 44842, 1.0: 3937, -1.0: 521}
Iter-0: 85.65/33.91 | Iter-1: 90.28/38.75 | Iter-2: 88.06/38.88 | Iter-3: 88.12/37.84 | Iter-4: 86.83/37.9 | 
{0.0: 44441, 1.0: 4124, -1.0: 735}
Iter-0: 85.53/34.65 | Iter-1: 90.02/38.9 | Iter-2: 89.33/38.79 | Iter-3: 90.41/38.06 | Iter-4: 88.52/37.78 | 
{0.0: 42905, 1.0: 4902, -1.0: 1493}
Iter-0: 83.05/33.82 | Iter-1: 87.94/37.77 | Iter-2: 86.49/37.21 | Iter-3: 87.83/36.82 | Iter-4: 85.42/36.16 | 
{0.0: 44041, 1.0: 4336, -1.0: 923}
Iter-0: 82.63/34.27 | Iter-1: 88.21/38.46 | Iter-2: 94.57/42.26 | Iter-3: 94.88/41.62 | Iter-4: 93.48/41.16 | 
{0.0: 43645, 1.0: 4536, -1.0: 1119}
Iter-0: 86.42/34.2 | Iter-1: 90.69/38.2 | Iter-2: 90.41/37.86 | Iter-3: 91.54/37.45 | Iter-4: 89.3/36.93 | 
{0.0: 43296, 1.0: 4719, -1.0: 1285}
Iter-0: 83.39/33.89 | Iter-1: 91.0/38.19 | Iter-2: 90.28/37.41 | Iter-3: 91.57/37.13 | Iter-4: 89.14/36.48 | 
{0.0: 42564, 1.0: 5057, -1.0: 1679}
Iter-0: 82.01/33.59 | Iter-1: 89.41/37.54 | Iter-2: 89.45/37.15 | Iter-3: 91.46/36.82 | Iter-4: 88.81/36.24 | 
{0.0: 42201, 1.0: 5248, -1.0: 1851}
Iter-0: 84.46/33.54 | Iter-1: 90.35/38.18 | Iter-2: 87.91/36.95 | Iter-3: 89.88/36.52 | Iter-4: 86.96/35.92 | 
{0.0: 41822, 1.0: 5442, -1.0: 2036}
Iter-0: 82.27/33.18 | Iter-1: 89.21/36.92 | Iter-2: 89.25/36.64 | Iter-3: 90.97/36.04 | Iter-4: 88.24/35.74 | 
{0.0: 41479, 1.0: 5600, -1.0: 2221}
Iter-0: 84.26/32.95 | Iter-1: 87.48/36.57 | Iter-2: 87.86/36.41 | Iter-3: 89.01/35.73 | Iter-4: 86.9/35.52 | 
prob_mse: 0.142873859364, running time: 704.295478106
14.0 ~~~~~~~~~~~~~~~~~~~~~~~~~~~~~~~~~~~~~~~~~~~~~~~~~~~~~~~~~~~~~~~`
dataset: slashdot method: Adv-CSL, #attack_edge:10000,T:10,test_ratio: 0.3,gamma:0.07
/network/rit/lab/ceashpc/adil/data/adv_csl/Jan2/random_pgd_csl/slashdot/slashdot-attackedges-10000-T-10-testratio-0.3-swap_ratio-0.01-gamma-0.07-realization-0-data-X.pkl
#Rule:2036920 Nodes:164336 Edges:2036920
0 Creating 10 consumers
{0.0: 44842, 1.0: 3937, -1.0: 521}
{0.0: 44441, 1.0: 4124, -1.0: 735}
{0.0: 44041, 1.0: 4336, -1.0: 923}
{0.0: 43645, 1.0: 4536, -1.0: 1119}
{0.0: 43296, 1.0: 4719, -1.0: 1285}
{0.0: 42905, 1.0: 4902, -1.0: 1493}
{0.0: 42564, 1.0: 5057, -1.0: 1679}
{0.0: 42201, 1.0: 5248, -1.0: 1851}
{0.0: 41822, 1.0: 5442, -1.0: 2036}
{0.0: 41479, 1.0: 5600, -1.0: 2221}
1 Creating 10 consumers
{0.0: 44842, 1.0: 3937, -1.0: 521}
Iter-0: 84.63/33.85 | Iter-1: 90.69/38.61 | Iter-2: 88.33/38.5 | Iter-3: 88.14/37.71 | Iter-4: 87.99/37.69 | 
{0.0: 44441, 1.0: 4124, -1.0: 735}
Iter-0: 86.91/34.41 | Iter-1: 92.19/38.6 | Iter-2: 89.89/38.28 | Iter-3: 88.29/37.86 | Iter-4: 89.55/37.83 | 
{0.0: 43645, 1.0: 4536, -1.0: 1119}
Iter-0: 82.2/34.13 | Iter-1: 92.89/38.21 | Iter-2: 87.98/37.64 | Iter-3: 90.03/37.44 | Iter-4: 85.56/36.85 | 
{0.0: 44041, 1.0: 4336, -1.0: 923}
Iter-0: 85.98/34.31 | Iter-1: 91.94/39.29 | Iter-2: 88.51/38.03 | Iter-3: 88.34/37.59 | Iter-4: 87.47/36.98 | 
{0.0: 42564, 1.0: 5057, -1.0: 1679}
Iter-0: 81.76/33.86 | Iter-1: 87.32/37.65 | Iter-2: 85.31/36.91 | Iter-3: 85.17/36.69 | Iter-4: 85.5/36.08 | 
{0.0: 42905, 1.0: 4902, -1.0: 1493}
Iter-0: 83.35/33.74 | Iter-1: 88.09/37.78 | Iter-2: 85.81/36.96 | Iter-3: 85.84/36.73 | Iter-4: 88.12/36.08 | 
{0.0: 42201, 1.0: 5248, -1.0: 1851}
Iter-0: 81.45/33.25 | Iter-1: 89.52/37.22 | Iter-2: 88.05/36.64 | Iter-3: 85.11/36.18 | Iter-4: 85.35/35.68 | 
{0.0: 43296, 1.0: 4719, -1.0: 1285}
Iter-0: 86.02/33.95 | Iter-1: 92.44/38.09 | Iter-2: 93.42/41.4 | Iter-3: 88.18/37.06 | Iter-4: 88.13/36.38 | 
{0.0: 41479, 1.0: 5600, -1.0: 2221}
Iter-0: 81.8/32.94 | Iter-1: 86.89/36.57 | Iter-2: 87.04/36.13 | Iter-3: 85.85/35.61 | Iter-4: 87.69/35.49 | 
{0.0: 41822, 1.0: 5442, -1.0: 2036}
Iter-0: 83.05/33.18 | Iter-1: 95.06/40.09 | Iter-2: 85.53/36.42 | Iter-3: 87.17/35.93 | Iter-4: 87.88/35.8 | 
prob_mse: 0.142285603786, running time: 712.251595974
15.0 ~~~~~~~~~~~~~~~~~~~~~~~~~~~~~~~~~~~~~~~~~~~~~~~~~~~~~~~~~~~~~~~`
dataset: slashdot method: Adv-CSL, #attack_edge:10000,T:10,test_ratio: 0.3,gamma:0.09
/network/rit/lab/ceashpc/adil/data/adv_csl/Jan2/random_pgd_csl/slashdot/slashdot-attackedges-10000-T-10-testratio-0.3-swap_ratio-0.01-gamma-0.09-realization-0-data-X.pkl
#Rule:2036920 Nodes:164336 Edges:2036920
0 Creating 10 consumers
{0.0: 44842, 1.0: 3937, -1.0: 521}
{0.0: 44441, 1.0: 4124, -1.0: 735}
{0.0: 44041, 1.0: 4336, -1.0: 923}
{0.0: 43645, 1.0: 4536, -1.0: 1119}
{0.0: 43296, 1.0: 4719, -1.0: 1285}
{0.0: 42905, 1.0: 4902, -1.0: 1493}
{0.0: 42564, 1.0: 5057, -1.0: 1679}
{0.0: 41822, 1.0: 5442, -1.0: 2036}
{0.0: 42201, 1.0: 5248, -1.0: 1851}
{0.0: 41479, 1.0: 5600, -1.0: 2221}
1 Creating 10 consumers
{0.0: 44441, 1.0: 4124, -1.0: 735}
Iter-0: 84.73/34.68 | Iter-1: 88.91/38.65 | Iter-2: 86.0/38.25 | Iter-3: 85.85/37.93 | Iter-4: 85.43/37.63 | 
{0.0: 44842, 1.0: 3937, -1.0: 521}
Iter-0: 82.81/33.93 | Iter-1: 91.98/38.68 | Iter-2: 87.81/38.53 | Iter-3: 86.89/38.05 | Iter-4: 87.05/37.94 | 
{0.0: 44041, 1.0: 4336, -1.0: 923}
Iter-0: 84.86/34.65 | Iter-1: 89.54/38.62 | Iter-2: 86.77/37.9 | Iter-3: 86.8/37.79 | Iter-4: 86.4/37.15 | 
{0.0: 43645, 1.0: 4536, -1.0: 1119}
Iter-0: 84.33/34.29 | Iter-1: 91.0/38.38 | Iter-2: 88.25/37.64 | Iter-3: 88.16/37.62 | Iter-4: 87.4/36.87 | 
{0.0: 43296, 1.0: 4719, -1.0: 1285}
Iter-0: 84.72/34.2 | Iter-1: 91.3/38.3 | Iter-2: 87.29/37.3 | Iter-3: 87.5/37.37 | Iter-4: 86.88/36.59 | 
{0.0: 42905, 1.0: 4902, -1.0: 1493}
Iter-0: 82.06/33.84 | Iter-1: 91.87/37.97 | Iter-2: 87.85/37.06 | Iter-3: 87.99/37.06 | Iter-4: 86.3/36.32 | 
{0.0: 41822, 1.0: 5442, -1.0: 2036}
Iter-0: 83.11/33.37 | Iter-1: 90.66/37.08 | Iter-2: 87.51/36.53 | Iter-3: 87.31/36.27 | Iter-4: 86.12/35.86 | 
{0.0: 42201, 1.0: 5248, -1.0: 1851}
Iter-0: 84.61/34.02 | Iter-1: 91.2/37.61 | Iter-2: 88.33/36.81 | Iter-3: 88.26/36.75 | Iter-4: 87.07/36.17 | 
{0.0: 41479, 1.0: 5600, -1.0: 2221}
Iter-0: 84.77/33.19 | Iter-1: 89.02/36.95 | Iter-2: 86.13/36.07 | Iter-3: 86.18/35.88 | Iter-4: 85.31/35.53 | 
{0.0: 42564, 1.0: 5057, -1.0: 1679}
Iter-0: 86.58/33.95 | Iter-1: 92.38/37.72 | Iter-2: 95.23/40.84 | Iter-3: 95.35/40.91 | Iter-4: 92.17/40.17 | 
prob_mse: 0.142314335362, running time: 718.432268143
16.0 ~~~~~~~~~~~~~~~~~~~~~~~~~~~~~~~~~~~~~~~~~~~~~~~~~~~~~~~~~~~~~~~`
dataset: slashdot method: Adv-CSL, #attack_edge:10000,T:10,test_ratio: 0.3,gamma:0.2
/network/rit/lab/ceashpc/adil/data/adv_csl/Jan2/random_pgd_csl/slashdot/slashdot-attackedges-10000-T-10-testratio-0.3-swap_ratio-0.01-gamma-0.2-realization-0-data-X.pkl
#Rule:2036920 Nodes:164336 Edges:2036920
0 Creating 10 consumers
{0.0: 44842, 1.0: 3937, -1.0: 521}
{0.0: 44441, 1.0: 4124, -1.0: 735}
{0.0: 43645, 1.0: 4536, -1.0: 1119}
{0.0: 43296, 1.0: 4719, -1.0: 1285}
{0.0: 44041, 1.0: 4336, -1.0: 923}
{0.0: 42905, 1.0: 4902, -1.0: 1493}
{0.0: 42564, 1.0: 5057, -1.0: 1679}
{0.0: 42201, 1.0: 5248, -1.0: 1851}
{0.0: 41822, 1.0: 5442, -1.0: 2036}
{0.0: 41479, 1.0: 5600, -1.0: 2221}
1 Creating 10 consumers
{0.0: 44441, 1.0: 4124, -1.0: 735}
Iter-0: 82.56/34.36 | Iter-1: 89.39/39.72 | Iter-2: 85.24/37.14 | Iter-3: 86.27/38.22 | Iter-4: 84.44/36.96 | 
{0.0: 44041, 1.0: 4336, -1.0: 923}
Iter-0: 82.64/34.37 | Iter-1: 89.68/39.56 | Iter-2: 85.69/37.24 | Iter-3: 86.49/38.08 | Iter-4: 85.16/36.83 | 
{0.0: 42905, 1.0: 4902, -1.0: 1493}
Iter-0: 81.6/33.82 | Iter-1: 87.99/38.39 | Iter-2: 84.18/36.16 | Iter-3: 84.78/36.98 | Iter-4: 83.39/35.71 | 
{0.0: 43296, 1.0: 4719, -1.0: 1285}
Iter-0: 81.98/33.92 | Iter-1: 88.51/38.73 | Iter-2: 84.52/36.45 | Iter-3: 85.92/37.26 | Iter-4: 86.25/36.14 | 
{0.0: 43645, 1.0: 4536, -1.0: 1119}
Iter-0: 83.11/33.93 | Iter-1: 90.17/38.84 | Iter-2: 85.87/36.63 | Iter-3: 87.08/37.45 | Iter-4: 85.73/36.06 | 
{0.0: 41822, 1.0: 5442, -1.0: 2036}
Iter-0: 81.14/33.18 | Iter-1: 87.36/37.75 | Iter-2: 83.39/35.28 | Iter-3: 83.98/36.31 | Iter-4: 83.96/35.17 | 
{0.0: 42564, 1.0: 5057, -1.0: 1679}
Iter-0: 82.92/33.72 | Iter-1: 89.5/38.36 | Iter-2: 85.6/36.07 | Iter-3: 86.22/36.91 | Iter-4: 84.9/35.64 | 
{0.0: 42201, 1.0: 5248, -1.0: 1851}
Iter-0: 81.7/33.46 | Iter-1: 87.87/38.13 | Iter-2: 84.11/35.72 | Iter-3: 86.2/36.67 | Iter-4: 86.14/35.44 | 
{0.0: 41479, 1.0: 5600, -1.0: 2221}
Iter-0: 81.04/32.96 | Iter-1: 87.56/37.61 | Iter-2: 83.45/35.02 | Iter-3: 83.83/36.01 | Iter-4: 83.0/34.99 | 
{0.0: 44842, 1.0: 3937, -1.0: 521}
Iter-0: 91.86/37.54 | Iter-1: 101.66/44.7 | Iter-2: 96.56/41.65 | Iter-3: 97.38/42.9 | Iter-4: 94.05/41.61 | 
prob_mse: 0.139858210953, running time: 697.564178944
17.0 ~~~~~~~~~~~~~~~~~~~~~~~~~~~~~~~~~~~~~~~~~~~~~~~~~~~~~~~~~~~~~~~`
dataset: slashdot method: Adv-CSL, #attack_edge:10000,T:10,test_ratio: 0.3,gamma:0.3
/network/rit/lab/ceashpc/adil/data/adv_csl/Jan2/random_pgd_csl/slashdot/slashdot-attackedges-10000-T-10-testratio-0.3-swap_ratio-0.01-gamma-0.3-realization-0-data-X.pkl
#Rule:2036920 Nodes:164336 Edges:2036920
0 Creating 10 consumers
{0.0: 44842, 1.0: 3937, -1.0: 521}
{0.0: 44441, 1.0: 4124, -1.0: 735}
{0.0: 44041, 1.0: 4336, -1.0: 923}
{0.0: 43645, 1.0: 4536, -1.0: 1119}
{0.0: 43296, 1.0: 4719, -1.0: 1285}
{0.0: 42905, 1.0: 4902, -1.0: 1493}
{0.0: 42564, 1.0: 5057, -1.0: 1679}
{0.0: 42201, 1.0: 5248, -1.0: 1851}
{0.0: 41479, 1.0: 5600, -1.0: 2221}
{0.0: 41822, 1.0: 5442, -1.0: 2036}
1 Creating 10 consumers
{0.0: 44842, 1.0: 3937, -1.0: 521}
Iter-0: 84.11/33.98 | Iter-1: 93.15/42.5 | Iter-2: 87.23/36.66 | Iter-3: 85.97/37.83 | Iter-4: 88.88/37.75 | 
{0.0: 44441, 1.0: 4124, -1.0: 735}
Iter-0: 83.28/34.1 | Iter-1: 95.52/44.16 | Iter-2: 86.22/36.25 | Iter-3: 85.73/37.32 | Iter-4: 88.29/37.22 | 
{0.0: 43645, 1.0: 4536, -1.0: 1119}
Iter-0: 84.21/34.03 | Iter-1: 90.14/40.41 | Iter-2: 85.1/35.66 | Iter-3: 87.41/36.57 | Iter-4: 89.14/36.44 | 
{0.0: 43296, 1.0: 4719, -1.0: 1285}
Iter-0: 86.23/34.07 | Iter-1: 88.32/40.14 | Iter-2: 85.66/35.66 | Iter-3: 87.28/36.36 | Iter-4: 88.86/36.38 | 
{0.0: 44041, 1.0: 4336, -1.0: 923}
