

--------------------------------------------------
--------------------------------------------------

-------------------Mon, 21 Jan 2019 04:46:20 PM EST---------------------

0 ~~~~~~~~~~~~~~~~~~~~~~~~~~~~~~~~~~~~~~~~~~~~~~~~~~~~~~~~~~~~~~~`
dataset: facebook method: Adv-CSL, #attack_edge:10000,T:10,test_ratio: 0.3,gamma:0.0
/network/rit/lab/ceashpc/adil/data/adv_csl/Jan2/random_noise/facebook/facebook-attackedges-10000-T-10-testratio-0.3-swap_ratio-0.01-gamma-0.0-realization-1-data-X.pkl
#Rule:372936 Nodes:8078 Edges:372936
0 Creating 10 consumers
{0.0: 2257, 1.0: 109, -1.0: 58}

{0.0: 2240, 1.0: 117, -1.0: 67}

{0.0: 2204, 1.0: 132, -1.0: 88}

{0.0: 2227, 1.0: 124, -1.0: 73}

{0.0: 2177, 1.0: 146, -1.0: 101}

{0.0: 2152, 1.0: 164, -1.0: 108}

{0.0: 2117, 1.0: 177, -1.0: 130}

{0.0: 2097, 1.0: 183, -1.0: 144}

{0.0: 2081, 1.0: 190, -1.0: 153}

{0.0: 2058, 1.0: 203, -1.0: 163}

prob_mse: 0.0905009350935, running time: 19.2321050167
1.0 ~~~~~~~~~~~~~~~~~~~~~~~~~~~~~~~~~~~~~~~~~~~~~~~~~~~~~~~~~~~~~~~`
dataset: facebook method: Adv-CSL, #attack_edge:10000,T:10,test_ratio: 0.3,gamma:0.01
/network/rit/lab/ceashpc/adil/data/adv_csl/Jan2/random_noise/facebook/facebook-attackedges-10000-T-10-testratio-0.3-swap_ratio-0.01-gamma-0.01-realization-1-data-X.pkl
#Rule:372936 Nodes:8078 Edges:372936
0 Creating 10 consumers
{0.0: 2257, 1.0: 109, -1.0: 58}

{0.0: 2240, 1.0: 117, -1.0: 67}

{0.0: 2204, 1.0: 132, -1.0: 88}

{0.0: 2177, 1.0: 146, -1.0: 101}

{0.0: 2227, 1.0: 124, -1.0: 73}

{0.0: 2152, 1.0: 164, -1.0: 108}

{0.0: 2117, 1.0: 177, -1.0: 130}

{0.0: 2097, 1.0: 183, -1.0: 144}

{0.0: 2081, 1.0: 190, -1.0: 153}

{0.0: 2058, 1.0: 203, -1.0: 163}

prob_mse: 0.0905009350935, running time: 22.315789938
2.0 ~~~~~~~~~~~~~~~~~~~~~~~~~~~~~~~~~~~~~~~~~~~~~~~~~~~~~~~~~~~~~~~`
dataset: facebook method: Adv-CSL, #attack_edge:10000,T:10,test_ratio: 0.3,gamma:0.03
/network/rit/lab/ceashpc/adil/data/adv_csl/Jan2/random_noise/facebook/facebook-attackedges-10000-T-10-testratio-0.3-swap_ratio-0.01-gamma-0.03-realization-1-data-X.pkl
#Rule:372936 Nodes:8078 Edges:372936
0 Creating 10 consumers
{0.0: 2240, 1.0: 117, -1.0: 67}

{0.0: 2257, 1.0: 109, -1.0: 58}

{0.0: 2227, 1.0: 124, -1.0: 73}

{0.0: 2204, 1.0: 132, -1.0: 88}

{0.0: 2152, 1.0: 164, -1.0: 108}

{0.0: 2177, 1.0: 146, -1.0: 101}

{0.0: 2117, 1.0: 177, -1.0: 130}

{0.0: 2097, 1.0: 183, -1.0: 144}

{0.0: 2058, 1.0: 203, -1.0: 163}

{0.0: 2081, 1.0: 190, -1.0: 153}

prob_mse: 0.0905009350935, running time: 21.8131120205
3.0 ~~~~~~~~~~~~~~~~~~~~~~~~~~~~~~~~~~~~~~~~~~~~~~~~~~~~~~~~~~~~~~~`
dataset: facebook method: Adv-CSL, #attack_edge:10000,T:10,test_ratio: 0.3,gamma:0.05
/network/rit/lab/ceashpc/adil/data/adv_csl/Jan2/random_noise/facebook/facebook-attackedges-10000-T-10-testratio-0.3-swap_ratio-0.01-gamma-0.05-realization-1-data-X.pkl
#Rule:372936 Nodes:8078 Edges:372936
0 Creating 10 consumers
{0.0: 2257, 1.0: 109, -1.0: 58}

{0.0: 2227, 1.0: 124, -1.0: 73}

{0.0: 2204, 1.0: 132, -1.0: 88}

{0.0: 2240, 1.0: 117, -1.0: 67}

{0.0: 2177, 1.0: 146, -1.0: 101}

{0.0: 2152, 1.0: 164, -1.0: 108}

{0.0: 2117, 1.0: 177, -1.0: 130}

{0.0: 2097, 1.0: 183, -1.0: 144}

{0.0: 2081, 1.0: 190, -1.0: 153}

{0.0: 2058, 1.0: 203, -1.0: 163}

prob_mse: 0.0905009350935, running time: 21.8003499508
4.0 ~~~~~~~~~~~~~~~~~~~~~~~~~~~~~~~~~~~~~~~~~~~~~~~~~~~~~~~~~~~~~~~`
dataset: facebook method: Adv-CSL, #attack_edge:10000,T:10,test_ratio: 0.3,gamma:0.07
/network/rit/lab/ceashpc/adil/data/adv_csl/Jan2/random_noise/facebook/facebook-attackedges-10000-T-10-testratio-0.3-swap_ratio-0.01-gamma-0.07-realization-1-data-X.pkl
#Rule:372936 Nodes:8078 Edges:372936
0 Creating 10 consumers
{0.0: 2256, 1.0: 109, -1.0: 59}

{0.0: 2216, 1.0: 137, -1.0: 71}

{0.0: 2234, 1.0: 121, -1.0: 69}

{0.0: 2165, 1.0: 159, -1.0: 100}

{0.0: 2144, 1.0: 172, -1.0: 108}

{0.0: 2190, 1.0: 148, -1.0: 86}

{0.0: 2121, 1.0: 186, -1.0: 117}

{0.0: 2102, 1.0: 193, -1.0: 129}

{0.0: 2097, 1.0: 196, -1.0: 131}

{0.0: 2073, 1.0: 212, -1.0: 139}

prob_mse: 0.0907777777778, running time: 22.3028650284
5.0 ~~~~~~~~~~~~~~~~~~~~~~~~~~~~~~~~~~~~~~~~~~~~~~~~~~~~~~~~~~~~~~~`
dataset: facebook method: Adv-CSL, #attack_edge:10000,T:10,test_ratio: 0.3,gamma:0.09
/network/rit/lab/ceashpc/adil/data/adv_csl/Jan2/random_noise/facebook/facebook-attackedges-10000-T-10-testratio-0.3-swap_ratio-0.01-gamma-0.09-realization-1-data-X.pkl
#Rule:372936 Nodes:8078 Edges:372936
0 Creating 10 consumers
{0.0: 2256, 1.0: 109, -1.0: 59}

{0.0: 2234, 1.0: 121, -1.0: 69}

{0.0: 2216, 1.0: 137, -1.0: 71}

{0.0: 2165, 1.0: 159, -1.0: 100}

{0.0: 2144, 1.0: 172, -1.0: 108}

{0.0: 2190, 1.0: 148, -1.0: 86}

{0.0: 2121, 1.0: 186, -1.0: 117}

{0.0: 2102, 1.0: 193, -1.0: 129}

{0.0: 2097, 1.0: 196, -1.0: 131}

{0.0: 2073, 1.0: 212, -1.0: 139}

prob_mse: 0.0907777777778, running time: 22.0260679722
6.0 ~~~~~~~~~~~~~~~~~~~~~~~~~~~~~~~~~~~~~~~~~~~~~~~~~~~~~~~~~~~~~~~`
dataset: facebook method: Adv-CSL, #attack_edge:10000,T:10,test_ratio: 0.3,gamma:0.2
/network/rit/lab/ceashpc/adil/data/adv_csl/Jan2/random_noise/facebook/facebook-attackedges-10000-T-10-testratio-0.3-swap_ratio-0.01-gamma-0.2-realization-1-data-X.pkl
#Rule:372936 Nodes:8078 Edges:372936
0 Creating 10 consumers
{0.0: 2256, 1.0: 109, -1.0: 59}

{0.0: 2234, 1.0: 121, -1.0: 69}

{0.0: 2190, 1.0: 148, -1.0: 86}

{0.0: 2216, 1.0: 137, -1.0: 71}

{0.0: 2144, 1.0: 172, -1.0: 108}

{0.0: 2165, 1.0: 159, -1.0: 100}

{0.0: 2121, 1.0: 186, -1.0: 117}

{0.0: 2102, 1.0: 193, -1.0: 129}

{0.0: 2097, 1.0: 196, -1.0: 131}

{0.0: 2073, 1.0: 212, -1.0: 139}

prob_mse: 0.0907777777778, running time: 22.393460989
7.0 ~~~~~~~~~~~~~~~~~~~~~~~~~~~~~~~~~~~~~~~~~~~~~~~~~~~~~~~~~~~~~~~`
dataset: facebook method: Adv-CSL, #attack_edge:10000,T:10,test_ratio: 0.3,gamma:0.3
/network/rit/lab/ceashpc/adil/data/adv_csl/Jan2/random_noise/facebook/facebook-attackedges-10000-T-10-testratio-0.3-swap_ratio-0.01-gamma-0.3-realization-1-data-X.pkl
#Rule:372936 Nodes:8078 Edges:372936
0 Creating 10 consumers
{0.0: 2236, 1.0: 122, -1.0: 66}

{0.0: 2212, 1.0: 128, -1.0: 84}

{0.0: 2154, 1.0: 159, -1.0: 111}

{0.0: 2178, 1.0: 148, -1.0: 98}

{0.0: 2201, 1.0: 139, -1.0: 84}

{0.0: 2138, 1.0: 171, -1.0: 115}

{0.0: 2125, 1.0: 180, -1.0: 119}

{0.0: 2108, 1.0: 188, -1.0: 128}

{0.0: 2085, 1.0: 194, -1.0: 145}

{0.0: 2075, 1.0: 193, -1.0: 156}

prob_mse: 0.09387059956, running time: 22.0921089649
8.0 ~~~~~~~~~~~~~~~~~~~~~~~~~~~~~~~~~~~~~~~~~~~~~~~~~~~~~~~~~~~~~~~`
dataset: facebook method: Adv-CSL, #attack_edge:10000,T:10,test_ratio: 0.3,gamma:0.4
/network/rit/lab/ceashpc/adil/data/adv_csl/Jan2/random_noise/facebook/facebook-attackedges-10000-T-10-testratio-0.3-swap_ratio-0.01-gamma-0.4-realization-1-data-X.pkl
#Rule:372936 Nodes:8078 Edges:372936
0 Creating 10 consumers
{0.0: 2201, 1.0: 139, -1.0: 84}

{0.0: 2212, 1.0: 128, -1.0: 84}

{0.0: 2236, 1.0: 122, -1.0: 66}

{0.0: 2178, 1.0: 148, -1.0: 98}

{0.0: 2154, 1.0: 159, -1.0: 111}

{0.0: 2138, 1.0: 171, -1.0: 115}

{0.0: 2125, 1.0: 180, -1.0: 119}

{0.0: 2108, 1.0: 188, -1.0: 128}

{0.0: 2085, 1.0: 194, -1.0: 145}

{0.0: 2075, 1.0: 193, -1.0: 156}

prob_mse: 0.09387059956, running time: 22.4745349884
9.0 ~~~~~~~~~~~~~~~~~~~~~~~~~~~~~~~~~~~~~~~~~~~~~~~~~~~~~~~~~~~~~~~`
dataset: facebook method: Adv-CSL, #attack_edge:10000,T:10,test_ratio: 0.3,gamma:0.5
/network/rit/lab/ceashpc/adil/data/adv_csl/Jan2/random_noise/facebook/facebook-attackedges-10000-T-10-testratio-0.3-swap_ratio-0.01-gamma-0.5-realization-1-data-X.pkl
#Rule:372936 Nodes:8078 Edges:372936
0 Creating 10 consumers
{0.0: 2236, 1.0: 122, -1.0: 66}

{0.0: 2212, 1.0: 128, -1.0: 84}

{0.0: 2201, 1.0: 139, -1.0: 84}

{0.0: 2154, 1.0: 159, -1.0: 111}

{0.0: 2178, 1.0: 148, -1.0: 98}

{0.0: 2138, 1.0: 171, -1.0: 115}

{0.0: 2125, 1.0: 180, -1.0: 119}

{0.0: 2108, 1.0: 188, -1.0: 128}

{0.0: 2085, 1.0: 194, -1.0: 145}

{0.0: 2075, 1.0: 193, -1.0: 156}

prob_mse: 0.09387059956, running time: 22.6640980244
10.0 ~~~~~~~~~~~~~~~~~~~~~~~~~~~~~~~~~~~~~~~~~~~~~~~~~~~~~~~~~~~~~~~`
dataset: facebook method: Adv-CSL, #attack_edge:10000,T:10,test_ratio: 0.3,gamma:0.0
/network/rit/lab/ceashpc/adil/data/adv_csl/Jan2/random_noise/facebook/facebook-attackedges-10000-T-10-testratio-0.3-swap_ratio-0.01-gamma-0.0-realization-2-data-X.pkl
#Rule:372936 Nodes:8078 Edges:372936
0 Creating 10 consumers
{0.0: 2257, 1.0: 109, -1.0: 58}

{0.0: 2240, 1.0: 117, -1.0: 67}

{0.0: 2227, 1.0: 124, -1.0: 73}

{0.0: 2204, 1.0: 132, -1.0: 88}

{0.0: 2152, 1.0: 164, -1.0: 108}

{0.0: 2117, 1.0: 177, -1.0: 130}

{0.0: 2097, 1.0: 183, -1.0: 144}

{0.0: 2177, 1.0: 146, -1.0: 101}

{0.0: 2081, 1.0: 190, -1.0: 153}

{0.0: 2058, 1.0: 203, -1.0: 163}

prob_mse: 0.0905009350935, running time: 19.5720062256
11.0 ~~~~~~~~~~~~~~~~~~~~~~~~~~~~~~~~~~~~~~~~~~~~~~~~~~~~~~~~~~~~~~~`
dataset: facebook method: Adv-CSL, #attack_edge:10000,T:10,test_ratio: 0.3,gamma:0.01
/network/rit/lab/ceashpc/adil/data/adv_csl/Jan2/random_noise/facebook/facebook-attackedges-10000-T-10-testratio-0.3-swap_ratio-0.01-gamma-0.01-realization-2-data-X.pkl
#Rule:372936 Nodes:8078 Edges:372936
0 Creating 10 consumers
{0.0: 2240, 1.0: 117, -1.0: 67}

{0.0: 2257, 1.0: 109, -1.0: 58}

{0.0: 2204, 1.0: 132, -1.0: 88}

{0.0: 2227, 1.0: 124, -1.0: 73}

{0.0: 2152, 1.0: 164, -1.0: 108}

{0.0: 2177, 1.0: 146, -1.0: 101}

{0.0: 2117, 1.0: 177, -1.0: 130}

{0.0: 2097, 1.0: 183, -1.0: 144}

{0.0: 2058, 1.0: 203, -1.0: 163}

{0.0: 2081, 1.0: 190, -1.0: 153}

prob_mse: 0.0905009350935, running time: 22.5302269459
12.0 ~~~~~~~~~~~~~~~~~~~~~~~~~~~~~~~~~~~~~~~~~~~~~~~~~~~~~~~~~~~~~~~`
dataset: facebook method: Adv-CSL, #attack_edge:10000,T:10,test_ratio: 0.3,gamma:0.03
/network/rit/lab/ceashpc/adil/data/adv_csl/Jan2/random_noise/facebook/facebook-attackedges-10000-T-10-testratio-0.3-swap_ratio-0.01-gamma-0.03-realization-2-data-X.pkl
#Rule:372936 Nodes:8078 Edges:372936
0 Creating 10 consumers
{0.0: 2240, 1.0: 117, -1.0: 67}

{0.0: 2257, 1.0: 109, -1.0: 58}

{0.0: 2227, 1.0: 124, -1.0: 73}

{0.0: 2204, 1.0: 132, -1.0: 88}

{0.0: 2177, 1.0: 146, -1.0: 101}

{0.0: 2152, 1.0: 164, -1.0: 108}

{0.0: 2117, 1.0: 177, -1.0: 130}

{0.0: 2081, 1.0: 190, -1.0: 153}

{0.0: 2097, 1.0: 183, -1.0: 144}

{0.0: 2058, 1.0: 203, -1.0: 163}

prob_mse: 0.0905009350935, running time: 22.0524299145
13.0 ~~~~~~~~~~~~~~~~~~~~~~~~~~~~~~~~~~~~~~~~~~~~~~~~~~~~~~~~~~~~~~~`
dataset: facebook method: Adv-CSL, #attack_edge:10000,T:10,test_ratio: 0.3,gamma:0.05
/network/rit/lab/ceashpc/adil/data/adv_csl/Jan2/random_noise/facebook/facebook-attackedges-10000-T-10-testratio-0.3-swap_ratio-0.01-gamma-0.05-realization-2-data-X.pkl
#Rule:372936 Nodes:8078 Edges:372936
0 Creating 10 consumers
{0.0: 2257, 1.0: 109, -1.0: 58}

{0.0: 2240, 1.0: 117, -1.0: 67}

{0.0: 2204, 1.0: 132, -1.0: 88}

{0.0: 2227, 1.0: 124, -1.0: 73}

{0.0: 2152, 1.0: 164, -1.0: 108}

{0.0: 2177, 1.0: 146, -1.0: 101}

{0.0: 2117, 1.0: 177, -1.0: 130}

{0.0: 2097, 1.0: 183, -1.0: 144}

{0.0: 2081, 1.0: 190, -1.0: 153}

{0.0: 2058, 1.0: 203, -1.0: 163}

prob_mse: 0.0905009350935, running time: 22.806224823
14.0 ~~~~~~~~~~~~~~~~~~~~~~~~~~~~~~~~~~~~~~~~~~~~~~~~~~~~~~~~~~~~~~~`
dataset: facebook method: Adv-CSL, #attack_edge:10000,T:10,test_ratio: 0.3,gamma:0.07
/network/rit/lab/ceashpc/adil/data/adv_csl/Jan2/random_noise/facebook/facebook-attackedges-10000-T-10-testratio-0.3-swap_ratio-0.01-gamma-0.07-realization-2-data-X.pkl
#Rule:372936 Nodes:8078 Edges:372936
0 Creating 10 consumers
{0.0: 2256, 1.0: 109, -1.0: 59}

{0.0: 2234, 1.0: 121, -1.0: 69}

{0.0: 2216, 1.0: 137, -1.0: 71}

{0.0: 2165, 1.0: 159, -1.0: 100}

{0.0: 2190, 1.0: 148, -1.0: 86}

{0.0: 2144, 1.0: 172, -1.0: 108}

{0.0: 2102, 1.0: 193, -1.0: 129}

{0.0: 2121, 1.0: 186, -1.0: 117}

{0.0: 2097, 1.0: 196, -1.0: 131}

{0.0: 2073, 1.0: 212, -1.0: 139}

prob_mse: 0.0907777777778, running time: 22.0735058784
15.0 ~~~~~~~~~~~~~~~~~~~~~~~~~~~~~~~~~~~~~~~~~~~~~~~~~~~~~~~~~~~~~~~`
dataset: facebook method: Adv-CSL, #attack_edge:10000,T:10,test_ratio: 0.3,gamma:0.09
/network/rit/lab/ceashpc/adil/data/adv_csl/Jan2/random_noise/facebook/facebook-attackedges-10000-T-10-testratio-0.3-swap_ratio-0.01-gamma-0.09-realization-2-data-X.pkl
#Rule:372936 Nodes:8078 Edges:372936
0 Creating 10 consumers
{0.0: 2256, 1.0: 109, -1.0: 59}

{0.0: 2216, 1.0: 137, -1.0: 71}

{0.0: 2234, 1.0: 121, -1.0: 69}

{0.0: 2190, 1.0: 148, -1.0: 86}

{0.0: 2165, 1.0: 159, -1.0: 100}

{0.0: 2144, 1.0: 172, -1.0: 108}

{0.0: 2121, 1.0: 186, -1.0: 117}

{0.0: 2102, 1.0: 193, -1.0: 129}

{0.0: 2097, 1.0: 196, -1.0: 131}

{0.0: 2073, 1.0: 212, -1.0: 139}

prob_mse: 0.0907777777778, running time: 21.5449950695
16.0 ~~~~~~~~~~~~~~~~~~~~~~~~~~~~~~~~~~~~~~~~~~~~~~~~~~~~~~~~~~~~~~~`
dataset: facebook method: Adv-CSL, #attack_edge:10000,T:10,test_ratio: 0.3,gamma:0.2
/network/rit/lab/ceashpc/adil/data/adv_csl/Jan2/random_noise/facebook/facebook-attackedges-10000-T-10-testratio-0.3-swap_ratio-0.01-gamma-0.2-realization-2-data-X.pkl
#Rule:372936 Nodes:8078 Edges:372936
0 Creating 10 consumers
{0.0: 2234, 1.0: 121, -1.0: 69}

{0.0: 2216, 1.0: 137, -1.0: 71}

{0.0: 2190, 1.0: 148, -1.0: 86}

{0.0: 2256, 1.0: 109, -1.0: 59}

{0.0: 2165, 1.0: 159, -1.0: 100}

{0.0: 2144, 1.0: 172, -1.0: 108}

{0.0: 2121, 1.0: 186, -1.0: 117}

{0.0: 2097, 1.0: 196, -1.0: 131}

{0.0: 2102, 1.0: 193, -1.0: 129}

{0.0: 2073, 1.0: 212, -1.0: 139}

prob_mse: 0.0907777777778, running time: 22.1766810417
17.0 ~~~~~~~~~~~~~~~~~~~~~~~~~~~~~~~~~~~~~~~~~~~~~~~~~~~~~~~~~~~~~~~`
dataset: facebook method: Adv-CSL, #attack_edge:10000,T:10,test_ratio: 0.3,gamma:0.3
/network/rit/lab/ceashpc/adil/data/adv_csl/Jan2/random_noise/facebook/facebook-attackedges-10000-T-10-testratio-0.3-swap_ratio-0.01-gamma-0.3-realization-2-data-X.pkl
#Rule:372936 Nodes:8078 Edges:372936
0 Creating 10 consumers
{0.0: 2236, 1.0: 122, -1.0: 66}

{0.0: 2212, 1.0: 128, -1.0: 84}

{0.0: 2154, 1.0: 159, -1.0: 111}

{0.0: 2178, 1.0: 148, -1.0: 98}

{0.0: 2201, 1.0: 139, -1.0: 84}

{0.0: 2125, 1.0: 180, -1.0: 119}

{0.0: 2138, 1.0: 171, -1.0: 115}

{0.0: 2108, 1.0: 188, -1.0: 128}

{0.0: 2085, 1.0: 194, -1.0: 145}

{0.0: 2075, 1.0: 193, -1.0: 156}

prob_mse: 0.09387059956, running time: 21.9127361774
18.0 ~~~~~~~~~~~~~~~~~~~~~~~~~~~~~~~~~~~~~~~~~~~~~~~~~~~~~~~~~~~~~~~`
dataset: facebook method: Adv-CSL, #attack_edge:10000,T:10,test_ratio: 0.3,gamma:0.4
/network/rit/lab/ceashpc/adil/data/adv_csl/Jan2/random_noise/facebook/facebook-attackedges-10000-T-10-testratio-0.3-swap_ratio-0.01-gamma-0.4-realization-2-data-X.pkl
#Rule:372936 Nodes:8078 Edges:372936
0 Creating 10 consumers
{0.0: 2236, 1.0: 122, -1.0: 66}

{0.0: 2201, 1.0: 139, -1.0: 84}

{0.0: 2212, 1.0: 128, -1.0: 84}

{0.0: 2178, 1.0: 148, -1.0: 98}

{0.0: 2154, 1.0: 159, -1.0: 111}

{0.0: 2125, 1.0: 180, -1.0: 119}

{0.0: 2138, 1.0: 171, -1.0: 115}

{0.0: 2108, 1.0: 188, -1.0: 128}

{0.0: 2085, 1.0: 194, -1.0: 145}

{0.0: 2075, 1.0: 193, -1.0: 156}

prob_mse: 0.09387059956, running time: 21.0816857815
19.0 ~~~~~~~~~~~~~~~~~~~~~~~~~~~~~~~~~~~~~~~~~~~~~~~~~~~~~~~~~~~~~~~`
dataset: facebook method: Adv-CSL, #attack_edge:10000,T:10,test_ratio: 0.3,gamma:0.5
/network/rit/lab/ceashpc/adil/data/adv_csl/Jan2/random_noise/facebook/facebook-attackedges-10000-T-10-testratio-0.3-swap_ratio-0.01-gamma-0.5-realization-2-data-X.pkl
#Rule:372936 Nodes:8078 Edges:372936
0 Creating 10 consumers
{0.0: 2236, 1.0: 122, -1.0: 66}

{0.0: 2201, 1.0: 139, -1.0: 84}

{0.0: 2212, 1.0: 128, -1.0: 84}

{0.0: 2178, 1.0: 148, -1.0: 98}

{0.0: 2154, 1.0: 159, -1.0: 111}

{0.0: 2138, 1.0: 171, -1.0: 115}

{0.0: 2108, 1.0: 188, -1.0: 128}

{0.0: 2125, 1.0: 180, -1.0: 119}

{0.0: 2085, 1.0: 194, -1.0: 145}

{0.0: 2075, 1.0: 193, -1.0: 156}

prob_mse: 0.09387059956, running time: 23.1240820885
