

--------------------------------------------------
--------------------------------------------------

-------------------Mon, 21 Jan 2019 05:20:30 PM EST---------------------

0 ~~~~~~~~~~~~~~~~~~~~~~~~~~~~~~~~~~~~~~~~~~~~~~~~~~~~~~~~~~~~~~~`
dataset: facebook method: Adv-CSL, #attack_edge:10000,T:10,test_ratio: 0.3,gamma:0.0
/network/rit/lab/ceashpc/adil/data/adv_csl/Jan2/random_noise/facebook/facebook-attackedges-10000-T-10-testratio-0.3-swap_ratio-0.01-gamma-0.0-realization-3-data-X.pkl
#Rule:372936 Nodes:8078 Edges:372936
0 Creating 10 consumers
{0.0: 2257, 1.0: 109, -1.0: 58}

{0.0: 2240, 1.0: 117, -1.0: 67}

{0.0: 2227, 1.0: 124, -1.0: 73}

{0.0: 2204, 1.0: 132, -1.0: 88}

{0.0: 2177, 1.0: 146, -1.0: 101}

{0.0: 2152, 1.0: 164, -1.0: 108}

{0.0: 2117, 1.0: 177, -1.0: 130}

{0.0: 2081, 1.0: 190, -1.0: 153}

{0.0: 2058, 1.0: 203, -1.0: 163}

{0.0: 2097, 1.0: 183, -1.0: 144}

1 Creating 10 consumers
{0.0: 2204, 1.0: 132, -1.0: 88}

{0.0: 2177, 1.0: 146, -1.0: 101}

{0.0: 2152, 1.0: 164, -1.0: 108}

{0.0: 2117, 1.0: 177, -1.0: 130}

{0.0: 2257, 1.0: 109, -1.0: 58}
Iter-0: 9.86/3.45 | Iter-1: 11.96/5.56 | Iter-2: 10.6/4.23 | 
{0.0: 2240, 1.0: 117, -1.0: 67}
Iter-0: 9.99/3.45 | Iter-1: 12.34/5.55 | Iter-2: 10.6/4.21 | 
{0.0: 2227, 1.0: 124, -1.0: 73}
Iter-0: 9.95/3.45 | Iter-1: 12.39/5.57 | Iter-2: 11.11/4.23 | 
{0.0: 2097, 1.0: 183, -1.0: 144}
Iter-0: 9.89/3.44 | Iter-1: 11.86/5.47 | Iter-2: 10.57/4.2 | 
{0.0: 2058, 1.0: 203, -1.0: 163}
Iter-0: 10.01/3.43 | Iter-1: 11.9/5.4 | Iter-2: 10.62/4.17 | 
{0.0: 2081, 1.0: 190, -1.0: 153}
Iter-0: 10.13/3.43 | Iter-1: 12.31/5.45 | Iter-2: 11.0/4.19 | 
prob_mse: 0.0901924367437, running time: 73.6251049042
1.0 ~~~~~~~~~~~~~~~~~~~~~~~~~~~~~~~~~~~~~~~~~~~~~~~~~~~~~~~~~~~~~~~`
dataset: facebook method: Adv-CSL, #attack_edge:10000,T:10,test_ratio: 0.3,gamma:0.01
/network/rit/lab/ceashpc/adil/data/adv_csl/Jan2/random_noise/facebook/facebook-attackedges-10000-T-10-testratio-0.3-swap_ratio-0.01-gamma-0.01-realization-3-data-X.pkl
#Rule:372936 Nodes:8078 Edges:372936
0 Creating 10 consumers
{0.0: 2257, 1.0: 109, -1.0: 58}

{0.0: 2240, 1.0: 117, -1.0: 67}

{0.0: 2227, 1.0: 124, -1.0: 73}

{0.0: 2204, 1.0: 132, -1.0: 88}

{0.0: 2177, 1.0: 146, -1.0: 101}

{0.0: 2152, 1.0: 164, -1.0: 108}

{0.0: 2117, 1.0: 177, -1.0: 130}

{0.0: 2097, 1.0: 183, -1.0: 144}

{0.0: 2081, 1.0: 190, -1.0: 153}

{0.0: 2058, 1.0: 203, -1.0: 163}

1 Creating 10 consumers
{0.0: 2204, 1.0: 132, -1.0: 88}

{0.0: 2177, 1.0: 146, -1.0: 101}

{0.0: 2152, 1.0: 164, -1.0: 108}

{0.0: 2117, 1.0: 177, -1.0: 130}

{0.0: 2257, 1.0: 109, -1.0: 58}
Iter-0: 13.31/6.9 | Iter-1: 12.55/6.18 | Iter-2: 12.65/6.0 | Iter-3: 12.22/5.86 | Iter-4: 12.17/5.86 | 
{0.0: 2097, 1.0: 183, -1.0: 144}
Iter-0: 12.87/6.52 | Iter-1: 12.33/6.01 | Iter-2: 12.27/5.81 | Iter-3: 12.01/5.71 | Iter-4: 11.99/5.71 | 
{0.0: 2227, 1.0: 124, -1.0: 73}
Iter-0: 13.71/6.8 | Iter-1: 12.9/6.14 | Iter-2: 12.99/5.99 | Iter-3: 12.44/5.85 | Iter-4: 12.36/5.83 | 
{0.0: 2081, 1.0: 190, -1.0: 153}
Iter-0: 12.94/6.55 | Iter-1: 12.27/5.97 | Iter-2: 12.3/5.81 | Iter-3: 12.45/5.71 | Iter-4: 12.09/5.77 | 
{0.0: 2058, 1.0: 203, -1.0: 163}
Iter-0: 13.19/6.52 | Iter-1: 12.64/6.0 | Iter-2: 12.46/5.8 | Iter-3: 12.17/5.72 | Iter-4: 12.19/5.7 | 
{0.0: 2240, 1.0: 117, -1.0: 67}
Iter-0: 14.15/7.67 | Iter-1: 12.67/6.23 | Iter-2: 13.99/6.69 | Iter-3: 13.47/6.53 | Iter-4: 13.46/6.51 | 
prob_mse: 0.186833113311, running time: 94.6933250427
2.0 ~~~~~~~~~~~~~~~~~~~~~~~~~~~~~~~~~~~~~~~~~~~~~~~~~~~~~~~~~~~~~~~`
dataset: facebook method: Adv-CSL, #attack_edge:10000,T:10,test_ratio: 0.3,gamma:0.03
/network/rit/lab/ceashpc/adil/data/adv_csl/Jan2/random_noise/facebook/facebook-attackedges-10000-T-10-testratio-0.3-swap_ratio-0.01-gamma-0.03-realization-3-data-X.pkl
#Rule:372936 Nodes:8078 Edges:372936
0 Creating 10 consumers
{0.0: 2257, 1.0: 109, -1.0: 58}

{0.0: 2240, 1.0: 117, -1.0: 67}

{0.0: 2227, 1.0: 124, -1.0: 73}

{0.0: 2204, 1.0: 132, -1.0: 88}

{0.0: 2177, 1.0: 146, -1.0: 101}

{0.0: 2152, 1.0: 164, -1.0: 108}

{0.0: 2117, 1.0: 177, -1.0: 130}

{0.0: 2097, 1.0: 183, -1.0: 144}

{0.0: 2081, 1.0: 190, -1.0: 153}

{0.0: 2058, 1.0: 203, -1.0: 163}

1 Creating 10 consumers
{0.0: 2177, 1.0: 146, -1.0: 101}

{0.0: 2152, 1.0: 164, -1.0: 108}

{0.0: 2204, 1.0: 132, -1.0: 88}

{0.0: 2117, 1.0: 177, -1.0: 130}

{0.0: 2227, 1.0: 124, -1.0: 73}
Iter-0: 13.38/7.02 | Iter-1: 12.98/6.47 | Iter-2: 13.49/6.46 | Iter-3: 13.25/6.07 | Iter-4: 12.99/6.07 | 
{0.0: 2240, 1.0: 117, -1.0: 67}
Iter-0: 14.03/7.15 | Iter-1: 13.68/6.63 | Iter-2: 13.28/6.47 | Iter-3: 13.07/6.07 | Iter-4: 13.06/6.06 | 
{0.0: 2257, 1.0: 109, -1.0: 58}
Iter-0: 13.64/7.23 | Iter-1: 13.17/6.64 | Iter-2: 14.3/7.27 | Iter-3: 13.48/6.29 | Iter-4: 13.35/6.12 | 
{0.0: 2081, 1.0: 190, -1.0: 153}
Iter-0: 13.08/6.62 | Iter-1: 13.21/6.45 | Iter-2: 13.16/6.22 | Iter-3: 12.92/6.13 | Iter-4: 13.49/5.95 | 
{0.0: 2097, 1.0: 183, -1.0: 144}
Iter-0: 13.66/6.69 | Iter-1: 13.85/6.52 | Iter-2: 12.87/6.09 | Iter-3: 12.86/6.16 | Iter-4: 13.28/5.96 | 
{0.0: 2058, 1.0: 203, -1.0: 163}
Iter-0: 13.7/6.62 | Iter-1: 13.62/6.42 | Iter-2: 12.92/5.98 | Iter-3: 12.89/6.09 | Iter-4: 13.02/5.85 | 
prob_mse: 0.18669559956, running time: 98.4113070965
3.0 ~~~~~~~~~~~~~~~~~~~~~~~~~~~~~~~~~~~~~~~~~~~~~~~~~~~~~~~~~~~~~~~`
dataset: facebook method: Adv-CSL, #attack_edge:10000,T:10,test_ratio: 0.3,gamma:0.05
/network/rit/lab/ceashpc/adil/data/adv_csl/Jan2/random_noise/facebook/facebook-attackedges-10000-T-10-testratio-0.3-swap_ratio-0.01-gamma-0.05-realization-3-data-X.pkl
#Rule:372936 Nodes:8078 Edges:372936
0 Creating 10 consumers
{0.0: 2257, 1.0: 109, -1.0: 58}

{0.0: 2227, 1.0: 124, -1.0: 73}

{0.0: 2240, 1.0: 117, -1.0: 67}

{0.0: 2204, 1.0: 132, -1.0: 88}

{0.0: 2177, 1.0: 146, -1.0: 101}

{0.0: 2117, 1.0: 177, -1.0: 130}

{0.0: 2152, 1.0: 164, -1.0: 108}

{0.0: 2081, 1.0: 190, -1.0: 153}

{0.0: 2097, 1.0: 183, -1.0: 144}

{0.0: 2058, 1.0: 203, -1.0: 163}

1 Creating 10 consumers
{0.0: 2204, 1.0: 132, -1.0: 88}

{0.0: 2177, 1.0: 146, -1.0: 101}

{0.0: 2152, 1.0: 164, -1.0: 108}

{0.0: 2117, 1.0: 177, -1.0: 130}

{0.0: 2257, 1.0: 109, -1.0: 58}
Iter-0: 14.24/6.95 | Iter-1: 13.2/6.67 | Iter-2: 13.63/7.04 | Iter-3: 13.11/6.35 | Iter-4: 12.72/6.19 | 
{0.0: 2240, 1.0: 117, -1.0: 67}
Iter-0: 13.96/6.85 | Iter-1: 13.46/6.67 | Iter-2: 13.52/6.68 | Iter-3: 13.15/6.19 | Iter-4: 12.83/6.22 | 
{0.0: 2227, 1.0: 124, -1.0: 73}
Iter-0: 13.81/6.8 | Iter-1: 13.65/6.6 | Iter-2: 13.74/6.63 | Iter-3: 13.37/6.16 | Iter-4: 13.05/6.17 | 
{0.0: 2081, 1.0: 190, -1.0: 153}
Iter-0: 13.46/6.89 | Iter-1: 13.35/6.46 | Iter-2: 12.57/6.1 | Iter-3: 12.62/5.93 | Iter-4: 12.48/5.96 | 
{0.0: 2058, 1.0: 203, -1.0: 163}
Iter-0: 13.23/6.68 | Iter-1: 13.52/6.34 | Iter-2: 13.0/6.1 | Iter-3: 12.88/6.11 | Iter-4: 12.87/5.93 | 
{0.0: 2097, 1.0: 183, -1.0: 144}
Iter-0: 14.24/7.08 | Iter-1: 14.44/7.19 | Iter-2: 13.94/6.82 | Iter-3: 13.91/6.92 | Iter-4: 12.91/6.22 | 
prob_mse: 0.185664246425, running time: 101.341068983
4.0 ~~~~~~~~~~~~~~~~~~~~~~~~~~~~~~~~~~~~~~~~~~~~~~~~~~~~~~~~~~~~~~~`
dataset: facebook method: Adv-CSL, #attack_edge:10000,T:10,test_ratio: 0.3,gamma:0.07
/network/rit/lab/ceashpc/adil/data/adv_csl/Jan2/random_noise/facebook/facebook-attackedges-10000-T-10-testratio-0.3-swap_ratio-0.01-gamma-0.07-realization-3-data-X.pkl
#Rule:372936 Nodes:8078 Edges:372936
0 Creating 10 consumers
{0.0: 2234, 1.0: 121, -1.0: 69}

{0.0: 2256, 1.0: 109, -1.0: 59}

{0.0: 2216, 1.0: 137, -1.0: 71}

{0.0: 2165, 1.0: 159, -1.0: 100}

{0.0: 2190, 1.0: 148, -1.0: 86}

{0.0: 2144, 1.0: 172, -1.0: 108}

{0.0: 2121, 1.0: 186, -1.0: 117}

{0.0: 2102, 1.0: 193, -1.0: 129}

{0.0: 2097, 1.0: 196, -1.0: 131}

{0.0: 2073, 1.0: 212, -1.0: 139}

1 Creating 10 consumers
{0.0: 2216, 1.0: 137, -1.0: 71}

{0.0: 2190, 1.0: 148, -1.0: 86}

{0.0: 2165, 1.0: 159, -1.0: 100}

{0.0: 2144, 1.0: 172, -1.0: 108}

{0.0: 2256, 1.0: 109, -1.0: 59}
Iter-0: 13.37/6.79 | Iter-1: 13.32/6.8 | Iter-2: 13.29/6.61 | Iter-3: 12.87/6.4 | Iter-4: 12.88/6.43 | 
{0.0: 2102, 1.0: 193, -1.0: 129}
Iter-0: 12.96/6.41 | Iter-1: 13.04/6.5 | Iter-2: 12.77/6.14 | Iter-3: 12.53/6.1 | Iter-4: 12.59/6.16 | 
{0.0: 2234, 1.0: 121, -1.0: 69}
Iter-0: 13.35/6.72 | Iter-1: 13.81/6.81 | Iter-2: 14.07/7.22 | Iter-3: 13.66/7.04 | Iter-4: 13.73/7.08 | 
{0.0: 2121, 1.0: 186, -1.0: 117}
Iter-0: 13.5/6.49 | Iter-1: 13.66/6.63 | Iter-2: 13.41/6.27 | Iter-3: 13.12/6.23 | Iter-4: 13.24/6.3 | 
{0.0: 2073, 1.0: 212, -1.0: 139}
Iter-0: 13.08/6.33 | Iter-1: 13.3/6.47 | Iter-2: 12.99/6.08 | Iter-3: 12.83/6.08 | Iter-4: 12.97/6.15 | 
{0.0: 2097, 1.0: 196, -1.0: 131}
Iter-0: 13.87/7.16 | Iter-1: 13.99/7.03 | Iter-2: 12.85/6.17 | Iter-3: 12.61/6.14 | Iter-4: 13.02/6.21 | 
prob_mse: 0.189103080308, running time: 97.5082600117
5.0 ~~~~~~~~~~~~~~~~~~~~~~~~~~~~~~~~~~~~~~~~~~~~~~~~~~~~~~~~~~~~~~~`
dataset: facebook method: Adv-CSL, #attack_edge:10000,T:10,test_ratio: 0.3,gamma:0.09
/network/rit/lab/ceashpc/adil/data/adv_csl/Jan2/random_noise/facebook/facebook-attackedges-10000-T-10-testratio-0.3-swap_ratio-0.01-gamma-0.09-realization-3-data-X.pkl
#Rule:372936 Nodes:8078 Edges:372936
0 Creating 10 consumers
{0.0: 2256, 1.0: 109, -1.0: 59}

{0.0: 2234, 1.0: 121, -1.0: 69}

{0.0: 2216, 1.0: 137, -1.0: 71}

{0.0: 2190, 1.0: 148, -1.0: 86}

{0.0: 2144, 1.0: 172, -1.0: 108}

{0.0: 2165, 1.0: 159, -1.0: 100}

{0.0: 2121, 1.0: 186, -1.0: 117}

{0.0: 2102, 1.0: 193, -1.0: 129}

{0.0: 2097, 1.0: 196, -1.0: 131}

{0.0: 2073, 1.0: 212, -1.0: 139}

1 Creating 10 consumers
{0.0: 2190, 1.0: 148, -1.0: 86}

{0.0: 2165, 1.0: 159, -1.0: 100}

{0.0: 2144, 1.0: 172, -1.0: 108}

{0.0: 2216, 1.0: 137, -1.0: 71}

{0.0: 2256, 1.0: 109, -1.0: 59}
Iter-0: 13.45/6.78 | Iter-1: 13.4/6.85 | Iter-2: 13.27/6.64 | Iter-3: 13.38/6.51 | Iter-4: 13.18/6.53 | 
{0.0: 2234, 1.0: 121, -1.0: 69}
Iter-0: 13.71/6.73 | Iter-1: 13.58/6.82 | Iter-2: 13.34/6.58 | Iter-3: 13.18/6.45 | Iter-4: 13.21/6.5 | 
{0.0: 2121, 1.0: 186, -1.0: 117}
Iter-0: 13.51/6.48 | Iter-1: 13.24/6.66 | Iter-2: 12.89/6.31 | Iter-3: 12.84/6.29 | Iter-4: 12.9/6.35 | 
{0.0: 2102, 1.0: 193, -1.0: 129}
Iter-0: 13.17/6.38 | Iter-1: 13.44/6.53 | Iter-2: 12.87/6.22 | Iter-3: 12.79/6.19 | Iter-4: 12.85/6.25 | 
{0.0: 2097, 1.0: 196, -1.0: 131}
Iter-0: 13.11/6.43 | Iter-1: 13.14/6.58 | Iter-2: 12.74/6.19 | Iter-3: 12.73/6.19 | Iter-4: 13.22/6.3 | 
{0.0: 2073, 1.0: 212, -1.0: 139}
Iter-0: 13.16/6.35 | Iter-1: 14.31/7.22 | Iter-2: 13.84/6.84 | Iter-3: 13.88/6.86 | Iter-4: 12.79/6.28 | 
prob_mse: 0.188484185919, running time: 100.907089949
6.0 ~~~~~~~~~~~~~~~~~~~~~~~~~~~~~~~~~~~~~~~~~~~~~~~~~~~~~~~~~~~~~~~`
dataset: facebook method: Adv-CSL, #attack_edge:10000,T:10,test_ratio: 0.3,gamma:0.2
/network/rit/lab/ceashpc/adil/data/adv_csl/Jan2/random_noise/facebook/facebook-attackedges-10000-T-10-testratio-0.3-swap_ratio-0.01-gamma-0.2-realization-3-data-X.pkl
#Rule:372936 Nodes:8078 Edges:372936
0 Creating 10 consumers
{0.0: 2256, 1.0: 109, -1.0: 59}

{0.0: 2234, 1.0: 121, -1.0: 69}

{0.0: 2190, 1.0: 148, -1.0: 86}

{0.0: 2216, 1.0: 137, -1.0: 71}

{0.0: 2144, 1.0: 172, -1.0: 108}

{0.0: 2165, 1.0: 159, -1.0: 100}

{0.0: 2121, 1.0: 186, -1.0: 117}

{0.0: 2102, 1.0: 193, -1.0: 129}

{0.0: 2073, 1.0: 212, -1.0: 139}

{0.0: 2097, 1.0: 196, -1.0: 131}

1 Creating 10 consumers
{0.0: 2216, 1.0: 137, -1.0: 71}

{0.0: 2190, 1.0: 148, -1.0: 86}

{0.0: 2165, 1.0: 159, -1.0: 100}

{0.0: 2144, 1.0: 172, -1.0: 108}

{0.0: 2234, 1.0: 121, -1.0: 69}
Iter-0: 13.4/6.77 | Iter-1: 13.85/7.06 | Iter-2: 13.53/6.67 | Iter-3: 13.33/6.7 | Iter-4: 13.34/6.75 | 
{0.0: 2256, 1.0: 109, -1.0: 59}
Iter-0: 13.41/6.84 | Iter-1: 13.95/7.13 | Iter-2: 13.72/6.78 | Iter-3: 13.46/6.81 | Iter-4: 13.53/6.84 | 
{0.0: 2121, 1.0: 186, -1.0: 117}
Iter-0: 13.38/6.52 | Iter-1: 13.7/6.94 | Iter-2: 13.38/6.47 | Iter-3: 13.2/6.58 | Iter-4: 13.22/6.62 | 
{0.0: 2097, 1.0: 196, -1.0: 131}
Iter-0: 13.08/6.4 | Iter-1: 13.62/6.84 | Iter-2: 13.22/6.34 | Iter-3: 13.13/6.48 | Iter-4: 13.17/6.53 | 
{0.0: 2102, 1.0: 193, -1.0: 129}
Iter-0: 13.07/6.43 | Iter-1: 13.85/6.84 | Iter-2: 13.6/6.42 | Iter-3: 13.35/6.52 | Iter-4: 13.89/7.28 | 
{0.0: 2073, 1.0: 212, -1.0: 139}
Iter-0: 13.02/6.34 | Iter-1: 13.96/7.14 | Iter-2: 13.17/6.26 | Iter-3: 13.05/6.38 | Iter-4: 13.05/6.47 | 
prob_mse: 0.185493179318, running time: 98.7206940651
7.0 ~~~~~~~~~~~~~~~~~~~~~~~~~~~~~~~~~~~~~~~~~~~~~~~~~~~~~~~~~~~~~~~`
dataset: facebook method: Adv-CSL, #attack_edge:10000,T:10,test_ratio: 0.3,gamma:0.3
/network/rit/lab/ceashpc/adil/data/adv_csl/Jan2/random_noise/facebook/facebook-attackedges-10000-T-10-testratio-0.3-swap_ratio-0.01-gamma-0.3-realization-3-data-X.pkl
#Rule:372936 Nodes:8078 Edges:372936
0 Creating 10 consumers
{0.0: 2236, 1.0: 122, -1.0: 66}

{0.0: 2201, 1.0: 139, -1.0: 84}

{0.0: 2212, 1.0: 128, -1.0: 84}

{0.0: 2178, 1.0: 148, -1.0: 98}

{0.0: 2154, 1.0: 159, -1.0: 111}

{0.0: 2108, 1.0: 188, -1.0: 128}

{0.0: 2138, 1.0: 171, -1.0: 115}

{0.0: 2125, 1.0: 180, -1.0: 119}

{0.0: 2085, 1.0: 194, -1.0: 145}

{0.0: 2075, 1.0: 193, -1.0: 156}

1 Creating 10 consumers
{0.0: 2138, 1.0: 171, -1.0: 115}

{0.0: 2125, 1.0: 180, -1.0: 119}

{0.0: 2212, 1.0: 128, -1.0: 84}
Iter-0: 13.05/6.82 | Iter-1: 13.51/7.19 | Iter-2: 13.12/6.68 | Iter-3: 12.97/6.73 | Iter-4: 13.12/6.73 | 
{0.0: 2201, 1.0: 139, -1.0: 84}
Iter-0: 13.16/6.85 | Iter-1: 13.99/7.26 | Iter-2: 13.19/6.69 | Iter-3: 13.02/6.77 | Iter-4: 13.35/6.81 | 
{0.0: 2085, 1.0: 194, -1.0: 145}
Iter-0: 12.79/6.49 | Iter-1: 13.22/6.91 | Iter-2: 12.87/6.38 | Iter-3: 12.77/6.47 | Iter-4: 13.04/6.5 | 
{0.0: 2154, 1.0: 159, -1.0: 111}
Iter-0: 12.98/6.67 | Iter-1: 13.87/7.11 | Iter-2: 13.65/6.65 | Iter-3: 13.25/6.68 | Iter-4: 13.04/6.67 | 
{0.0: 2178, 1.0: 148, -1.0: 98}
Iter-0: 13.5/6.75 | Iter-1: 14.03/7.15 | Iter-2: 13.44/6.64 | Iter-3: 13.05/6.72 | Iter-4: 13.42/6.69 | 
{0.0: 2075, 1.0: 193, -1.0: 156}
Iter-0: 12.87/6.44 | Iter-1: 13.29/6.84 | Iter-2: 12.95/6.32 | Iter-3: 12.87/6.44 | Iter-4: 12.89/6.46 | 
{0.0: 2108, 1.0: 188, -1.0: 128}
Iter-0: 12.85/6.52 | Iter-1: 13.86/6.99 | Iter-2: 13.45/6.45 | Iter-3: 13.28/6.55 | Iter-4: 13.29/6.57 | 
{0.0: 2236, 1.0: 122, -1.0: 66}
Iter-0: 14.46/7.7 | Iter-1: 14.54/7.9 | Iter-2: 14.49/7.56 | Iter-3: 14.25/7.61 | Iter-4: 13.71/7.19 | 
prob_mse: 0.212205390539, running time: 98.5096030235
8.0 ~~~~~~~~~~~~~~~~~~~~~~~~~~~~~~~~~~~~~~~~~~~~~~~~~~~~~~~~~~~~~~~`
dataset: facebook method: Adv-CSL, #attack_edge:10000,T:10,test_ratio: 0.3,gamma:0.4
/network/rit/lab/ceashpc/adil/data/adv_csl/Jan2/random_noise/facebook/facebook-attackedges-10000-T-10-testratio-0.3-swap_ratio-0.01-gamma-0.4-realization-3-data-X.pkl
#Rule:372936 Nodes:8078 Edges:372936
0 Creating 10 consumers
{0.0: 2236, 1.0: 122, -1.0: 66}

{0.0: 2201, 1.0: 139, -1.0: 84}

{0.0: 2212, 1.0: 128, -1.0: 84}

{0.0: 2178, 1.0: 148, -1.0: 98}

{0.0: 2138, 1.0: 171, -1.0: 115}

{0.0: 2154, 1.0: 159, -1.0: 111}

{0.0: 2125, 1.0: 180, -1.0: 119}

{0.0: 2085, 1.0: 194, -1.0: 145}

{0.0: 2108, 1.0: 188, -1.0: 128}

{0.0: 2075, 1.0: 193, -1.0: 156}

1 Creating 10 consumers
{0.0: 2138, 1.0: 171, -1.0: 115}

{0.0: 2125, 1.0: 180, -1.0: 119}

{0.0: 2236, 1.0: 122, -1.0: 66}
Iter-0: 13.17/6.89 | Iter-1: 13.8/7.42 | Iter-2: 13.01/6.72 | Iter-3: 13.13/6.86 | Iter-4: 13.11/6.81 | 
{0.0: 2212, 1.0: 128, -1.0: 84}
Iter-0: 13.16/6.88 | Iter-1: 13.63/7.35 | Iter-2: 12.91/6.67 | Iter-3: 13.2/6.8 | Iter-4: 13.56/6.81 | 
{0.0: 2201, 1.0: 139, -1.0: 84}
Iter-0: 13.05/6.78 | Iter-1: 13.57/7.3 | Iter-2: 12.86/6.61 | Iter-3: 13.02/6.77 | Iter-4: 13.54/6.74 | 
{0.0: 2108, 1.0: 188, -1.0: 128}
Iter-0: 12.87/6.53 | Iter-1: 13.34/7.06 | Iter-2: 12.63/6.36 | Iter-3: 12.8/6.52 | Iter-4: 12.8/6.53 | 
{0.0: 2085, 1.0: 194, -1.0: 145}
Iter-0: 12.84/6.48 | Iter-1: 13.35/7.03 | Iter-2: 12.63/6.33 | Iter-3: 12.8/6.5 | Iter-4: 12.83/6.52 | 
{0.0: 2154, 1.0: 159, -1.0: 111}
Iter-0: 13.32/6.76 | Iter-1: 13.82/7.28 | Iter-2: 13.07/6.58 | Iter-3: 13.26/6.74 | Iter-4: 13.24/6.72 | 
{0.0: 2178, 1.0: 148, -1.0: 98}
Iter-0: 13.87/7.5 | Iter-1: 13.92/7.27 | Iter-2: 12.85/6.56 | Iter-3: 13.02/6.71 | Iter-4: 13.98/7.08 | 
{0.0: 2075, 1.0: 193, -1.0: 156}
Iter-0: 12.94/6.44 | Iter-1: 13.42/7.0 | Iter-2: 12.66/6.27 | Iter-3: 12.94/6.45 | Iter-4: 13.11/6.49 | 
prob_mse: 0.207701815182, running time: 98.3882551193
9.0 ~~~~~~~~~~~~~~~~~~~~~~~~~~~~~~~~~~~~~~~~~~~~~~~~~~~~~~~~~~~~~~~`
dataset: facebook method: Adv-CSL, #attack_edge:10000,T:10,test_ratio: 0.3,gamma:0.5
/network/rit/lab/ceashpc/adil/data/adv_csl/Jan2/random_noise/facebook/facebook-attackedges-10000-T-10-testratio-0.3-swap_ratio-0.01-gamma-0.5-realization-3-data-X.pkl
#Rule:372936 Nodes:8078 Edges:372936
0 Creating 10 consumers
{0.0: 2236, 1.0: 122, -1.0: 66}

{0.0: 2212, 1.0: 128, -1.0: 84}

{0.0: 2201, 1.0: 139, -1.0: 84}

{0.0: 2178, 1.0: 148, -1.0: 98}

{0.0: 2154, 1.0: 159, -1.0: 111}

{0.0: 2125, 1.0: 180, -1.0: 119}

{0.0: 2138, 1.0: 171, -1.0: 115}

{0.0: 2108, 1.0: 188, -1.0: 128}

{0.0: 2085, 1.0: 194, -1.0: 145}

{0.0: 2075, 1.0: 193, -1.0: 156}

1 Creating 10 consumers
{0.0: 2138, 1.0: 171, -1.0: 115}

{0.0: 2125, 1.0: 180, -1.0: 119}

{0.0: 2201, 1.0: 139, -1.0: 84}
Iter-0: 13.1/6.8 | Iter-1: 13.82/7.45 | Iter-2: 13.1/6.61 | Iter-3: 13.13/6.84 | Iter-4: 13.07/6.8 | 
{0.0: 2236, 1.0: 122, -1.0: 66}
Iter-0: 13.22/6.94 | Iter-1: 14.4/7.59 | Iter-2: 13.25/6.78 | Iter-3: 13.18/6.93 | Iter-4: 13.53/6.89 | 
{0.0: 2212, 1.0: 128, -1.0: 84}
Iter-0: 13.13/6.84 | Iter-1: 14.03/7.48 | Iter-2: 13.4/6.72 | Iter-3: 13.63/6.9 | Iter-4: 13.69/6.86 | 
{0.0: 2154, 1.0: 159, -1.0: 111}
Iter-0: 13.07/6.66 | Iter-1: 13.9/7.6 | Iter-2: 12.93/6.52 | Iter-3: 13.43/6.73 | Iter-4: 13.46/6.72 | 
{0.0: 2178, 1.0: 148, -1.0: 98}
Iter-0: 13.43/6.77 | Iter-1: 13.86/7.4 | Iter-2: 13.16/6.58 | Iter-3: 13.39/6.77 | Iter-4: 13.39/6.75 | 
{0.0: 2085, 1.0: 194, -1.0: 145}
Iter-0: 12.82/6.51 | Iter-1: 13.43/7.16 | Iter-2: 12.79/6.35 | Iter-3: 12.86/6.57 | Iter-4: 13.13/6.54 | 
{0.0: 2108, 1.0: 188, -1.0: 128}
Iter-0: 12.9/6.53 | Iter-1: 13.5/7.2 | Iter-2: 12.84/6.37 | Iter-3: 13.29/6.62 | Iter-4: 13.26/6.6 | 
{0.0: 2075, 1.0: 193, -1.0: 156}
Iter-0: 12.84/6.46 | Iter-1: 13.44/7.11 | Iter-2: 13.08/6.28 | Iter-3: 14.21/7.31 | Iter-4: 13.73/7.25 | 
prob_mse: 0.204435863586, running time: 98.9080619812
10.0 ~~~~~~~~~~~~~~~~~~~~~~~~~~~~~~~~~~~~~~~~~~~~~~~~~~~~~~~~~~~~~~~`
dataset: facebook method: Adv-CSL, #attack_edge:10000,T:10,test_ratio: 0.3,gamma:0.0
/network/rit/lab/ceashpc/adil/data/adv_csl/Jan2/random_noise/facebook/facebook-attackedges-10000-T-10-testratio-0.3-swap_ratio-0.01-gamma-0.0-realization-4-data-X.pkl
#Rule:372936 Nodes:8078 Edges:372936
0 Creating 10 consumers
{0.0: 2257, 1.0: 109, -1.0: 58}

{0.0: 2240, 1.0: 117, -1.0: 67}

{0.0: 2227, 1.0: 124, -1.0: 73}

{0.0: 2204, 1.0: 132, -1.0: 88}

{0.0: 2177, 1.0: 146, -1.0: 101}

{0.0: 2152, 1.0: 164, -1.0: 108}

{0.0: 2117, 1.0: 177, -1.0: 130}

{0.0: 2097, 1.0: 183, -1.0: 144}

{0.0: 2081, 1.0: 190, -1.0: 153}

{0.0: 2058, 1.0: 203, -1.0: 163}

1 Creating 10 consumers
{0.0: 2177, 1.0: 146, -1.0: 101}

{0.0: 2204, 1.0: 132, -1.0: 88}

{0.0: 2152, 1.0: 164, -1.0: 108}

{0.0: 2117, 1.0: 177, -1.0: 130}

{0.0: 2257, 1.0: 109, -1.0: 58}
Iter-0: 9.85/3.47 | Iter-1: 11.86/5.55 | Iter-2: 10.72/4.21 | 
{0.0: 2240, 1.0: 117, -1.0: 67}
Iter-0: 9.76/3.44 | Iter-1: 11.81/5.51 | Iter-2: 10.69/4.2 | 
{0.0: 2227, 1.0: 124, -1.0: 73}
Iter-0: 9.74/3.43 | Iter-1: 11.79/5.51 | Iter-2: 10.66/4.19 | 
{0.0: 2097, 1.0: 183, -1.0: 144}
Iter-0: 9.73/3.41 | Iter-1: 11.69/5.41 | Iter-2: 10.65/4.16 | 
{0.0: 2081, 1.0: 190, -1.0: 153}
Iter-0: 9.71/3.41 | Iter-1: 11.67/5.39 | Iter-2: 10.65/4.15 | 
{0.0: 2058, 1.0: 203, -1.0: 163}
Iter-0: 9.74/3.42 | Iter-1: 11.69/5.38 | Iter-2: 10.71/4.17 | 
prob_mse: 0.0901924367437, running time: 72.035943985
11.0 ~~~~~~~~~~~~~~~~~~~~~~~~~~~~~~~~~~~~~~~~~~~~~~~~~~~~~~~~~~~~~~~`
dataset: facebook method: Adv-CSL, #attack_edge:10000,T:10,test_ratio: 0.3,gamma:0.01
/network/rit/lab/ceashpc/adil/data/adv_csl/Jan2/random_noise/facebook/facebook-attackedges-10000-T-10-testratio-0.3-swap_ratio-0.01-gamma-0.01-realization-4-data-X.pkl
#Rule:372936 Nodes:8078 Edges:372936
0 Creating 10 consumers
{0.0: 2227, 1.0: 124, -1.0: 73}

{0.0: 2257, 1.0: 109, -1.0: 58}

{0.0: 2204, 1.0: 132, -1.0: 88}

{0.0: 2240, 1.0: 117, -1.0: 67}

{0.0: 2152, 1.0: 164, -1.0: 108}

{0.0: 2177, 1.0: 146, -1.0: 101}

{0.0: 2097, 1.0: 183, -1.0: 144}

{0.0: 2117, 1.0: 177, -1.0: 130}

{0.0: 2081, 1.0: 190, -1.0: 153}

{0.0: 2058, 1.0: 203, -1.0: 163}

1 Creating 10 consumers
{0.0: 2204, 1.0: 132, -1.0: 88}

{0.0: 2177, 1.0: 146, -1.0: 101}

{0.0: 2152, 1.0: 164, -1.0: 108}

{0.0: 2117, 1.0: 177, -1.0: 130}

{0.0: 2257, 1.0: 109, -1.0: 58}
Iter-0: 13.23/6.93 | Iter-1: 12.85/6.23 | Iter-2: 12.48/6.04 | Iter-3: 12.54/5.9 | Iter-4: 12.64/5.92 | 
{0.0: 2227, 1.0: 124, -1.0: 73}
Iter-0: 13.56/6.83 | Iter-1: 12.65/6.14 | Iter-2: 12.96/6.01 | Iter-3: 12.41/5.84 | Iter-4: 12.38/5.83 | 
{0.0: 2240, 1.0: 117, -1.0: 67}
Iter-0: 13.49/6.84 | Iter-1: 12.7/6.18 | Iter-2: 12.69/5.99 | Iter-3: 12.48/5.86 | Iter-4: 13.33/6.51 | 
{0.0: 2081, 1.0: 190, -1.0: 153}
Iter-0: 12.93/6.55 | Iter-1: 12.48/5.97 | Iter-2: 12.9/5.82 | Iter-3: 12.0/5.69 | Iter-4: 11.98/5.69 | 
{0.0: 2097, 1.0: 183, -1.0: 144}
Iter-0: 13.21/6.56 | Iter-1: 12.54/6.01 | Iter-2: 12.62/5.82 | Iter-3: 12.25/5.72 | Iter-4: 12.27/5.71 | 
{0.0: 2058, 1.0: 203, -1.0: 163}
Iter-0: 13.1/6.48 | Iter-1: 12.48/5.95 | Iter-2: 12.43/5.76 | Iter-3: 12.34/5.67 | Iter-4: 12.32/5.66 | 
prob_mse: 0.186833113311, running time: 95.3557648659
12.0 ~~~~~~~~~~~~~~~~~~~~~~~~~~~~~~~~~~~~~~~~~~~~~~~~~~~~~~~~~~~~~~~`
dataset: facebook method: Adv-CSL, #attack_edge:10000,T:10,test_ratio: 0.3,gamma:0.03
/network/rit/lab/ceashpc/adil/data/adv_csl/Jan2/random_noise/facebook/facebook-attackedges-10000-T-10-testratio-0.3-swap_ratio-0.01-gamma-0.03-realization-4-data-X.pkl
#Rule:372936 Nodes:8078 Edges:372936
0 Creating 10 consumers
{0.0: 2257, 1.0: 109, -1.0: 58}

{0.0: 2240, 1.0: 117, -1.0: 67}

{0.0: 2227, 1.0: 124, -1.0: 73}

{0.0: 2177, 1.0: 146, -1.0: 101}

{0.0: 2204, 1.0: 132, -1.0: 88}

{0.0: 2152, 1.0: 164, -1.0: 108}

{0.0: 2117, 1.0: 177, -1.0: 130}

{0.0: 2097, 1.0: 183, -1.0: 144}

{0.0: 2081, 1.0: 190, -1.0: 153}

{0.0: 2058, 1.0: 203, -1.0: 163}

1 Creating 10 consumers
{0.0: 2204, 1.0: 132, -1.0: 88}

{0.0: 2177, 1.0: 146, -1.0: 101}

{0.0: 2152, 1.0: 164, -1.0: 108}

{0.0: 2117, 1.0: 177, -1.0: 130}

{0.0: 2240, 1.0: 117, -1.0: 67}
Iter-0: 13.2/6.86 | Iter-1: 13.35/6.52 | Iter-2: 13.1/6.28 | Iter-3: 12.8/6.07 | Iter-4: 12.87/6.08 | 
{0.0: 2227, 1.0: 124, -1.0: 73}
Iter-0: 13.08/6.8 | Iter-1: 13.31/6.47 | Iter-2: 13.05/6.25 | Iter-3: 12.82/6.05 | Iter-4: 12.87/6.06 | 
{0.0: 2257, 1.0: 109, -1.0: 58}
Iter-0: 13.23/6.91 | Iter-1: 13.29/6.49 | Iter-2: 13.41/6.96 | Iter-3: 13.17/6.72 | Iter-4: 13.19/6.73 | 
{0.0: 2058, 1.0: 203, -1.0: 163}
Iter-0: 12.81/6.48 | Iter-1: 12.53/6.23 | Iter-2: 12.24/5.96 | Iter-3: 12.12/5.83 | Iter-4: 12.14/5.82 | 
{0.0: 2097, 1.0: 183, -1.0: 144}
Iter-0: 13.18/6.61 | Iter-1: 12.92/6.41 | Iter-2: 12.54/6.07 | Iter-3: 12.4/5.92 | Iter-4: 12.43/5.94 | 
{0.0: 2081, 1.0: 190, -1.0: 153}
Iter-0: 12.93/6.52 | Iter-1: 13.06/6.3 | Iter-2: 12.79/6.04 | Iter-3: 12.61/5.88 | Iter-4: 12.64/5.89 | 
prob_mse: 0.18669559956, running time: 95.64290905
13.0 ~~~~~~~~~~~~~~~~~~~~~~~~~~~~~~~~~~~~~~~~~~~~~~~~~~~~~~~~~~~~~~~`
dataset: facebook method: Adv-CSL, #attack_edge:10000,T:10,test_ratio: 0.3,gamma:0.05
/network/rit/lab/ceashpc/adil/data/adv_csl/Jan2/random_noise/facebook/facebook-attackedges-10000-T-10-testratio-0.3-swap_ratio-0.01-gamma-0.05-realization-4-data-X.pkl
#Rule:372936 Nodes:8078 Edges:372936
0 Creating 10 consumers
{0.0: 2216, 1.0: 137, -1.0: 71}

{0.0: 2234, 1.0: 121, -1.0: 69}

{0.0: 2190, 1.0: 148, -1.0: 86}

{0.0: 2256, 1.0: 109, -1.0: 59}

{0.0: 2165, 1.0: 159, -1.0: 100}

{0.0: 2144, 1.0: 172, -1.0: 108}

{0.0: 2121, 1.0: 186, -1.0: 117}

{0.0: 2102, 1.0: 193, -1.0: 129}

{0.0: 2097, 1.0: 196, -1.0: 131}

{0.0: 2073, 1.0: 212, -1.0: 139}

1 Creating 10 consumers
{0.0: 2216, 1.0: 137, -1.0: 71}

{0.0: 2190, 1.0: 148, -1.0: 86}

{0.0: 2165, 1.0: 159, -1.0: 100}

{0.0: 2144, 1.0: 172, -1.0: 108}

{0.0: 2256, 1.0: 109, -1.0: 59}
Iter-0: 13.32/6.83 | Iter-1: 13.35/6.77 | Iter-2: 12.96/6.48 | Iter-3: 12.77/6.34 | Iter-4: 12.81/6.35 | 
{0.0: 2234, 1.0: 121, -1.0: 69}
Iter-0: 13.11/6.7 | Iter-1: 13.07/6.65 | Iter-2: 12.78/6.35 | Iter-3: 12.78/6.23 | Iter-4: 13.15/6.27 | 
{0.0: 2102, 1.0: 193, -1.0: 129}
Iter-0: 12.98/6.45 | Iter-1: 12.93/6.47 | Iter-2: 12.48/6.05 | Iter-3: 12.62/6.04 | Iter-4: 12.87/6.11 | 
{0.0: 2097, 1.0: 196, -1.0: 131}
Iter-0: 12.99/6.35 | Iter-1: 13.31/6.43 | Iter-2: 12.86/6.01 | Iter-3: 12.9/6.02 | Iter-4: 12.63/6.05 | 
{0.0: 2121, 1.0: 186, -1.0: 117}
Iter-0: 14.09/7.27 | Iter-1: 13.94/7.26 | Iter-2: 12.73/6.18 | Iter-3: 12.53/6.15 | Iter-4: 12.56/6.18 | 
{0.0: 2073, 1.0: 212, -1.0: 139}
Iter-0: 12.99/6.33 | Iter-1: 13.0/6.4 | Iter-2: 12.52/5.96 | Iter-3: 12.76/5.99 | Iter-4: 13.41/6.61 | 
prob_mse: 0.189206215622, running time: 96.0691599846
14.0 ~~~~~~~~~~~~~~~~~~~~~~~~~~~~~~~~~~~~~~~~~~~~~~~~~~~~~~~~~~~~~~~`
dataset: facebook method: Adv-CSL, #attack_edge:10000,T:10,test_ratio: 0.3,gamma:0.07
/network/rit/lab/ceashpc/adil/data/adv_csl/Jan2/random_noise/facebook/facebook-attackedges-10000-T-10-testratio-0.3-swap_ratio-0.01-gamma-0.07-realization-4-data-X.pkl
#Rule:372936 Nodes:8078 Edges:372936
0 Creating 10 consumers
{0.0: 2256, 1.0: 109, -1.0: 59}

{0.0: 2234, 1.0: 121, -1.0: 69}

{0.0: 2216, 1.0: 137, -1.0: 71}

{0.0: 2190, 1.0: 148, -1.0: 86}

{0.0: 2165, 1.0: 159, -1.0: 100}

{0.0: 2144, 1.0: 172, -1.0: 108}

{0.0: 2121, 1.0: 186, -1.0: 117}

{0.0: 2102, 1.0: 193, -1.0: 129}

{0.0: 2097, 1.0: 196, -1.0: 131}

{0.0: 2073, 1.0: 212, -1.0: 139}

1 Creating 10 consumers
{0.0: 2216, 1.0: 137, -1.0: 71}

{0.0: 2190, 1.0: 148, -1.0: 86}

{0.0: 2144, 1.0: 172, -1.0: 108}

{0.0: 2165, 1.0: 159, -1.0: 100}

{0.0: 2234, 1.0: 121, -1.0: 69}
Iter-0: 13.28/6.73 | Iter-1: 13.81/6.75 | Iter-2: 12.91/6.5 | Iter-3: 12.67/6.31 | Iter-4: 13.06/6.59 | 
{0.0: 2256, 1.0: 109, -1.0: 59}
Iter-0: 13.78/6.83 | Iter-1: 13.57/6.89 | Iter-2: 13.3/6.6 | Iter-3: 13.1/6.43 | Iter-4: 13.18/6.47 | 
{0.0: 2102, 1.0: 193, -1.0: 129}
Iter-0: 12.99/6.39 | Iter-1: 12.89/6.53 | Iter-2: 12.47/6.19 | Iter-3: 12.61/6.12 | Iter-4: 12.88/6.2 | 
{0.0: 2097, 1.0: 196, -1.0: 131}
Iter-0: 13.43/6.38 | Iter-1: 13.27/6.52 | Iter-2: 12.83/6.12 | Iter-3: 12.64/6.14 | Iter-4: 12.66/6.2 | 
{0.0: 2121, 1.0: 186, -1.0: 117}
Iter-0: 13.27/6.48 | Iter-1: 13.79/7.32 | Iter-2: 13.11/6.27 | Iter-3: 13.05/6.25 | Iter-4: 13.14/6.33 | 
{0.0: 2073, 1.0: 212, -1.0: 139}
Iter-0: 13.32/6.33 | Iter-1: 13.18/6.48 | Iter-2: 12.73/6.1 | Iter-3: 12.74/6.11 | Iter-4: 12.9/6.26 | 
prob_mse: 0.189103080308, running time: 98.2250699997
15.0 ~~~~~~~~~~~~~~~~~~~~~~~~~~~~~~~~~~~~~~~~~~~~~~~~~~~~~~~~~~~~~~~`
dataset: facebook method: Adv-CSL, #attack_edge:10000,T:10,test_ratio: 0.3,gamma:0.09
/network/rit/lab/ceashpc/adil/data/adv_csl/Jan2/random_noise/facebook/facebook-attackedges-10000-T-10-testratio-0.3-swap_ratio-0.01-gamma-0.09-realization-4-data-X.pkl
#Rule:372936 Nodes:8078 Edges:372936
0 Creating 10 consumers
{0.0: 2234, 1.0: 121, -1.0: 69}

{0.0: 2216, 1.0: 137, -1.0: 71}

{0.0: 2256, 1.0: 109, -1.0: 59}

{0.0: 2190, 1.0: 148, -1.0: 86}

{0.0: 2165, 1.0: 159, -1.0: 100}

{0.0: 2144, 1.0: 172, -1.0: 108}

{0.0: 2121, 1.0: 186, -1.0: 117}

{0.0: 2097, 1.0: 196, -1.0: 131}

{0.0: 2102, 1.0: 193, -1.0: 129}

{0.0: 2073, 1.0: 212, -1.0: 139}

1 Creating 10 consumers
{0.0: 2216, 1.0: 137, -1.0: 71}

{0.0: 2165, 1.0: 159, -1.0: 100}

{0.0: 2190, 1.0: 148, -1.0: 86}

{0.0: 2144, 1.0: 172, -1.0: 108}

{0.0: 2234, 1.0: 121, -1.0: 69}
Iter-0: 13.2/6.72 | Iter-1: 13.35/6.83 | Iter-2: 13.05/6.57 | Iter-3: 12.91/6.45 | Iter-4: 12.93/6.49 | 
{0.0: 2256, 1.0: 109, -1.0: 59}
Iter-0: 13.26/6.78 | Iter-1: 13.67/6.83 | Iter-2: 14.0/7.37 | Iter-3: 14.01/7.12 | Iter-4: 13.61/6.6 | 
{0.0: 2073, 1.0: 212, -1.0: 139}
Iter-0: 13.03/6.37 | Iter-1: 13.09/6.56 | Iter-2: 12.7/6.16 | Iter-3: 12.67/6.18 | Iter-4: 12.94/6.24 | 
{0.0: 2097, 1.0: 196, -1.0: 131}
Iter-0: 13.01/6.36 | Iter-1: 13.65/6.61 | Iter-2: 13.11/6.23 | Iter-3: 13.11/6.24 | Iter-4: 12.78/6.28 | 
{0.0: 2121, 1.0: 186, -1.0: 117}
Iter-0: 13.69/6.52 | Iter-1: 13.63/6.7 | Iter-2: 13.02/6.36 | Iter-3: 13.3/6.32 | Iter-4: 13.35/6.38 | 
{0.0: 2102, 1.0: 193, -1.0: 129}
Iter-0: 13.39/6.45 | Iter-1: 13.55/6.65 | Iter-2: 13.18/6.28 | Iter-3: 13.02/6.26 | Iter-4: 13.71/6.98 | 
prob_mse: 0.188484185919, running time: 97.8111281395
16.0 ~~~~~~~~~~~~~~~~~~~~~~~~~~~~~~~~~~~~~~~~~~~~~~~~~~~~~~~~~~~~~~~`
dataset: facebook method: Adv-CSL, #attack_edge:10000,T:10,test_ratio: 0.3,gamma:0.2
/network/rit/lab/ceashpc/adil/data/adv_csl/Jan2/random_noise/facebook/facebook-attackedges-10000-T-10-testratio-0.3-swap_ratio-0.01-gamma-0.2-realization-4-data-X.pkl
#Rule:372936 Nodes:8078 Edges:372936
0 Creating 10 consumers
{0.0: 2256, 1.0: 109, -1.0: 59}

{0.0: 2234, 1.0: 121, -1.0: 69}

{0.0: 2216, 1.0: 137, -1.0: 71}

{0.0: 2190, 1.0: 148, -1.0: 86}

{0.0: 2165, 1.0: 159, -1.0: 100}

{0.0: 2121, 1.0: 186, -1.0: 117}

{0.0: 2144, 1.0: 172, -1.0: 108}

{0.0: 2102, 1.0: 193, -1.0: 129}

{0.0: 2097, 1.0: 196, -1.0: 131}

{0.0: 2073, 1.0: 212, -1.0: 139}

1 Creating 10 consumers
{0.0: 2216, 1.0: 137, -1.0: 71}

{0.0: 2190, 1.0: 148, -1.0: 86}

{0.0: 2165, 1.0: 159, -1.0: 100}

{0.0: 2144, 1.0: 172, -1.0: 108}

{0.0: 2256, 1.0: 109, -1.0: 59}
Iter-0: 13.31/6.83 | Iter-1: 13.66/7.13 | Iter-2: 13.21/6.79 | Iter-3: 13.23/6.82 | Iter-4: 13.29/6.84 | 
{0.0: 2234, 1.0: 121, -1.0: 69}
Iter-0: 13.23/6.78 | Iter-1: 14.19/7.14 | Iter-2: 13.67/6.75 | Iter-3: 13.65/6.78 | Iter-4: 13.71/6.83 | 
{0.0: 2102, 1.0: 193, -1.0: 129}
Iter-0: 13.07/6.43 | Iter-1: 13.24/6.74 | Iter-2: 12.77/6.33 | Iter-3: 12.9/6.45 | Iter-4: 13.64/6.75 | 
{0.0: 2097, 1.0: 196, -1.0: 131}
Iter-0: 12.93/6.41 | Iter-1: 13.43/6.76 | Iter-2: 13.1/6.35 | Iter-3: 12.97/6.45 | Iter-4: 12.98/6.5 | 
{0.0: 2121, 1.0: 186, -1.0: 117}
Iter-0: 14.51/7.33 | Iter-1: 13.7/7.08 | Iter-2: 13.1/6.5 | Iter-3: 13.31/6.75 | Iter-4: 13.32/6.7 | 
{0.0: 2073, 1.0: 212, -1.0: 139}
Iter-0: 12.95/6.39 | Iter-1: 13.7/6.79 | Iter-2: 13.27/6.33 | Iter-3: 13.35/6.47 | Iter-4: 13.43/6.52 | 
prob_mse: 0.185493179318, running time: 98.4042811394
17.0 ~~~~~~~~~~~~~~~~~~~~~~~~~~~~~~~~~~~~~~~~~~~~~~~~~~~~~~~~~~~~~~~`
dataset: facebook method: Adv-CSL, #attack_edge:10000,T:10,test_ratio: 0.3,gamma:0.3
/network/rit/lab/ceashpc/adil/data/adv_csl/Jan2/random_noise/facebook/facebook-attackedges-10000-T-10-testratio-0.3-swap_ratio-0.01-gamma-0.3-realization-4-data-X.pkl
#Rule:372936 Nodes:8078 Edges:372936
0 Creating 10 consumers
{0.0: 2236, 1.0: 122, -1.0: 66}

{0.0: 2212, 1.0: 128, -1.0: 84}

{0.0: 2178, 1.0: 148, -1.0: 98}

{0.0: 2201, 1.0: 139, -1.0: 84}

{0.0: 2154, 1.0: 159, -1.0: 111}

{0.0: 2138, 1.0: 171, -1.0: 115}

{0.0: 2108, 1.0: 188, -1.0: 128}

{0.0: 2125, 1.0: 180, -1.0: 119}

{0.0: 2085, 1.0: 194, -1.0: 145}

{0.0: 2075, 1.0: 193, -1.0: 156}

1 Creating 10 consumers
{0.0: 2138, 1.0: 171, -1.0: 115}

{0.0: 2125, 1.0: 180, -1.0: 119}

{0.0: 2212, 1.0: 128, -1.0: 84}
Iter-0: 13.13/6.85 | Iter-1: 13.83/7.24 | Iter-2: 13.29/6.73 | Iter-3: 13.58/6.82 | Iter-4: 13.58/6.81 | 
{0.0: 2201, 1.0: 139, -1.0: 84}
Iter-0: 13.21/6.86 | Iter-1: 14.32/7.25 | Iter-2: 13.46/6.71 | Iter-3: 13.51/6.79 | Iter-4: 13.61/6.8 | 
{0.0: 2178, 1.0: 148, -1.0: 98}
Iter-0: 13.42/6.81 | Iter-1: 14.05/7.18 | Iter-2: 13.2/6.67 | Iter-3: 13.22/6.7 | Iter-4: 13.25/6.7 | 
{0.0: 2154, 1.0: 159, -1.0: 111}
Iter-0: 13.31/6.73 | Iter-1: 14.01/7.12 | Iter-2: 13.07/6.57 | Iter-3: 13.48/6.71 | Iter-4: 13.05/6.68 | 
{0.0: 2108, 1.0: 188, -1.0: 128}
Iter-0: 12.96/6.57 | Iter-1: 13.53/6.99 | Iter-2: 12.77/6.42 | Iter-3: 12.88/6.53 | Iter-4: 13.47/6.57 | 
{0.0: 2085, 1.0: 194, -1.0: 145}
Iter-0: 12.9/6.52 | Iter-1: 14.01/6.99 | Iter-2: 13.07/6.45 | Iter-3: 12.82/6.47 | Iter-4: 12.88/6.51 | 
{0.0: 2075, 1.0: 193, -1.0: 156}
Iter-0: 13.05/6.52 | Iter-1: 13.49/6.94 | Iter-2: 12.79/6.38 | Iter-3: 13.18/6.51 | Iter-4: 12.98/6.53 | 
{0.0: 2236, 1.0: 122, -1.0: 66}
Iter-0: 14.57/7.77 | Iter-1: 15.11/8.1 | Iter-2: 14.33/7.53 | Iter-3: 14.22/7.57 | Iter-4: 13.23/6.78 | 
prob_mse: 0.212205390539, running time: 99.2863931656
18.0 ~~~~~~~~~~~~~~~~~~~~~~~~~~~~~~~~~~~~~~~~~~~~~~~~~~~~~~~~~~~~~~~`
dataset: facebook method: Adv-CSL, #attack_edge:10000,T:10,test_ratio: 0.3,gamma:0.4
/network/rit/lab/ceashpc/adil/data/adv_csl/Jan2/random_noise/facebook/facebook-attackedges-10000-T-10-testratio-0.3-swap_ratio-0.01-gamma-0.4-realization-4-data-X.pkl
#Rule:372936 Nodes:8078 Edges:372936
0 Creating 10 consumers
{0.0: 2236, 1.0: 122, -1.0: 66}

{0.0: 2201, 1.0: 139, -1.0: 84}

{0.0: 2212, 1.0: 128, -1.0: 84}

{0.0: 2178, 1.0: 148, -1.0: 98}

{0.0: 2154, 1.0: 159, -1.0: 111}

{0.0: 2138, 1.0: 171, -1.0: 115}

{0.0: 2125, 1.0: 180, -1.0: 119}

{0.0: 2108, 1.0: 188, -1.0: 128}

{0.0: 2085, 1.0: 194, -1.0: 145}

{0.0: 2075, 1.0: 193, -1.0: 156}

1 Creating 10 consumers
{0.0: 2125, 1.0: 180, -1.0: 119}

{0.0: 2138, 1.0: 171, -1.0: 115}

{0.0: 2236, 1.0: 122, -1.0: 66}
Iter-0: 13.27/6.99 | Iter-1: 14.38/7.62 | Iter-2: 13.27/6.81 | Iter-3: 13.3/6.96 | Iter-4: 13.24/6.9 | 
{0.0: 2201, 1.0: 139, -1.0: 84}
Iter-0: 13.19/6.9 | Iter-1: 13.77/7.43 | Iter-2: 13.05/6.72 | Iter-3: 13.24/6.89 | Iter-4: 13.24/6.86 | 
{0.0: 2178, 1.0: 148, -1.0: 98}
Iter-0: 13.09/6.79 | Iter-1: 13.69/7.35 | Iter-2: 13.17/6.64 | Iter-3: 13.2/6.84 | Iter-4: 13.2/6.82 | 
{0.0: 2154, 1.0: 159, -1.0: 111}
Iter-0: 13.11/6.77 | Iter-1: 13.6/7.27 | Iter-2: 12.91/6.56 | Iter-3: 13.52/6.73 | Iter-4: 13.39/6.72 | 
{0.0: 2212, 1.0: 128, -1.0: 84}
Iter-0: 13.49/6.94 | Iter-1: 14.07/7.49 | Iter-2: 13.27/6.78 | Iter-3: 13.51/6.94 | Iter-4: 13.49/6.89 | 
{0.0: 2085, 1.0: 194, -1.0: 145}
Iter-0: 12.91/6.57 | Iter-1: 13.43/7.11 | Iter-2: 12.68/6.39 | Iter-3: 13.24/6.56 | Iter-4: 13.49/6.62 | 
{0.0: 2108, 1.0: 188, -1.0: 128}
Iter-0: 12.86/6.55 | Iter-1: 13.93/7.16 | Iter-2: 13.2/6.44 | Iter-3: 13.4/6.6 | Iter-4: 13.43/6.61 | 
{0.0: 2075, 1.0: 193, -1.0: 156}
Iter-0: 13.21/6.52 | Iter-1: 13.76/7.1 | Iter-2: 13.06/6.38 | Iter-3: 13.07/6.56 | Iter-4: 13.12/6.62 | 
prob_mse: 0.207701815182, running time: 99.1897680759
19.0 ~~~~~~~~~~~~~~~~~~~~~~~~~~~~~~~~~~~~~~~~~~~~~~~~~~~~~~~~~~~~~~~`
dataset: facebook method: Adv-CSL, #attack_edge:10000,T:10,test_ratio: 0.3,gamma:0.5
/network/rit/lab/ceashpc/adil/data/adv_csl/Jan2/random_noise/facebook/facebook-attackedges-10000-T-10-testratio-0.3-swap_ratio-0.01-gamma-0.5-realization-4-data-X.pkl
#Rule:372936 Nodes:8078 Edges:372936
0 Creating 10 consumers
{0.0: 2236, 1.0: 122, -1.0: 66}

{0.0: 2201, 1.0: 139, -1.0: 84}

{0.0: 2212, 1.0: 128, -1.0: 84}

{0.0: 2178, 1.0: 148, -1.0: 98}

{0.0: 2154, 1.0: 159, -1.0: 111}

{0.0: 2138, 1.0: 171, -1.0: 115}

{0.0: 2125, 1.0: 180, -1.0: 119}

{0.0: 2108, 1.0: 188, -1.0: 128}

{0.0: 2085, 1.0: 194, -1.0: 145}

{0.0: 2075, 1.0: 193, -1.0: 156}

1 Creating 10 consumers
{0.0: 2138, 1.0: 171, -1.0: 115}

{0.0: 2125, 1.0: 180, -1.0: 119}

{0.0: 2178, 1.0: 148, -1.0: 98}
Iter-0: 13.2/6.79 | Iter-1: 14.05/7.42 | Iter-2: 13.0/6.58 | Iter-3: 13.23/6.8 | Iter-4: 13.16/6.75 | 
{0.0: 2201, 1.0: 139, -1.0: 84}
Iter-0: 13.17/6.83 | Iter-1: 14.0/7.46 | Iter-2: 12.99/6.64 | Iter-3: 13.61/6.89 | Iter-4: 13.63/6.82 | 
{0.0: 2236, 1.0: 122, -1.0: 66}
Iter-0: 13.58/6.99 | Iter-1: 14.39/7.62 | Iter-2: 13.37/6.79 | Iter-3: 13.59/7.0 | Iter-4: 13.57/6.95 | 
{0.0: 2212, 1.0: 128, -1.0: 84}
Iter-0: 13.19/6.88 | Iter-1: 14.57/7.54 | Iter-2: 13.49/6.71 | Iter-3: 13.71/6.92 | Iter-4: 13.65/6.9 | 
{0.0: 2085, 1.0: 194, -1.0: 145}
Iter-0: 12.78/6.49 | Iter-1: 13.69/7.19 | Iter-2: 12.64/6.35 | Iter-3: 12.9/6.59 | Iter-4: 13.03/6.55 | 
{0.0: 2154, 1.0: 159, -1.0: 111}
Iter-0: 13.41/6.74 | Iter-1: 14.24/7.39 | Iter-2: 13.0/6.55 | Iter-3: 13.23/6.77 | Iter-4: 13.37/6.76 | 
{0.0: 2075, 1.0: 193, -1.0: 156}
Iter-0: 13.1/6.52 | Iter-1: 13.75/7.09 | Iter-2: 12.72/6.27 | Iter-3: 13.01/6.53 | Iter-4: 13.14/6.53 | 
{0.0: 2108, 1.0: 188, -1.0: 128}
Iter-0: 12.91/6.55 | Iter-1: 14.28/7.24 | Iter-2: 13.64/7.12 | Iter-3: 14.1/7.34 | Iter-4: 13.44/6.63 | 
prob_mse: 0.204435863586, running time: 99.8869359493
20.0 ~~~~~~~~~~~~~~~~~~~~~~~~~~~~~~~~~~~~~~~~~~~~~~~~~~~~~~~~~~~~~~~`
dataset: facebook method: Adv-CSL, #attack_edge:10000,T:10,test_ratio: 0.3,gamma:0.0
/network/rit/lab/ceashpc/adil/data/adv_csl/Jan2/random_noise/facebook/facebook-attackedges-10000-T-10-testratio-0.3-swap_ratio-0.01-gamma-0.0-realization-5-data-X.pkl
#Rule:372936 Nodes:8078 Edges:372936
0 Creating 10 consumers
{0.0: 2257, 1.0: 109, -1.0: 58}

{0.0: 2240, 1.0: 117, -1.0: 67}

{0.0: 2204, 1.0: 132, -1.0: 88}

{0.0: 2227, 1.0: 124, -1.0: 73}

{0.0: 2152, 1.0: 164, -1.0: 108}

{0.0: 2177, 1.0: 146, -1.0: 101}

{0.0: 2117, 1.0: 177, -1.0: 130}

{0.0: 2097, 1.0: 183, -1.0: 144}

{0.0: 2081, 1.0: 190, -1.0: 153}

{0.0: 2058, 1.0: 203, -1.0: 163}

1 Creating 10 consumers
{0.0: 2204, 1.0: 132, -1.0: 88}

{0.0: 2177, 1.0: 146, -1.0: 101}

{0.0: 2152, 1.0: 164, -1.0: 108}

{0.0: 2117, 1.0: 177, -1.0: 130}

{0.0: 2257, 1.0: 109, -1.0: 58}
Iter-0: 9.79/3.47 | Iter-1: 11.85/5.55 | Iter-2: 10.73/4.22 | 
{0.0: 2240, 1.0: 117, -1.0: 67}
Iter-0: 9.81/3.45 | Iter-1: 11.9/5.55 | Iter-2: 10.74/4.22 | 
{0.0: 2227, 1.0: 124, -1.0: 73}
Iter-0: 9.78/3.43 | Iter-1: 11.81/5.5 | Iter-2: 10.7/4.19 | 
{0.0: 2097, 1.0: 183, -1.0: 144}
Iter-0: 9.75/3.42 | Iter-1: 11.67/5.39 | Iter-2: 10.62/4.16 | 
{0.0: 2081, 1.0: 190, -1.0: 153}
Iter-0: 9.79/3.44 | Iter-1: 11.73/5.4 | Iter-2: 11.24/4.17 | 
{0.0: 2058, 1.0: 203, -1.0: 163}
Iter-0: 9.84/3.42 | Iter-1: 11.79/5.37 | Iter-2: 10.78/4.16 | 
prob_mse: 0.0901924367437, running time: 73.7751441002
21.0 ~~~~~~~~~~~~~~~~~~~~~~~~~~~~~~~~~~~~~~~~~~~~~~~~~~~~~~~~~~~~~~~`
dataset: facebook method: Adv-CSL, #attack_edge:10000,T:10,test_ratio: 0.3,gamma:0.01
/network/rit/lab/ceashpc/adil/data/adv_csl/Jan2/random_noise/facebook/facebook-attackedges-10000-T-10-testratio-0.3-swap_ratio-0.01-gamma-0.01-realization-5-data-X.pkl
#Rule:372936 Nodes:8078 Edges:372936
0 Creating 10 consumers
{0.0: 2257, 1.0: 109, -1.0: 58}

{0.0: 2240, 1.0: 117, -1.0: 67}

{0.0: 2227, 1.0: 124, -1.0: 73}

{0.0: 2177, 1.0: 146, -1.0: 101}

{0.0: 2204, 1.0: 132, -1.0: 88}

{0.0: 2152, 1.0: 164, -1.0: 108}

{0.0: 2097, 1.0: 183, -1.0: 144}

{0.0: 2117, 1.0: 177, -1.0: 130}

{0.0: 2081, 1.0: 190, -1.0: 153}

{0.0: 2058, 1.0: 203, -1.0: 163}

1 Creating 10 consumers
{0.0: 2204, 1.0: 132, -1.0: 88}

{0.0: 2177, 1.0: 146, -1.0: 101}

{0.0: 2152, 1.0: 164, -1.0: 108}

{0.0: 2117, 1.0: 177, -1.0: 130}

{0.0: 2240, 1.0: 117, -1.0: 67}
Iter-0: 13.18/6.8 | Iter-1: 12.55/6.15 | Iter-2: 12.63/5.98 | Iter-3: 12.62/5.87 | Iter-4: 12.61/5.91 | 
{0.0: 2227, 1.0: 124, -1.0: 73}
Iter-0: 13.71/6.85 | Iter-1: 13.08/6.16 | Iter-2: 12.88/6.01 | Iter-3: 12.69/5.86 | Iter-4: 12.75/5.87 | 
{0.0: 2097, 1.0: 183, -1.0: 144}
Iter-0: 13.05/6.63 | Iter-1: 12.35/6.02 | Iter-2: 12.18/5.83 | Iter-3: 12.11/5.73 | Iter-4: 12.69/5.8 | 
{0.0: 2257, 1.0: 109, -1.0: 58}
Iter-0: 13.56/6.89 | Iter-1: 13.4/6.69 | Iter-2: 13.38/6.69 | Iter-3: 13.25/6.53 | Iter-4: 12.76/6.12 | 
{0.0: 2081, 1.0: 190, -1.0: 153}
Iter-0: 13.08/6.59 | Iter-1: 12.7/6.01 | Iter-2: 12.76/5.86 | Iter-3: 12.1/5.75 | Iter-4: 12.41/5.69 | 
{0.0: 2058, 1.0: 203, -1.0: 163}
Iter-0: 13.0/6.46 | Iter-1: 12.45/5.93 | Iter-2: 12.19/5.74 | Iter-3: 12.1/5.66 | Iter-4: 12.51/5.76 | 
prob_mse: 0.186833113311, running time: 94.3475139141
22.0 ~~~~~~~~~~~~~~~~~~~~~~~~~~~~~~~~~~~~~~~~~~~~~~~~~~~~~~~~~~~~~~~`
dataset: facebook method: Adv-CSL, #attack_edge:10000,T:10,test_ratio: 0.3,gamma:0.03
/network/rit/lab/ceashpc/adil/data/adv_csl/Jan2/random_noise/facebook/facebook-attackedges-10000-T-10-testratio-0.3-swap_ratio-0.01-gamma-0.03-realization-5-data-X.pkl
#Rule:372936 Nodes:8078 Edges:372936
0 Creating 10 consumers
{0.0: 2240, 1.0: 117, -1.0: 67}

{0.0: 2227, 1.0: 124, -1.0: 73}

{0.0: 2204, 1.0: 132, -1.0: 88}

{0.0: 2257, 1.0: 109, -1.0: 58}

{0.0: 2177, 1.0: 146, -1.0: 101}

{0.0: 2152, 1.0: 164, -1.0: 108}

{0.0: 2117, 1.0: 177, -1.0: 130}

{0.0: 2097, 1.0: 183, -1.0: 144}

