0.1 225 2238 0.100536193029
0.2 449 2238 0.200625558534
0.1 225 2238 0.100536193029
0.2 449 2238 0.200625558534
0.3 672 2238 0.300268096515
0.3 672 2238 0.300268096515
0.4 896 2238 0.40035746202
0.4 896 2238 0.40035746202
0.5 1120 2238 0.500446827525
0.5 1120 2238 0.500446827525
--------- reading ../data/graph_data/nodes-5000.pkl
# edges: 9288 # positives: 1857
# edges: 9288 # positives: 1857
# edges: 9288 # positives: 1857
# edges: 9288 # positives: 1857
# edges: 9288 # positives: 1857


Graph size 5000 Done.....................


>>>>>>>>>>>>>>>>>>>>>>>>>>>>>>>> remain:  9
>>>>>>>>>>>>>>>>>>>>>>>>>>>>>>>> remain:  8
>>>>>>>>>>>>>>>>>>>>>>>>>>>>>>>> remain:  7
>>>>>>>>>>>>>>>>>>>>>>>>>>>>>>>> remain:  6
>>>>>>>>>>>>>>>>>>>>>>>>>>>>>>>> remain:  5
>>>>>>>>>>>>>>>>>>>>>>>>>>>>>>>> remain:  4
>>>>>>>>>>>>>>>>>>>>>>>>>>>>>>>> remain:  3
>>>>>>>>>>>>>>>>>>>>>>>>>>>>>>>> remain:  2
>>>>>>>>>>>>>>>>>>>>>>>>>>>>>>>> remain:  1
>>>>>>>>>>>>>>>>>>>>>>>>>>>>>>>> remain:  0
0.1 225 2238 0.100536193029
0.1 225 2238 0.100536193029
0.2 449 2238 0.200625558534
0.3 672 2238 0.300268096515
0.2 449 2238 0.200625558534
0.3 672 2238 0.300268096515
0.4 896 2238 0.40035746202
0.4 896 2238 0.40035746202
0.5 1120 2238 0.500446827525
0.5 1120 2238 0.500446827525
--------- reading ../data/graph_data/nodes-5000.pkl
# edges: 9288 # positives: 1857
# edges: 9288 # positives: 1857
# edges: 9288 # positives: 1857
# edges: 9288 # positives: 1857
# edges: 9288 # positives: 1857


Graph size 5000 Done.....................


>>>>>>>>>>>>>>>>>>>>>>>>>>>>>>>> remain:  9
>>>>>>>>>>>>>>>>>>>>>>>>>>>>>>>> remain:  8
>>>>>>>>>>>>>>>>>>>>>>>>>>>>>>>> remain:  7
>>>>>>>>>>>>>>>>>>>>>>>>>>>>>>>> remain:  6
>>>>>>>>>>>>>>>>>>>>>>>>>>>>>>>> remain:  5
>>>>>>>>>>>>>>>>>>>>>>>>>>>>>>>> remain:  4
>>>>>>>>>>>>>>>>>>>>>>>>>>>>>>>> remain:  3
>>>>>>>>>>>>>>>>>>>>>>>>>>>>>>>> remain:  2
>>>>>>>>>>>>>>>>>>>>>>>>>>>>>>>> remain:  1
>>>>>>>>>>>>>>>>>>>>>>>>>>>>>>>> remain:  0
